rod
[0.8331, 0.8432, 0.7612, 0.7735, 0.7099, 0.6913, 0.7715, 0.8361, 0.8076, 0.8538, 0.8474, 0.8476, 0.8283],
[0.8292, 0.8432, 0.8186, 0.7647, 0.2999, 0.0015, 0.7576, 0.805,  0.8048, 0.8549, 0.8416, 0.8097, 0.8091],
[0.8432, 0.8411, 0.8791, 0.7807, 0.5633, 0.0015, 0.7768, 0.8179, 0.8313, 0.8446, 0.8488, 0.8434, 0.8184],
[0.8447, 0.8459, 0.8457, 0.7874, 0.5199, 0.0015, 0.7822, 0.8296, 0.844,  0.8418, 0.8329, 0.8334, 0.8384],
[0.8443, 0.8471, 0.8794, 0.793,  0.6106, 0.0015, 0.7824, 0.8305, 0.846,  0.8264, 0.8323, 0.8441, 0.8275]
500
[0.8039, 0.8348, 0.7709, 0.7659, 0.6955, 0.6913, 0.761,  0.809,  0.8021, 0.8286, 0.8261, 0.8217, 0.8257],
[0.8223, 0.8423, 0.7454, 0.7599, 0.6259, 0.6913, 0.7582, 0.8267, 0.8085, 0.8206, 0.8256, 0.7916, 0.8099],
[0.8308, 0.8404, 0.8049, 0.7763, 0.8955, 0.0015, 0.7563, 0.8232, 0.8249, 0.8444, 0.8291, 0.83,   0.8247],
[0.8459, 0.8446, 0.8439, 0.7866, 0.7219, 0.6913, 0.7846, 0.8363, 0.8475, 0.8379, 0.8413, 0.796,  0.8164],
[0.8477, 0.8446, 0.7562, 0.7918, 0.705,  0.0015, 0.7765, 0.8507, 0.8461, 0.8355, 0.8447, 0.8266, 0.8272]


LogisticRegression, MLPClassifier, SVC, MLPClassifier(activation='tanh', solver='adam', hidden_layer_sizes=(90, 90, 90))

orig 13_1_mlp_4
[0.7445, 0.7102, 0.7393, 0.4578, 0.5322, 0.3692, 0.5372, 0.7485, 0.6587, 0.7758, 0.7855, 0.7746, 0.7976],
[0.703,  0.6705, 0.7414, 0.4139, 0.6569, 0.3692, 0.4444, 0.6854, 0.5624, 0.8236, 0.813,  0.8327, 0.8326],
[0.7601, 0.6944, 0.7392, 0.4436, 0.429,  0.3692, 0.5072, 0.7673, 0.67,   0.842,  0.8395, 0.8401, 0.8409],
[0.7626, 0.7093, 0.7422, 0.4461, 0.4575, 0.3692, 0.5369, 0.785,  0.6793, 0.8517, 0.8671, 0.8785, 0.8742],
[0.7981, 0.7391, 0.7575, 0.4622, 0.7467, 0.3692, 0.562,  0.7904, 0.7372, 0.8673, 0.871,  0.7651, 0.8816]

auto 15_1_mlp_1 hidden_layer_sizes=(100,) {mlp: 16.5328}
[0.4933, 0.652,  0.7331, 0.4379, 0.6291, 0.3692, 0.4272, 0.7217, 0.553,  0.7333, 0.7422, 0.7289, 0.7239],
[0.7401, 0.7123, 0.7565, 0.4367, 0.5442, 0.3692, 0.4997, 0.7525, 0.6009, 0.8373, 0.8253, 0.8434, 0.8331],
[0.7746, 0.7513, 0.7705, 0.4552, 0.3601, 0.3692, 0.4989, 0.7938, 0.6734, 0.8512, 0.8588, 0.8677, 0.8639],
[0.7889, 0.7402, 0.7622, 0.4447, 0.6718, 0.3692, 0.5319, 0.7888, 0.6791, 0.8575, 0.8624, 0.8774, 0.866],
[0.7906, 0.7524, 0.7671, 0.4535, 0.7106, 0.3692, 0.5247, 0.7956, 0.6971, 0.856,  0.8573, 0.7731, 0.8741]
500 15_1_mlp_1_500  hidden_layer_sizes=(100,) {mlp: 16.0726}
[0.6511, 0.5935, 0.7272, 0.3981, 0.7269, 0.3692, 0.4525, 0.66,   0.5027, 0.7706, 0.7555, 0.7661, 0.7711],
[0.714,  0.7411, 0.7712, 0.4344, 0.7678, 0.3692, 0.5311, 0.772,  0.6587, 0.8117, 0.808,  0.8219, 0.8353],
[0.7542, 0.7685, 0.7667, 0.4461, 0.6901, 0.3692, 0.5817, 0.7878, 0.7251, 0.8397, 0.8288, 0.7638, 0.7506],
[0.747,  0.7648, 0.7681, 0.4431, 0.7095, 0.3692, 0.5979, 0.7984, 0.7466, 0.8464, 0.8417, 0.7662, 0.8575],
[0.7651, 0.7596, 0.7678, 0.4446, 0.7561, 0.3692, 0.6266, 0.8013, 0.7443, 0.8491, 0.8553, 0.765,  0.7683]
rand 15_1_mlp_1_500_rand hidden_layer_sizes=(100,) {mlp: 15.8587}
[0.4676, 0.4882, 0.6082, 0.4206, 0.2386, 0.3692, 0.4662, 0.5449, 0.4889, 0.7099, 0.6936, 0.687,  0.6793],
[0.7096, 0.6812, 0.7605, 0.4313, 0.7458, 0.3692, 0.4839, 0.7237, 0.5988, 0.7977, 0.8003, 0.7981, 0.7974],
[0.6632, 0.695,  0.7623, 0.4238, 0.6829, 0.3692, 0.5068, 0.7624, 0.6039, 0.8212, 0.809,  0.8224, 0.8179],
[0.7427, 0.6972, 0.7527, 0.4285, 0.5951, 0.3692, 0.512,  0.7572, 0.637,  0.8347, 0.8323, 0.829,  0.8419],
[0.7412, 0.7253, 0.7635, 0.4288, 0.7646, 0.3692, 0.5026, 0.7974, 0.6779, 0.8387, 0.8353, 0.7631, 0.8499]
gen 15_1_mlp_1_500_gen hidden_layer_sizes=(100,) {mlp: 16.3384}
[0.6857, 0.6906, 0.7561, 0.452,  0.7164, 0.3692, 0.4902, 0.737,  0.5191, 0.7824, 0.7682, 0.7398, 0.7533],
[0.7719, 0.7505, 0.7686, 0.4449, 0.1944, 0.3692, 0.581,  0.7855, 0.6044, 0.8293, 0.8395, 0.7589, 0.8473],
[0.8007, 0.7327, 0.7651, 0.4333, 0.6398, 0.3692, 0.582,  0.775,  0.6211, 0.8277, 0.853,  0.7663, 0.7681],
[0.7987, 0.7319, 0.7654, 0.4301, 0.501,  0.3692, 0.5231, 0.7874, 0.6448, 0.8489, 0.8689, 0.866,  0.8661],
[0.8007, 0.7425, 0.7676, 0.4359, 0.5853, 0.3692, 0.5614, 0.7817, 0.6942, 0.8635, 0.858,  0.7709, 0.8623]
gen2 15_1_mlp_1_500_gen hidden_layer_sizes=(100,) {mlp: 16.3268}
[0.6857, 0.6906, 0.7561, 0.452,  0.7167, 0.3692, 0.4902, 0.7415, 0.5191, 0.7832, 0.7691, 0.7398, 0.7533],
[0.7719, 0.7505, 0.7686, 0.4449, 0.3915, 0.3692, 0.581,  0.7762, 0.6044, 0.8298, 0.8385, 0.7589, 0.8473],
[0.8005, 0.7326, 0.7651, 0.4333, 0.6784, 0.3692, 0.5819, 0.7667, 0.6212, 0.8304, 0.8537, 0.7663, 0.7681],
[0.7987, 0.7319, 0.7654, 0.4301, 0.6794, 0.3692, 0.5231, 0.7775, 0.6448, 0.8433, 0.868,  0.866,  0.8662],
[0.8007, 0.7425, 0.7676, 0.4359, 0.6148, 0.3692, 0.5615, 0.797,  0.6942, 0.8626, 0.8491, 0.7709, 0.8623]
gen2 1000 {mlp: 16.9846}
[0.8097, 0.7449, 0.7669,         0.6813,                 0.7863, 0.7011, 0.852,  0.8555, 0.8675, 0.8673, 0.8561, 0.8604, 0.856],
[0.7992, 0.7504, 0.7682,         0.7609,                 0.7999, 0.7277, 0.8544, 0.8658, 0.7741, 0.8737, 0.8602, 0.8538, 0.8439],
[0.797,  0.7458, 0.7637,         0.7299,                 0.8123, 0.7223, 0.8602, 0.8661, 0.7555, 0.8791, 0.862,  0.8697, 0.8638],
[0.789,  0.7447, 0.7615,         0.6365,                 0.8081, 0.7335, 0.8564, 0.8694, 0.733,  0.8779, 0.8739, 0.8771, 0.8675],
[0.7779, 0.7358, 0.753,          0.6289,                 0.7861, 0.7367, 0.8662, 0.8698, 0.8724, 0.8683, 0.8739, 0.8749, 0.8673]
gen2 1500 {mlp: 17.347499999999997}
[                                                        0.7829,         0.8606, 0.8717, 0.8762, 0.8775, 0.8653, 0.8757, 0.8689],
[                                                        0.812,          0.8663, 0.8747, 0.8825, 0.8836, 0.8728, 0.8724, 0.8612],
[                                                        0.7935,         0.8661, 0.8758, 0.8799, 0.8829, 0.8671, 0.8756, 0.8647],
[                                                        0.81,           0.8715, 0.8707, 0.7264, 0.8811, 0.8602, 0.876,  0.8692],
[                                                        0.7885,         0.875,  0.873,  0.8814, 0.8706, 0.8777, 0.8739, 0.8766]
gen2 2000 {mlp: 17.6118}
[0.7889, 0.8813,   0.8746, 0.8776, 0.8848, 0.8845,   0.88,   0.8789, 0.88,     0.885,  0.8851, 0.8829,   0.8185, 0.8716, 0.8755,   0.7355, 0.8873, 0.8843],
[0.7931, 0.8678,   0.8729, 0.8748, 0.8907, 0.884,    0.8748, 0.8768, 0.8796,   0.8804, 0.878,  0.8772,   0.7129, 0.8775, 0.8705,   0.8838, 0.8804, 0.8652],
[0.7833, 0.8533,   0.8739, 0.8788, 0.8895, 0.8839,   0.8756, 0.8886, 0.8817,   0.8817, 0.8865, 0.8814,   0.8282, 0.8827, 0.8868,   0.8857, 0.8864, 0.8793],
[0.7961, 0.879,    0.8701, 0.8853, 0.8908, 0.8875,   0.878,  0.8758, 0.8811,   0.8781, 0.8887, 0.8808,   0.8539, 0.8727, 0.8809,   0.89,   0.8832, 0.8832],
[0.7901, 0.8784,   0.8678, 0.8751, 0.8788, 0.8864,   0.8792, 0.8823, 0.8724,   0.8881, 0.8797, 0.8899,   0.8549, 0.8792, 0.88,     0.8855, 0.8886, 0.89]
gen2 2500 {mlp: 17.732599999999998}
[0.7978,   0.6162, 0.6126,   0.8719, 0.8794, 0.8923, 0.8887],
[0.7993,   0.6257, 0.6412,   0.8758, 0.8898, 0.8932, 0.8818],
[0.7979,   0.5973, 0.601,    0.8822, 0.8865, 0.901,  0.8889],
[0.8184,   0.6226, 0.6136,   0.8806, 0.8813, 0.8966, 0.8969],
[0.7935,   0.6143, 0.5909,   0.8839, 0.8799, 0.8913, 0.8906]
gen3 3000 {mlp: 17.7581}
[0.7975,   0.8809, 0.8827, 0.8855, 0.8969],
[0.7913,   0.8814, 0.8868, 0.8892, 0.8876],
[0.8007,   0.8852, 0.8825, 0.8868, 0.8851],
[0.8002,   0.8876, 0.8773, 0.9012, 0.8989],
[0.8072,   0.8844, 0.8856, 0.8936, 0.8989]


even 1000 {mlp: 16.2513} {mlp: 16.5349}
[0.5508, 0.5257, 0.7335, 0.4114, 0.7279, 0.3692, 0.4842, 0.6716, 0.5816, 0.6985, 0.7007, 0.7113, 0.7517],
[0.6643, 0.5564, 0.7325, 0.4083, 0.7238, 0.3692, 0.5069, 0.5468, 0.6495, 0.7286, 0.7205, 0.7868, 0.7881],
[0.6626, 0.6007, 0.7416, 0.4122, 0.7495, 0.3692, 0.5464, 0.7216, 0.7023, 0.7912, 0.7851, 0.7606, 0.8139],
[0.6598, 0.6069, 0.7348, 0.4115, 0.7208, 0.3692, 0.5437, 0.7177, 0.7209, 0.8211, 0.7988, 0.8202, 0.8173],
[0.6539, 0.6074, 0.7229, 0.4134, 0.75,   0.3692, 0.5257, 0.7486, 0.7287, 0.8062, 0.7943, 0.8149, 0.8128],
[0.6549, 0.5858, 0.7084, 0.4059, 0.7037, 0.3692, 0.5553, 0.7463, 0.694,  0.8183, 0.7868, 0.7323, 0.8195],
[0.6527, 0.6006, 0.7133, 0.4052, 0.5973, 0.3692, 0.5473, 0.7704, 0.6988, 0.8031, 0.8107, 0.7383, 0.8289],
[0.6508, 0.5997, 0.7076, 0.4068, 0.7516, 0.3692, 0.568,  0.7701, 0.6914, 0.8113, 0.8013, 0.7401, 0.8168],
[0.6641, 0.6268, 0.7156, 0.4102, 0.7367, 0.3692, 0.5862, 0.7748, 0.7108, 0.8225, 0.787,  0.7266, 0.8284],
[0.6588, 0.6163, 0.7047, 0.4079, 0.6602, 0.3692, 0.5711, 0.7716, 0.7085, 0.8185, 0.8112, 0.7191, 0.8202]


auto 16_1_mlp_1 hidden_layer_sizes=(50,) {mlp: 16.1789}
[0.7107, 0.6957, 0.7307, 0.499,  0.7186, 0.3692, 0.6541, 0.7282, 0.6627, 0.7453, 0.7594, 0.7743, 0.7723],
[0.6936, 0.7378, 0.7606, 0.4656, 0.7271, 0.3692, 0.573,  0.7564, 0.6754, 0.7903, 0.7947, 0.789,  0.7892],
[0.7569, 0.7658, 0.7786, 0.4845, 0.718,  0.3692, 0.6304, 0.7973, 0.7303, 0.8237, 0.8228, 0.8367, 0.8365],
[0.7544, 0.7596, 0.7734, 0.4921, 0.2592, 0.3692, 0.6574, 0.7978, 0.7462, 0.8421, 0.8408, 0.8541, 0.8502],
[0.7545, 0.7721, 0.7758, 0.5017, 0.7507, 0.3692, 0.6255, 0.8231, 0.7862, 0.8495, 0.8523, 0.777,  0.7787]
500 16_1_mlp_1_500 hidden_layer_sizes=(50,) {mlp: 16.2436}
[0.7134, 0.6518, 0.7713, 0.4365, 0.7481, 0.3692, 0.4859, 0.7432, 0.5835, 0.7541, 0.7633, 0.7588, 0.7476],
[0.6779, 0.6721, 0.7527, 0.4365, 0.7537, 0.3692, 0.5555, 0.69,   0.6313, 0.7985, 0.8196, 0.8179, 0.8213],
[0.7588, 0.7618, 0.7712, 0.4756, 0.2635, 0.3692, 0.6431, 0.8077, 0.7382, 0.8283, 0.8384, 0.8348, 0.8403],
[0.7762, 0.7693, 0.7696, 0.4701, 0.751,  0.3692, 0.6556, 0.794,  0.7648, 0.8318, 0.8393, 0.7673, 0.8493],
[0.7844, 0.7701, 0.7657, 0.4722, 0.7089, 0.3692, 0.629,  0.8084, 0.7852, 0.8543, 0.851,  0.7737, 0.854]
rand 16_1_mlp_1_500_rand hidden_layer_sizes=(50,) {mlp: 16.4672}
[0.7011, 0.7049, 0.7588, 0.477,  0.4334, 0.3692, 0.5771, 0.7389, 0.5723, 0.7549, 0.7752, 0.7691, 0.7727],
[0.7131, 0.7292, 0.7581, 0.4712, 0.7314, 0.3692, 0.5865, 0.715,  0.659,  0.8153, 0.8022, 0.8078, 0.8173],
[0.7227, 0.731,  0.7685, 0.4629, 0.6641, 0.3692, 0.599,  0.7821, 0.6807, 0.8424, 0.8436, 0.8468, 0.8449],
[0.7732, 0.7453, 0.7695, 0.4523, 0.7339, 0.3692, 0.5748, 0.7932, 0.7067, 0.8468, 0.8454, 0.8419, 0.8456],
[0.7872, 0.7657, 0.7771, 0.454,  0.6935, 0.3692, 0.6196, 0.8138, 0.7476, 0.8468, 0.8494, 0.8536, 0.8455]
gen 16_1_mlp_1_500_gen hidden_layer_sizes=(50,) {mlp: 16.1226}
[0.6825, 0.6389, 0.7352, 0.4427, 0.7229, 0.3692, 0.5078, 0.6837, 0.5456, 0.7176, 0.7482, 0.7241, 0.7327],
[0.7621, 0.7508, 0.7682, 0.4708, 0.7405, 0.3692, 0.6419, 0.7601, 0.6399, 0.8066, 0.8137, 0.8196, 0.8144],
[0.7754, 0.7688, 0.7673, 0.4833, 0.6748, 0.3692, 0.6662, 0.7901, 0.7272, 0.8233, 0.8327, 0.7405, 0.7663],
[0.7805, 0.7731, 0.7746, 0.4866, 0.7395, 0.3692, 0.6937, 0.8067, 0.7615, 0.8615, 0.8525, 0.8512, 0.7714],
[0.7905, 0.7728, 0.7739, 0.4831, 0.7784, 0.3692, 0.6805, 0.8083, 0.7722, 0.8629, 0.8581, 0.8675, 0.8578]
gen2 16_1_mlp_1_500_gen hidden_layer_sizes=(50,) {mlp: 16.1117}
[0.6825, 0.6388, 0.7352, 0.4427, 0.7196, 0.3692, 0.508,  0.6751, 0.5456, 0.7175, 0.7483, 0.7243, 0.7327],
[0.7621, 0.7507, 0.7682, 0.4709, 0.7406, 0.3692, 0.6419, 0.7646, 0.6398, 0.8062, 0.8101, 0.8195, 0.8144],
[0.7754, 0.7688, 0.7673, 0.4833, 0.703,  0.3692, 0.6662, 0.7881, 0.7272, 0.8228, 0.8298, 0.7405, 0.7663],
[0.7805, 0.7731, 0.7746, 0.4866, 0.7633, 0.3692, 0.6937, 0.7995, 0.7615, 0.8596, 0.8515, 0.8512, 0.7714],
[0.7875, 0.7728, 0.7739, 0.4831, 0.7602, 0.3692, 0.6825, 0.8175, 0.7722, 0.8611, 0.8592, 0.8675, 0.8578]


16_1_mlp_1
a1 = [0.7453, 0.7594, 0.7743, 0.7723, 0.7903, 0.7947, 0.789,  0.7892, 0.8237, 0.8228, 0.8367, 0.8365, 0.8421, 0.8408, 0.8541, 0.8502, 0.8495, 0.8523, 0.777,  0.7787]
a2 = [0.7541, 0.7633, 0.7588, 0.7476, 0.7985, 0.8196, 0.8179, 0.8213, 0.8283, 0.8384, 0.8348, 0.8403, 0.8318, 0.8393, 0.7673, 0.8493, 0.8543, 0.851,  0.7737, 0.854]
a3 = [0.7549, 0.7752, 0.7691, 0.7727,  0.8153, 0.8022, 0.8078, 0.8173, 0.8424, 0.8436, 0.8468, 0.8449, 0.8468, 0.8454, 0.8419, 0.8456, 0.8468, 0.8494, 0.8536, 0.8455]
a4 = [0.7176, 0.7482, 0.7241, 0.7327, 0.8066, 0.8137, 0.8196, 0.8144, 0.8233, 0.8327, 0.7405, 0.7663, 0.8615, 0.8525, 0.8512, 0.7714, 0.8629, 0.8581, 0.8675, 0.8578]
a5 = [0.7175, 0.7483, 0.7243, 0.7327, 0.8062, 0.8101, 0.8195, 0.8144, 0.8228, 0.8298, 0.7405, 0.7663, 0.8596, 0.8515, 0.8512, 0.7714, 0.8611, 0.8592, 0.8675, 0.8578]

15_1_mlp_1
a1 = [0.7333, 0.7422, 0.7289, 0.7239, 0.8373, 0.8253, 0.8434, 0.8331, 0.8512, 0.8588, 0.8677, 0.8639, 0.8575, 0.8624, 0.8774, 0.866, 0.856,  0.8573, 0.7731, 0.8741]
a2 = [0.7706, 0.7555, 0.7661, 0.7711, 0.8117, 0.808,  0.8219, 0.8353, 0.8397, 0.8288, 0.7638, 0.7506, 0.8464, 0.8417, 0.7662, 0.8575, 0.8491, 0.8553, 0.765,  0.7683]
a3 = [0.7099, 0.6936, 0.687, 0.6793, 0.7977, 0.8003, 0.7981, 0.7974, 0.8212, 0.809,  0.8224, 0.8179,  0.8347, 0.8323, 0.829,  0.8419, 0.8387, 0.8353, 0.7631, 0.8499]
a4 = [0.7824, 0.7682, 0.7398, 0.7533, 0.8293, 0.8395, 0.7589, 0.8473, 0.8277, 0.853,  0.7663, 0.7681, 0.8489, 0.8689, 0.866,  0.8661, 0.8635, 0.858,  0.7709, 0.8623]
a5 = [0.7832, 0.7691, 0.7398, 0.7533, 0.8298, 0.8385, 0.7589, 0.8473, 0.8304, 0.8537, 0.7663, 0.7681, 0.8433, 0.868,  0.866,  0.8662, 0.8626, 0.8491, 0.7709, 0.8623]
a6 = [0.852,  0.8555, 0.8675, 0.8673, 0.8544, 0.8658, 0.7741, 0.8737, 0.8602, 0.8661, 0.7555, 0.8791, 0.8564, 0.8694, 0.733,  0.8779, 0.8662, 0.8698, 0.8724, 0.8683]
a7 = [0.8606, 0.8717, 0.8762, 0.8775, 0.8663, 0.8747, 0.8825, 0.8836,0.8661, 0.8758, 0.8799, 0.8829,0.8715, 0.8707, 0.7264, 0.8811,0.875,  0.873,  0.8814, 0.8706]

a8 = [0.8746, 0.8776, 0.8848, 0.8845, 0.8729, 0.8748, 0.8907, 0.884, 0.8739, 0.8788, 0.8895, 0.8839, 0.8701, 0.8853, 0.8908, 0.8875, 0.8678, 0.8751, 0.8788, 0.8864]
a9 = [0.6985, 0.7007, 0.7113, 0.7517, 0.7286, 0.7205, 0.7868, 0.7881, 0.7912, 0.7851, 0.7606, 0.8139, 0.8211, 0.7988, 0.8202, 0.8173, 0.7287, 0.8062, 0.7943, 0.8149, 0.8128]
a10 = [0.694,  0.8183, 0.7868, 0.7323, 0.8195, 0.8031, 0.8107, 0.7383, 0.8289, 0.8113, 0.8013, 0.7401, 0.8168, 0.8225, 0.787,  0.7266, 0.8284, 0.8185, 0.8112, 0.7191, 0.8202]
a11 = [0.8719, 0.8794, 0.8923, 0.8887, 0.8758, 0.8898, 0.8932, 0.8818, 0.8822, 0.8865, 0.901,  0.8889, 0.8806, 0.8813, 0.8966, 0.8969, 0.8839, 0.8799, 0.8913, 0.8906]
a12 = [0.8809, 0.8827, 0.8855, 0.8969, 0.8814, 0.8868, 0.8892, 0.8876, 0.8852, 0.8825, 0.8868, 0.8851, 0.8876, 0.8773, 0.9012, 0.8989, 0.8844, 0.8856, 0.8936, 0.8989]