0
153099
1
7289
1
160378
1
44550
1
7289
1
35639
1
58318
1
14580
1
29155
1
72898
1
6477
1
7291
1
22684
1
36443
1
812
1
3235
1
1
1
2432
1
808
1
21872
1
51029
1
94769
1
43734
1
22684
1
6475
1
7289
1
7288
3
7288
1
2
1
7284
1
1
1
3
1
14668
1
716
1
21152
1
8008
1
6571
1
29873
2
6571
1
1528
1
5760
1
812
1
6398
1
7273
1
7289
1
1626
1
5662
1
811
1
6477
1
810
1
2
1
6475
1
813
2
6474
1
816
1
6472
1
1620
2
5681
1
172
1
2243
1
810
3
1
2
804
1
809
1
3333
1
8007
1
14581
1
5758
1
8821
1
7283
2
6477
1
812
1
6476
1
4
1
1
1
1613
1
4871
1
172
1
639
1
77
1
812
1
712
1
809
1
809
1
809
1
6
1
2436
1
77
1
93
1
718
1
1525
1
810
1
809
1
808
1
1
1
807
1
812
1
991
1
623
1
1625
1
4946
1
1530
1
5681
1
7460
1
622
1
815
1
7284
2
5763
1
1526
1
3
1
14572
1
3
1
1616
1
810
2
3421
1
1530
1
6399
1
77
1
812
1
2337
3
807
1
1620
1
895
1
93
1
2245
3
1617
1
808
1
1
1
810
1
1707
1
813
1
4765
1
1633
1
76
1
1527
1
1
2
4857
1
901
1
92
1
7197
1
627
3
897
1
6392
2
892
1
6
1
804
1
5579
1
4
1
896
1
808
1
807
1
810
1
1620
1
809
1
1528
1
3328
1
812
1
807
1
1
1
1706
1
810
1
811
1
4046
1
7205
1
2517
1
2341
1
2427
1
1705
1
814
1
1524
2
2428
1
2444
1
74
1
95
1
5485
1
810
1
896
4
631
2
896
2
4858
1
900
1
1524
1
810
1
3241
1
810
1
1438
2
992
1
1613
1
1620
1
4051
1
805
1
812
1
807
1
1622
1
1712
1
537
1
1798
1
2426
1
2440
1
171
1
638
1
173
1
637
1
889
2
1522
1
903
1
728
1
808
1
78
1
732
1
811
1
77
1
812
1
4045
1
808
1
3958
1
5
1
803
1
809
1
4
1
2423
1
187
1
539
1
178
1
1527
3
5578
2
6580
1
72
1
2341
1
2429
1
808
1
1617
1
94
2
1528
1
3237
1
808
1
1711
1
2
1
537
1
989
1
2
1
802
1
1620
2
808
1
809
1
2251
2
989
1
1618
1
809
1
1620
1
1712
1
535
2
1799
1
2429
1
1616
1
52649
1
8099
1
14585
1
5758
1
45264
2
13050
1
715
1
814
1
805
1
2
1
4871
1
7289
1
891
1
6397
1
36433
1
2433
1
13773
1
5846
1
718
1
2339
1
4045
1
2432
1
5134
1
7024
1
171
1
92
1
549
1
1605
1
4868
1
7289
1
172
1
7116
1
893
1
1524
1
4871
1
172
1
720
1
6395
1
76
1
92
4
622
1
1627
1
807
1
807
1
3249
1
168
1
2
3
716
1
6410
1
969
1
1530
1
3149
1
805
1
1
1
911
1
167
1
92
1
627
1
718
1
3150
2
2789
1
3686
1
3263
1
62
1
366
1
366
1
77
1
2339
1
4137
1
274
1
90
1
90
1
2694
1
4137
1
183
1
91
1
89
1
88
2
89
2
89
1
174
1
6754
1
88
2
86
1
89
1
90
1
101
1
3227
1
3511
1
266
1
179
1
84
1
91
1
3962
1
5672
1
803
1
4
1
3248
1
618
4
183
2
796
1
92
1
1534
1
1618
1
806
1
1
1
1886
1
91
1
472
1
154
1
93
1
718
1
639
1
887
1
4228
1
183
1
629
1
719
1
717
1
812
1
4224
1
273
1
90
1
1169
1
718
1
3960
1
827
1
518
1
90
1
89
1
96
1
171
1
719
1
3146
1
815
1
804
1
3
1
829
1
79
1
436
1
278
1
814
1
2413
1
1620
1
3
1
806
1
1
1
1166
1
3688
1
815
1
808
1
806
3
814
1
351
1
89
1
179
1
5043
1
806
1
2
1
1075
1
179
1
372
2
4845
1
810
1
1630
1
712
1
174
1
3148
1
5
1
809
1
809
1
1166
2
1
1
89
1
84
1
1088
2
6290
1
200
1
342
1
453
1
810
1
984
1
638
1
74
1
2430
1
2
1
1347
1
450
1
534
1
824
1
887
1
812
1
3154
1
12
1
429
1
89
1
89
1
187
1
811
1
812
1
76
1
4776
1
889
1
91
1
92
1
91
1
456
1
2415
1
3249
1
13
1
697
1
98
1
264
1
548
1
76
1
5602
1
968
1
362
1
89
1
89
1
98
1
76
2
5846
1
1084
2
87
1
89
1
6295
1
89
1
89
1
275
1
357
3
274
1
80
1
6207
1
268
1
542
1
189
1
80
1
2335
1
3870
1
193
1
617
1
271
1
726
1
79
1
5758
1
275
1
1252
1
186
1
715
1
810
2
811
1
2264
1
699
1
111
1
248
1
91
1
91
1
363
1
15
1
62
1
185
1
532
1
12
1
811
1
3316
1
4
1
750
1
65
1
93
1
524
1
112
1
783
1
183
1
93
1
546
1
812
1
885
1
2
1
1615
2
808
2
739
1
156
1
271
1
89
1
293
1
154
1
365
1
89
1
357
1
640
1
890
1
4056
1
812
1
73
1
92
1
91
1
89
1
89
1
89
1
186
1
892
1
4787
1
426
1
179
1
89
1
363
1
91
1
88
1
88
1
88
1
89
1
98
2
4035
1
1644
1
154
1
906
1
176
4
85
1
279
3
6646
3
269
2
176
1
191
2
1
1
3222
1
2700
1
89
1
631
1
1353
1
93
1
2418
1
2880
1
541
1
1351
3
173
1
1
1
728
1
1607
1
2545
1
79
1
435
1
187
1
26
1
65
1
351
1
90
1
89
2
87
3
448
1
470
1
247
1
716
1
94
1
3794
1
430
1
460
1
76
1
364
1
179
1
358
1
624
1
92
1
625
1
185
1
636
1
174
1
1449
1
164
2
625
1
11
1
5
1
164
1
1
1
742
1
965
1
91
1
90
1
89
1
179
1
110
1
4119
1
724
1
1
1
818
1
79
1
348
1
89
1
540
1
91
1
90
1
89
1
89
1
89
1
266
1
2338
1
809
2
810
1
806
1
1554
1
338
1
90
1
88
1
89
1
264
1
94
1
5508
1
79
1
346
1
89
1
633
2
87
2
177
1
363
1
713
1
4
1
4045
1
822
1
714
1
262
3
91
1
85
1
178
1
5953
1
884
1
95
1
1257
1
95
2
78
1
4795
1
79
1
1158
2
368
1
618
2
86
1
179
1
728
1
3227
1
1801
1
1
3
266
3
265
1
178
1
543
2
184
1
891
1
729
2
3272
1
55
1
350
1
89
1
288
1
12
1
509
1
89
1
88
1
358
1
91
1
91
1
377
1
80
1
979
1
714
1
1448
1
262
2
811
1
555
1
93
1
79
1
346
1
178
1
110
1
13
1
687
1
451
1
719
1
716
1
636
1
173
2
807
3
622
1
181
1
5
1
809
1
85
1
989
1
89
1
178
1
111
1
248
1
91
1
90
1
89
1
178
1
266
1
93
1
623
1
93
1
637
1
810
1
808
2
979
1
637
1
821
1
65
1
542
1
202
1
79
1
167
1
91
1
90
1
89
1
178
1
95
1
170
1
94
1
545
1
813
1
888
1
808
1
726
1
811
1
81
1
816
1
812
1
165
1
92
1
90
1
88
1
88
1
357
1
1528
1
2
3
805
2
809
1
807
1
2
1
810
1
1165
1
179
1
188
1
354
2
88
2
364
1
170
1
1530
1
3237
1
743
1
1147
5
85
1
178
1
903
1
178
1
1
1
804
1
2349
1
80
1
807
1
2
1
1797
1
2
2
86
1
1081
3
85
1
99
1
80
1
807
1
2350
1
79
1
730
1
79
1
1981
2
263
1
721
1
270
1
728
1
77
1
2430
2
810
1
1076
1
629
1
274
1
370
1
704
1
911
1
78
1
808
1
1541
1
77
2
810
1
902
1
14408
1
1607
1
5681
1
7366
1
1529
1
5758
1
7214
1
9702
1
4
1
5757
1
1532
1
4866
1
169
1
720
1
807
1
2341
1
10710
1
2248
1
5682
1
77
1
7289
1
6569
1
7288
1
7116
1
7459
1
1437
1
2433
2
4946
3
5574
1
274
1
7123
1
166
1
3781
2
3259
1
79
1
259
1
628
1
718
1
5601
1
79
1
794
1
6753
1
1349
1
714
1
5131
1
92
2
629
1
718
1
2338
2
3600
1
441
1
91
1
95
1
717
1
2341
1
3242
1
356
1
628
1
3867
2
3245
1
173
1
2244
1
810
1
815
1
2511
1
274
3
625
1
1436
1
3243
1
2
1
1975
1
1
4
1265
1
4038
1
4
1
806
1
1
1
1259
2
1174
1
172
1
639
1
77
1
716
1
96
1
1523
1
810
1
4
1
2789
1
1269
1
1603
1
810
1
811
3
1635
1
339
1
90
1
183
1
183
1
15
1
1592
1
3244
2
1635
1
703
1
94
1
263
1
91
1
4497
3
1634
1
1063
1
1440
1
3146
1
1637
1
248
1
361
1
1078
1
4773
1
983
1
271
1
270
1
268
1
94
1
531
1
907
1
3145
1
1639
2
517
1
277
1
1703
3
5124
1
270
1
1003
2
883
1
1528
1
2432
1
828
1
699
1
364
1
1354
2
888
1
1
1
3989
1
66
1
350
1
181
1
631
1
379
1
63
1
183
1
92
1
441
1
277
1
1358
2
889
1
2965
1
90
1
95
1
444
1
91
1
289
1
5677
1
160
1
164
1
180
1
372
1
166
1
364
1
447
1
1438
1
715
1
4230
1
181
1
90
1
181
1
90
1
266
1
182
1
1269
1
78
1
3990
1
796
1
610
1
90
1
907
1
5296
1
368
1
14
1
155
1
627
1
6844
1
632
1
637
1
77
1
4867
1
439
1
633
1
534
1
732
5
1602
1
3780
1
634
2
89
1
86
1
452
1
637
1
888
1
4225
1
360
1
89
1
110
1
157
1
453
1
361
2
1431
1
96
1
1523
1
2622
1
528
1
540
1
183
1
195
1
80
1
351
1
626
1
1529
1
93
1
623
1
94
1
636
1
810
3
1244
1
270
1
267
1
363
1
90
1
91
1
187
1
166
1
548
1
15
1
246
1
91
1
455
1
263
1
546
1
888
1
734
1
75
1
2439
1
812
1
74
1
182
1
1441
1
1527
2
2423
1
26
1
153
1
270
1
290
1
520
1
356
1
16
1
165
1
181
1
90
1
90
1
357
1
716
1
812
1
3339
1
636
1
248
1
180
1
180
1
202
1
155
1
182
1
456
1
1624
1
3255
1
1499
1
269
1
93
1
89
1
454
1
812
1
79
1
3987
1
55
1
1262
1
451
1
716
1
734
1
79
1
3144
1
828
1
810
1
249
1
360
1
360
2
362
1
177
1
910
2
76
4
5484
1
723
1
88
1
174
1
734
1
81
1
3143
1
1722
1
3227
1
2
1
2335
1
839
1
12
1
496
1
901
1
213
1
64
1
351
1
91
1
719
1
625
1
184
1
1529
1
532
1
185
2
715
1
635
1
10
1
823
1
160
1
437
1
279
1
167
1
182
1
182
1
628
1
534
1
275
1
719
1
719
1
719
1
1718
1
344
1
1092
1
1161
1
90
1
261
1
275
1
718
1
1448
1
809
1
828
1
688
1
630
1
277
1
889
1
183
1
181
1
90
1
447
1
715
1
732
1
810
1
76
1
734
1
75
3
907
1
166
1
485
1
1317
1
90
1
90
1
82
1
184
1
2338
4
730
1
1622
1
826
1
413
1
721
1
89
1
180
1
174
1
547
1
274
1
78
1
733
1
77
4
730
1
3673
1
382
1
156
1
94
1
88
2
2078
2
3417
1
1066
1
381
3
429
1
177
1
89
1
96
1
79
1
546
1
263
1
733
3
3253
1
162
2
164
1
458
1
91
1
349
1
379
1
2
1
608
1
985
1
826
1
75
1
1
1
3245
1
95
2
639
1
806
1
520
2
86
1
1076
1
815
1
727
2
77
2
2461
1
80
1
716
1
172
1
344
1
266
1
545
1
91
1
279
1
256
1
378
1
79
1
167
1
1358
1
15
1
79
1
350
1
362
1
16
1
336
1
717
1
93
1
650
1
1608
1
347
1
445
1
90
1
994
1
460
1
256
1
810
1
811
1
716
3
553
1
92
1
13
1
1314
1
721
1
275
1
825
1
80
1
975
1
92
1
533
1
185
1
1528
1
633
1
10
1
24
1
239
1
613
1
11
1
14
1
334
1
270
1
109
1
80
1
1069
1
91
1
90
1
90
1
171
1
181
1
92
2
90
1
90
1
363
1
170
1
3342
1
794
1
561
1
157
1
901
1
91
2
89
1
537
3
635
1
3420
1
887
1
360
1
720
1
277
1
445
1
2795
1
78
1
5
1
724
1
84
1
758
2
144
1
718
1
619
1
720
1
359
1
4
1
447
1
995
1
889
1
4
1
725
1
4
1
809
1
78
1
813
1
14
1
514
1
188
1
23
1
1138
1
994
1
87
1
173
1
821
1
84
2
729
1
77
1
726
1
3
2
77
1
731
1
77
1
831
1
602
1
121
1
1
1
1050
1
87
2
627
1
452
1
88
1
991
1
730
1
77
1
731
1
77
1
727
1
3
1
74
1
2
1
906
1
347
1
179
1
120
1
2
1
54
1
822
1
77
1
94
1
87
1
92
1
85
1
448
1
542
1
992
1
803
1
4
1
725
1
4
1
805
1
78
1
829
1
264
1
545
1
1148
1
271
1
106
1
67
1
27
1
77
1
441
1
369
1
974
1
470
1
431
1
457
1
809
1
352
1
637
1
571
1
784
1
12
1
54
1
362
1
90
1
90
1
212
1
415
1
91
1
367
1
258
1
457
1
94
1
714
1
15
1
153
1
181
1
93
1
363
1
16
1
334
1
94
1
714
1
467
1
79
1
979
1
574
1
416
1
181
1
90
1
537
1
366
1
169
1
274
1
91
1
533
1
91
1
809
2
808
4
806
3
464
1
23
1
239
1
1696
1
471
1
429
1
91
1
627
2
91
1
352
1
272
1
94
1
714
3
2
1
531
1
273
1
717
1
4
1
86
1
743
1
76
1
165
1
553
1
717
1
813
1
437
1
91
1
90
1
109
1
244
5
90
1
89
1
1346
1
809
1
809
1
738
1
170
1
558
1
161
1
651
1
796
1
337
1
180
1
265
1
181
1
3
2
4583
1
178
1
27
1
78
1
716
2
346
1
381
2
248
1
179
4
176
1
90
1
4179
1
241
1
555
1
56
1
825
1
74
1
180
1
89
1
89
1
293
2
158
3
2339
1
809
1
1566
2
68
1
784
1
180
1
548
1
92
2
3
1
72
1
655
1
517
4
1082
1
2516
1
827
2
618
3
109
1
51
1
824
1
261
2
1274
2
703
1
81
1
2527
1
721
1
102
1
157
1
105
1
476
1
798
1
13
1
42
1
633
1
119
1
55
1
741
1
14
1
52
1
11
1
535
1
261
1
107
1
255
1
92
1
352
1
457
1
532
1
90
1
91
1
445
1
180
1
594
1
228
1
1368
1
55
1
543
1
293
1
517
1
91
1
535
1
810
1
92
1
285
1
79
1
350
2
377
1
79
1
257
1
91
2
1185
1
36
1
42
1
24
1
158
1
795
1
15
1
557
1
54
1
11
1
531
1
720
1
91
1
90
1
185
1
350
1
365
1
445
1
363
1
169
1
639
1
169
1
275
2
713
1
91
1
1
3
531
1
1529
1
452
1
289
1
521
1
182
1
106
1
430
1
91
1
624
1
1
2
443
1
362
1
1
4
441
1
365
3
452
1
355
1
487
1
81
1
64
1
14
1
636
1
13
1
583
1
810
1
811
2
90
1
354
1
90
1
2
1
91
1
89
1
261
1
274
1
2
1
1529
1
86
1
534
1
10
1
176
1
905
1
93
1
252
1
212
1
159
1
166
1
470
1
810
1
83
1
435
1
181
1
112
1
246
1
545
1
174
1
1
1
803
1
638
1
170
1
638
1
174
1
751
1
155
1
93
1
441
1
184
1
651
1
594
1
1174
2
449
1
89
1
902
1
79
1
92
1
636
1
79
1
729
1
79
1
750
1
12
1
68
1
77
1
92
1
1371
1
64
1
982
1
87
1
1
1
92
1
986
4
86
2
83
1
182
1
717
1
729
1
171
1
637
1
843
1
689
4
891
1
27
1
1044
1
181
1
376
1
159
1
1
1
453
1
85
1
85
1
907
1
722
1
1653
1
69
1
618
1
176
1
743
1
326
1
89
1
544
1
355
1
448
1
1
1
539
1
109
1
883
1
2423
1
91
1
91
1
91
1
2159
1
4761
1
91
1
2340
1
811
1
5682
1
1606
1
4152
1
1607
1
5664
1
16
1
701
1
92
1
9628
1
812
3
3243
1
7385
1
165
1
1
2
720
1
3869
1
2529
1
170
1
542
1
815
2
889
1
4864
4
258
1
1265
1
4040
1
811
1
832
1
63
1
14
1
351
1
1255
1
3153
1
2447
1
79
1
167
1
183
1
2784
1
4071
1
248
1
91
1
1268
1
2419
1
3600
1
1268
1
2418
1
3601
1
2064
1
1621
1
812
3
2786
1
628
1
639
1
6648
1
814
1
3869
1
2065
2
631
1
544
1
813
2
887
1
2
1
2334
1
811
1
814
1
91
1
354
1
86
1
539
2
6228
1
433
1
87
1
87
2
282
1
2334
1
4058
1
524
1
368
1
888
1
638
1
173
1
638
1
78
1
1526
1
812
1
1635
1
340
1
90
1
721
1
91
1
629
1
1438
1
714
1
1624
1
1634
1
970
1
182
1
4499
1
1635
1
249
1
454
1
189
1
2419
1
714
1
810
1
2607
1
16
1
702
1
366
1
4405
1
812
2
2606
1
5586
1
1073
1
2080
2
75
1
716
1
3690
1
1350
1
814
1
636
1
889
1
3324
1
13
1
640
4
335
1
1441
1
636
1
4870
2
76
1
888
1
94
1
716
1
1450
1
2
1
74
1
3263
1
611
1
103
1
15
1
877
1
167
1
183
1
378
1
156
1
1450
1
78
1
812
1
1523
1
924
1
77
1
348
1
181
1
121
1
599
1
629
1
629
1
720
1
637
1
78
1
715
1
1620
1
1531
1
122
1
66
1
349
1
355
1
182
1
904
1
5429
1
687
1
83
1
637
1
184
1
1607
1
2431
1
1529
1
1443
1
275
1
1607
1
2431
1
1000
1
76
1
1263
1
110
1
340
1
360
1
1796
1
2337
1
923
1
1870
1
179
1
179
1
267
1
637
1
811
1
890
1
714
1
1638
1
11
1
83
1
714
1
1155
1
626
1
716
1
1528
1
2461
1
3
1
80
1
168
1
1440
1
165
1
546
1
1622
1
812
2
75
1
812
2
1555
2
249
1
165
1
1082
1
109
1
79
5
259
1
1438
2
621
1
824
1
2458
1
775
1
79
1
635
1
119
1
1609
1
967
1
638
1
810
1
811
3
835
1
333
1
548
1
607
1
188
1
532
1
628
1
628
1
547
1
889
1
731
1
78
1
813
1
755
1
961
1
624
1
533
1
90
1
198
1
248
1
363
1
2617
1
1613
1
33
1
240
1
558
1
162
1
345
1
180
1
895
1
455
1
1256
1
731
1
2424
1
33
1
1681
1
75
1
627
1
11
1
13
1
249
1
360
1
185
1
173
1
2339
1
1883
1
646
1
434
1
358
1
452
1
542
1
268
1
185
1
174
1
1526
1
731
1
79
1
1807
1
614
1
271
1
902
1
89
1
89
1
202
1
873
1
2354
1
79
1
1635
1
78
1
652
3
160
1
524
1
192
1
258
1
1082
1
1885
1
811
1
731
1
1799
1
633
1
81
1
260
1
180
1
1164
1
96
1
1524
1
717
1
14
1
811
1
78
1
711
1
283
1
257
1
302
1
160
3
976
1
92
1
89
1
178
1
1077
2
636
1
2434
1
77
1
734
1
21
1
82
1
54
1
194
1
548
1
337
1
180
1
210
1
418
1
90
1
182
1
185
1
442
1
91
1
1006
1
80
1
166
1
810
1
811
1
718
1
682
1
761
1
275
1
1249
1
187
1
167
1
181
1
182
1
627
1
380
1
81
1
713
1
354
1
90
1
536
1
1641
1
514
1
133
1
798
1
161
1
650
1
66
1
257
1
90
1
380
1
65
1
272
1
1255
1
809
1
12
1
796
1
92
1
773
1
69
1
247
1
91
1
613
1
451
1
720
1
90
1
190
1
347
1
272
1
447
1
722
1
89
1
454
1
174
1
2299
1
316
1
182
1
298
1
147
1
75
1
270
1
1184
1
256
1
445
1
11
1
443
1
381
1
63
1
94
1
450
1
1806
1
1169
1
272
1
89
1
188
1
153
1
574
1
235
1
180
1
270
1
193
1
256
1
89
1
89
1
264
1
11
1
14
1
157
1
637
1
624
1
1792
1
93
1
1181
1
73
1
15
1
262
1
185
1
635
1
15
1
65
1
1072
1
88
1
381
1
158
1
449
1
89
1
95
1
78
1
731
1
78
1
810
1
810
1
997
1
184
1
178
1
358
1
435
1
280
1
259
1
628
1
95
1
179
1
442
1
546
1
2696
1
745
1
343
1
182
1
72
1
15
1
356
1
717
1
985
1
269
1
177
1
94
1
175
1
622
1
11
1
3601
1
272
1
523
1
360
1
925
1
152
1
95
2
359
1
1072
1
1542
1
889
1
1166
1
14
1
535
1
650
1
13
1
145
1
92
1
811
1
347
1
1437
1
627
1
90
1
183
1
1179
1
74
1
681
1
319
1
91
1
91
1
628
1
1438
1
347
1
182
1
719
1
277
1
348
1
91
1
91
1
196
1
795
1
14
1
155
1
638
1
15
1
339
1
90
1
463
1
261
1
91
1
444
1
26
1
232
1
736
1
163
1
271
1
188
1
1251
1
182
1
444
1
90
1
381
1
246
1
90
1
90
1
182
1
198
1
338
1
90
1
90
1
1196
1
415
1
15
1
90
1
89
1
81
1
103
1
891
1
74
1
361
1
357
1
180
1
363
1
107
1
611
1
446
1
363
1
447
1
90
1
89
1
365
1
15
1
1797
1
258
1
90
1
90
1
172
1
182
1
734
1
796
1
1514
1
25
1
249
1
89
1
455
1
171
1
273
1
88
1
1164
1
829
1
518
1
14
1
195
1
1500
1
192
1
346
1
632
1
89
1
88
1
89
1
180
1
110
1
156
2
541
1
630
1
179
1
173
1
730
1
850
1
152
1
347
1
355
1
1160
1
464
1
713
1
445
1
380
1
519
1
88
1
89
1
810
1
94
1
1814
1
436
1
89
1
267
1
706
1
992
3
91
1
87
1
178
1
358
4
449
1
173
1
637
1
994
1
1663
1
68
2
154
1
181
1
388
1
1684
1
72
1
91
5
180
1
86
1
290
1
155
1
3
1
714
1
636
1
904
1
1797
1
272
1
391
1
71
1
728
1
793
1
68
1
14
1
166
1
274
1
87
1
198
1
1
3
4087
2
55
1
12
1
419
1
91
1
217
1
68
1
157
1
91
1
92
1
386
1
82
1
691
1
275
1
256
1
301
1
158
1
441
1
444
1
576
1
51
1
362
1
91
1
367
1
534
1
1199
1
246
1
182
1
89
1
251
1
25
1
261
1
442
1
183
1
92
1
547
1
335
1
181
1
211
1
81
1
2335
1
156
1
363
1
288
1
247
1
579
1
161
1
260
1
272
1
251
1
195
1
345
1
280
1
92
1
255
1
384
1
1606
1
439
1
902
1
197
1
81
1
164
1
272
1
718
1
91
1
91
1
213
1
81
1
157
1
15
1
257
1
74
1
15
1
89
1
523
1
719
1
566
1
78
1
649
1
505
1
372
1
255
1
273
1
184
1
13
1
246
1
180
1
367
1
14
1
336
1
181
1
91
1
183
1
170
1
95
1
85
5
86
2
90
1
90
1
213
1
81
1
430
1
90
1
89
1
186
1
170
1
641
1
244
1
483
1
688
1
719
1
902
1
445
1
272
1
200
1
246
3
88
1
89
2
89
1
90
1
90
1
109
1
62
1
456
1
89
1
295
1
429
1
180
1
202
1
771
1
26
1
727
1
67
1
729
1
83
1
164
1
270
1
181
1
95
1
261
1
2
2
86
2
178
1
90
1
174
1
90
1
365
1
178
1
90
1
82
1
27
1
158
2
448
1
358
1
676
1
70
1
519
1
278
1
172
1
254
1
315
1
42
1
27
1
1143
1
270
1
109
1
251
4
85
4
453
1
170
1
275
1
534
1
1
2
361
1
445
2
452
1
1001
1
170
1
13
1
257
1
538
1
95
1
252
1
196
1
793
1
123
1
66
1
1164
1
175
1
360
1
362
1
87
1
89
1
721
1
88
1
810
1
93
1
1260
1
887
1
1115
2
63
1
264
2
84
1
904
1
86
1
201
1
156
1
453
1
899
1
2164
1
2000
2
329
1
90
3
264
1
723
1
200
1
153
1
2
1
542
1
81
1
2481
1
243
1
167
1
76
1
103
1
302
1
797
1
53
1
25
1
154
1
14
1
641
1
515
1
537
1
392
1
796
1
171
1
93
1
558
1
874
1
92
1
441
1
237
1
57
1
522
1
89
1
185
1
354
1
469
1
52
1
26
1
635
1
599
1
90
1
719
1
197
1
13
1
81
1
76
1
347
1
184
1
171
1
361
1
183
1
625
1
1234
1
68
1
54
1
25
1
64
1
90
1
257
1
104
1
116
1
12
1
318
1
75
1
1455
1
73
1
362
1
120
1
54
1
756
1
597
1
277
1
729
1
428
1
90
1
92
1
196
1
519
1
92
1
241
1
486
1
90
1
74
1
14
1
129
1
318
1
444
1
34
1
812
1
1674
1
167
1
362
1
92
1
105
1
80
1
811
1
74
1
270
1
182
1
92
1
189
1
253
1
180
1
91
1
242
1
228
1
256
1
298
1
331
1
444
1
90
1
349
1
270
1
448
1
484
1
234
1
452
1
189
1
621
1
190
1
344
1
181
1
92
1
106
1
337
1
271
1
92
1
106
1
247
1
270
1
91
1
241
1
202
1
719
1
194
1
535
1
2435
1
525
1
902
1
108
1
251
1
88
1
176
1
90
1
200
1
250
1
86
1
89
1
2
2
177
1
91
1
102
1
45
1
70
1
132
1
372
1
221
1
320
1
91
1
89
1
89
1
89
1
172
1
92
1
256
1
379
1
892
2
436
1
539
1
3
1
89
1
266
1
90
1
109
1
338
2
88
1
1
2
86
1
90
1
201
1
246
2
179
1
89
4
87
1
174
1
25
2
160
1
84
2
362
1
89
1
147
1
204
1
101
1
549
1
14
1
250
1
179
1
88
1
89
1
116
1
71
1
80
1
622
1
22
1
884
1
72
1
94
1
85
1
3
1
716
1
450
1
110
1
161
1
447
1
174
1
27
1
153
1
454
1
263
1
95
1
540
1
453
1
565
1
592
1
14
1
190
1
1865
1
89
2
990
1
199
3
793
1
716
1
267
1
691
1
134
1
786
1
102
1
639
2
78
2
166
1
900
1
459
1
893
1
539
1
107
5
156
1
635
1
173
1
807
1
1
1
687
1
12
1
1
1
55
1
45
1
22
1
260
1
76
1
299
1
35
2
67
1
160
1
568
1
55
1
170
1
77
1
270
1
209
1
147
1
195
1
346
1
96
1
36
1
132
1
730
1
78
1
104
1
75
1
272
1
461
1
809
1
348
1
367
1
92
2
347
1
238
1
83
1
406
1
75
1
13
1
301
1
66
1
13
1
649
1
121
1
451
1
187
1
181
1
349
1
553
1
346
1
292
1
887
1
652
1
862
1
104
1
667
1
11
1
57
1
67
1
24
1
156
1
181
1
90
1
74
1
13
1
372
1
543
1
11
1
135
1
730
1
621
1
986
1
104
1
346
1
90
1
198
1
14
1
64
1
94
1
344
1
809
1
185
1
103
1
338
1
180
1
185
1
284
1
441
1
219
1
56
1
261
1
615
1
26
1
243
1
270
1
719
1
211
1
55
1
26
1
728
1
65
1
622
1
106
1
15
1
322
1
365
1
809
1
104
1
248
1
455
1
285
1
259
1
401
1
56
1
92
1
636
1
80
1
94
1
75
1
93
1
1873
1
538
1
470
1
248
1
453
1
187
1
621
2
105
1
80
1
621
2
286
1
13
1
78
1
346
1
89
1
201
1
728
1
147
1
92
1
255
1
719
1
719
1
1361
1
528
1
199
1
82
2
1
1
72
1
542
1
107
1
80
1
2
1
617
1
150
1
57
1
12
1
66
1
1071
1
90
1
90
1
1019
1
70
1
79
1
252
1
629
1
450
1
1000
2
172
1
89
1
464
1
81
1
261
1
91
1
83
1
289
1
81
2
171
1
84
1
3
1
85
1
4
1
488
1
66
1
258
1
389
1
137
1
284
1
89
1
89
1
89
1
132
1
54
1
728
1
14
1
313
1
482
1
880
1
75
1
94
1
181
1
173
1
452
1
556
1
249
1
182
1
90
2
627
1
89
1
90
1
86
1
90
1
288
1
66
1
191
1
527
1
193
1
90
2
88
1
1112
1
771
1
22
1
332
1
355
1
191
1
259
1
183
1
448
1
86
1
268
1
89
1
198
1
251
1
269
1
89
3
1
1
86
1
84
1
187
1
355
1
89
2
90
2
219
1
798
1
53
1
374
1
178
1
131
1
55
1
338
1
389
1
810
1
75
1
343
1
89
1
369
1
78
1
90
1
1
1
269
1
88
1
901
1
84
1
21
1
705
1
917
1
811
1
1606
1
796
1
14
1
2420
1
3417
1
811
1
11985
1
173
1
167
1
455
1
14
1
6725
1
92
1
720
1
545
1
172
1
638
1
795
1
2434
1
1978
1
2157
1
94
1
716
1
2338
1
2701
1
2170
2
4227
1
259
1
378
1
155
1
639
1
810
1
78
1
732
1
77
1
811
1
2338
1
828
1
435
1
1970
1
1634
1
2
1
890
1
1523
1
1349
1
4
1
88
1
88
1
108
1
341
3
546
2
166
5
2977
2
889
1
1719
1
349
1
91
1
628
1
378
1
80
1
1527
1
891
1
4318
1
720
1
1437
1
716
1
1623
1
2606
1
2341
1
1527
1
2464
1
324
1
90
1
182
1
263
1
718
1
2526
1
2340
1
4056
1
78
1
811
1
715
1
1622
1
814
1
23
1
600
1
91
2
917
1
80
1
169
1
624
1
5491
1
450
1
2064
1
1620
1
2462
1
158
1
1074
1
626
1
3058
1
813
1
1542
1
67
1
991
1
90
1
720
1
644
1
169
1
2165
1
2450
1
79
1
889
1
349
1
1180
1
1604
1
94
1
1526
1
811
1
747
1
81
1
891
1
348
1
91
1
628
1
352
1
24
1
797
1
79
1
3149
1
1168
1
363
1
720
1
720
1
1896
1
1606
1
2160
1
301
1
1861
1
719
1
2244
1
2972
1
447
1
273
1
378
1
250
1
625
1
731
1
1606
1
810
1
816
1
10
1
24
3
237
1
1249
1
449
1
90
1
90
1
538
1
2169
1
3244
1
431
1
460
1
260
1
2077
1
811
1
890
1
1883
1
644
1
438
1
1010
1
64
1
903
1
2262
1
1646
1
882
1
76
1
529
1
905
1
264
1
1435
1
810
1
717
1
904
1
760
1
222
1
105
1
468
1
158
1
348
1
723
1
457
1
169
1
717
1
811
1
637
1
174
1
1447
1
1001
1
165
1
471
3
1762
1
91
1
94
1
623
1
3058
1
13
1
1077
1
184
1
628
1
438
1
280
1
439
1
195
1
432
1
811
1
629
1
544
1
79
1
716
1
907
1
839
1
63
1
274
1
976
1
90
1
282
1
346
1
90
1
210
1
67
1
532
1
279
1
3984
1
331
1
91
1
388
1
1217
1
629
1
719
1
182
1
470
1
795
1
890
1
715
1
1183
1
91
1
523
1
542
1
120
1
798
1
81
1
258
1
720
1
271
1
1085
1
2472
2
68
1
80
1
258
1
375
1
68
1
440
1
1182
1
729
1
341
1
89
1
89
1
1085
1
1702
1
768
1
318
1
91
1
375
1
12
1
315
1
1348
1
14
1
703
1
11
1
171
1
92
1
545
1
810
1
810
1
1660
1
410
1
389
1
146
1
93
1
557
1
508
1
275
1
12
1
522
1
539
1
624
1
905
1
1447
1
78
1
826
1
93
1
167
1
456
1
93
1
336
1
555
1
716
1
730
1
81
1
74
1
93
1
532
1
184
1
811
1
2369
1
77
1
965
1
486
1
415
1
271
1
541
1
458
1
886
1
811
1
2707
1
93
1
1257
1
256
1
272
1
105
1
343
1
91
1
375
1
4398
1
182
1
75
1
304
1
80
1
611
1
1071
1
1083
1
274
1
1073
1
812
1
718
1
676
1
149
1
981
1
91
1
374
1
600
1
1258
1
810
1
363
1
538
1
90
1
363
1
15
1
2491
1
37
1
142
1
196
1
254
1
931
1
327
1
271
1
90
1
120
1
797
1
339
1
536
1
184
1
532
1
1743
1
326
1
194
1
253
1
180
1
13
1
91
1
549
1
78
1
624
1
904
1
703
1
107
1
166
1
180
1
180
1
1170
1
635
1
826
1
92
1
430
1
180
1
94
1
92
1
742
1
676
1
96
1
442
1
810
1
630
1
560
1
875
1
94
1
1462
1
36
1
55
1
430
1
368
1
78
1
92
1
255
1
315
1
69
1
78
1
255
1
629
1
90
1
270
1
281
1
528
1
199
1
157
1
92
1
90
1
454
1
889
1
717
1
92
1
919
1
350
1
286
1
68
1
184
1
1370
1
879
1
702
1
11
1
171
1
93
1
1434
1
94
1
1701
1
193
1
90
1
75
1
539
1
645
1
255
1
270
1
123
1
65
1
812
1
529
1
89
1
720
1
199
1
969
1
622
1
1011
1
1612
1
527
1
541
1
991
1
354
1
638
1
172
1
637
1
173
1
636
1
815
1
339
1
11
1
181
1
180
1
186
1
170
1
94
1
974
1
276
1
353
1
91
1
90
1
536
1
813
1
1527
1
1485
1
47
1
194
1
258
1
90
1
90
1
93
1
847
1
149
1
75
1
91
1
256
1
186
1
104
1
716
1
94
1
77
1
257
1
90
1
462
1
74
1
991
1
379
1
430
1
182
1
277
1
259
1
90
1
90
1
327
1
487
1
380
1
431
1
310
1
69
1
968
1
346
1
90
1
202
1
516
1
1008
1
13
1
66
1
76
1
271
1
90
1
719
1
90
1
539
1
91
1
89
1
416
1
152
1
335
1
903
1
219
1
31
1
1262
1
538
1
453
1
94
1
351
1
552
1
438
1
372
1
437
1
90
1
356
1
748
1
12
1
598
1
200
1
80
1
530
1
928
1
495
1
1100
1
66
1
181
1
561
1
248
1
270
1
181
1
94
1
263
1
90
2
87
1
180
1
172
1
184
1
747
1
894
1
348
1
164
1
375
1
434
1
134
1
772
1
836
1
325
1
270
1
174
1
107
1
256
1
89
1
446
1
365
1
537
1
814
1
106
1
345
1
1065
1
25
1
335
1
810
1
270
1
358
1
180
1
270
1
449
1
179
1
541
1
89
2
87
1
179
1
810
1
359
2
685
1
205
1
27
1
164
1
180
1
76
1
215
1
953
1
180
1
379
1
893
1
728
1
65
1
16
1
167
1
179
1
537
1
273
1
1349
1
641
1
43
1
72
1
160
1
435
1
130
1
321
1
270
1
613
1
392
1
327
1
180
1
371
1
167
1
91
1
89
1
378
1
432
1
535
1
363
1
178
1
174
1
93
1
1497
1
232
1
567
1
2
1
318
1
464
1
13
1
1
1
67
1
77
1
625
1
24
1
418
1
1081
1
108
1
156
1
95
1
448
1
920
1
157
1
811
1
620
1
64
1
2
1
213
1
271
1
276
1
34
1
135
1
183
1
362
1
251
1
663
1
419
1
180
1
277
1
264
1
179
1
285
1
83
1
169
1
449
1
903
1
15
1
156
1
637
1
174
1
823
1
67
1
463
1
143
1
395
1
182
1
205
1
514
1
719
1
255
1
370
1
91
1
256
1
369
1
705
1
729
1
170
1
271
1
90
1
183
1
444
1
568
1
147
1
101
1
361
1
142
1
670
1
127
1
69
1
431
1
261
1
622
1
223
1
146
1
76
1
180
1
392
1
1136
1
484
1
415
1
394
1
882
1
36
1
121
1
101
1
15
1
242
1
102
1
117
1
24
1
56
1
173
1
567
1
501
1
284
1
252
1
1967
1
279
1
1158
1
462
1
620
1
160
1
191
1
282
1
993
1
104
1
343
1
255
1
1439
1
380
1
701
1
121
1
67
1
715
1
94
1
256
1
362
1
447
1
89
1
375
1
56
1
217
1
626
1
67
1
465
1
195
1
95
1
339
1
443
1
93
1
794
1
542
1
628
1
372
1
346
1
1349
1
91
1
2
1
86
4
658
1
77
1
626
1
93
1
529
1
105
1
81
1
741
1
676
1
1349
1
447
1
15
1
165
1
451
1
84
1
273
1
179
1
367
1
13
1
428
4
86
1
327
1
12
1
140
1
77
1
347
1
208
1
24
1
306
1
90
1
401
1
303
1
550
1
349
1
270
1
267
1
271
1
270
1
358
1
180
1
89
1
356
1
16
1
165
1
90
1
627
1
271
1
89
1
448
1
361
1
89
1
307
1
67
1
14
1
659
2
138
1
166
1
549
1
78
1
167
1
458
1
10
1
701
1
122
1
326
1
180
1
89
1
449
2
91
1
88
1
88
1
89
1
89
1
542
1
87
1
810
1
88
1
200
1
609
1
89
1
158
3
138
1
142
1
372
1
358
1
183
1
89
1
89
1
276
1
66
1
1262
1
541
2
89
1
88
1
542
1
268
1
88
1
810
1
899
1
267
1
699
2
138
4
74
1
720
1
65
1
102
1
257
1
14
1
183
1
91
1
609
1
119
1
510
1
303
1
52
1
277
1
89
1
624
2
1345
1
182
1
544
1
266
2
697
1
311
1
256
1
165
1
100
1
34
1
418
1
90
1
288
1
811
1
596
1
214
1
63
1
440
1
223
1
328
1
718
1
91
1
256
1
210
1
158
1
91
1
91
1
73
1
459
1
185
1
254
1
296
1
44
1
152
1
414
1
231
1
475
1
194
1
128
1
501
1
627
1
91
1
388
1
495
1
181
1
810
1
119
1
66
1
14
1
782
1
635
1
105
1
67
1
543
1
91
1
158
1
24
1
542
1
77
1
141
1
82
1
728
1
69
1
431
1
164
1
145
1
149
1
167
1
548
1
170
1
91
1
533
1
439
1
1180
1
621
1
121
1
324
1
522
1
46
1
79
1
660
1
11
1
125
1
26
1
78
1
347
1
90
1
128
1
124
1
285
1
353
1
47
1
226
1
885
1
470
1
25
1
148
1
1445
1
428
1
180
1
448
1
659
1
92
1
892
1
255
1
76
1
304
1
248
1
272
1
219
1
853
1
14
1
727
1
506
1
1439
1
270
1
90
1
1097
1
157
1
26
1
626
1
889
1
453
1
81
1
846
1
70
1
152
1
719
1
733
1
256
1
485
1
67
1
617
1
96
1
95
1
74
1
727
1
114
1
65
1
548
1
116
1
53
1
904
1
361
1
358
1
163
1
482
1
507
1
303
1
144
1
734
1
165
1
548
1
531
1
539
1
4
1
84
1
4
1
84
1
89
1
1140
1
58
1
80
1
439
1
196
1
96
1
51
1
730
1
15
1
794
1
349
1
538
1
361
1
629
1
3
2
714
1
3
1
88
1
267
1
200
1
250
1
87
3
91
1
175
1
322
1
145
1
258
1
527
1
283
1
275
1
717
1
116
1
72
1
513
1
267
1
180
1
560
1
254
1
85
2
92
1
176
1
450
1
270
1
88
1
89
1
109
1
156
1
91
1
271
2
807
4
86
1
204
1
116
1
404
1
811
1
1426
1
815
1
546
1
1
1
441
1
87
1
88
1
358
1
560
1
612
1
197
1
611
1
88
1
375
1
91
1
546
1
611
1
198
1
431
1
91
1
218
1
134
1
12
1
77
1
168
1
13
1
91
1
284
1
433
1
389
1
81
1
78
1
516
1
186
1
12
1
260
1
91
1
74
1
90
1
210
1
13
1
676
1
105
1
171
1
182
1
91
1
371
1
31
1
218
1
25
1
602
1
287
1
74
1
414
1
68
1
418
1
1514
1
15
1
255
1
96
1
90
1
12
1
65
1
195
1
91
1
351
1
23
1
342
1
442
1
105
1
169
1
91
1
466
1
81
1
76
1
166
1
522
1
152
1
234
1
458
1
104
1
518
1
265
1
349
1
14
1
459
1
613
1
34
1
82
1
51
1
195
1
91
1
719
1
72
1
1203
1
54
1
104
1
624
1
79
1
11
1
94
1
826
1
615
1
114
1
508
1
233
1
213
1
90
1
182
1
433
1
102
1
91
1
548
1
263
1
478
1
68
1
77
1
717
1
93
1
435
1
90
1
718
1
90
1
108
1
1001
1
78
1
14
1
243
1
277
1
196
1
154
1
180
1
167
1
12
1
129
1
150
1
350
1
90
1
90
1
198
1
64
1
91
1
92
1
163
1
358
1
766
1
69
1
333
1
393
1
235
1
560
1
13
1
810
1
65
1
77
1
450
1
405
1
64
1
91
1
1265
1
35
1
798
1
56
1
14
1
158
1
718
1
647
1
326
1
1439
1
450
1
1120
1
251
1
501
1
125
1
66
1
27
1
344
1
208
1
82
1
54
1
285
1
89
1
1073
1
901
1
168
1
574
1
66
1
528
1
281
1
1602
2
56
1
68
1
170
1
64
1
281
1
129
1
319
1
503
1
2465
1
168
1
560
1
14
1
877
1
617
1
109
1
82
1
165
1
89
1
5
1
83
1
270
1
471
1
546
1
12
1
507
1
219
1
799
1
13
1
55
1
81
1
661
1
53
1
259
1
360
1
108
1
249
1
95
2
173
1
305
1
66
2
170
2
87
1
85
1
4
2
459
1
168
1
84
1
3
1
90
1
175
1
453
1
180
1
174
1
389
1
236
1
389
1
43
1
127
1
440
1
231
1
59
1
161
2
342
1
236
1
53
1
338
1
406
1
583
1
448
1
5
1
87
1
86
1
2
1
267
1
193
1
254
1
1
1
88
2
89
1
89
1
89
1
449
1
88
2
89
2
88
2
174
1
275
1
86
1
1
1
87
1
1
1
87
1
3
1
86
1
247
1
140
1
56
1
207
1
406
1
24
1
169
1
37
1
63
1
258
1
177
1
53
1
216
1
374
1
90
1
276
1
66
1
25
1
167
1
183
1
73
1
357
1
102
1
183
1
522
1
287
1
164
1
132
1
66
1
743
1
326
1
91
1
257
1
199
1
77
1
90
1
90
1
349
1
84
1
30
1
42
1
70
1
136
1
24
1
603
1
21
1
79
1
25
1
143
1
978
1
104
1
433
1
26
1
570
1
146
1
64
1
287
1
1071
1
10
1
11
1
249
1
91
1
256
1
90
1
96
1
169
1
287
1
163
1
198
1
93
1
168
1
91
1
91
1
163
1
403
1
158
1
76
1
425
1
21
1
33
1
159
1
426
1
12
1
198
1
12
1
80
1
337
1
91
1
90
1
341
1
27
1
74
1
91
1
388
1
13
1
315
1
92
1
718
1
480
1
1048
1
533
1
23
1
253
1
679
1
319
1
409
1
215
1
258
1
298
1
227
1
360
1
106
1
276
1
259
1
92
1
261
1
169
1
102
1
92
1
718
1
436
1
177
1
102
1
94
1
555
1
82
1
76
1
346
1
386
1
76
1
772
1
483
1
810
1
720
1
91
1
218
1
56
1
67
1
285
1
164
1
188
1
33
1
83
1
155
1
1530
1
812
1
342
1
303
1
415
1
446
1
69
1
148
1
76
1
92
1
408
1
139
1
245
1
484
1
53
1
271
1
257
1
14
1
128
1
56
1
262
1
92
1
351
1
33
1
45
1
765
1
69
1
77
2
662
1
1122
1
89
1
460
1
168
1
624
1
140
1
143
1
490
1
777
1
44
1
125
1
452
1
90
1
105
1
80
1
741
1
13
1
572
1
1009
1
429
1
393
1
66
1
743
1
846
1
11
1
222
1
167
1
455
1
94
1
730
1
52
1
14
1
437
1
293
1
725
1
45
1
24
1
78
1
1446
1
12
1
811
1
811
1
142
1
540
1
138
1
92
1
331
1
63
1
343
1
73
1
53
1
1072
4
86
1
1108
1
73
1
422
1
1113
1
235
1
96
1
479
1
1139
1
573
1
25
1
69
1
247
2
62
1
550
1
580
1
47
1
273
2
182
1
86
1
218
1
576
1
198
1
172
1
257
1
719
1
96
1
387
1
234
1
5
1
178
1
630
1
178
1
91
1
83
1
634
1
989
1
446
1
627
1
902
1
1529
1
1528
1
1638
1
877
1
902
1
732
1
2419
1
2513
1
13
1
350
1
287
1
79
1
261
1
627
1
183
1
454
1
13
1
79
1
1607
1
2340
1
841
1
324
1
643
1
637
1
784
1
26
1
79
1
716
1
796
1
1621
1
811
1
1258
1
92
1
285
1
877
1
13
1
731
1
79
1
795
1
904
1
3338
1
74
1
90
1
91
3
380
1
154
1
92
1
3700
1
889
1
2065
1
91
1
211
1
876
1
170
1
640
1
715
1
172
1
811
1
637
1
2775
1
364
1
200
1
795
1
732
1
78
1
812
1
2415
1
2371
1
157
1
887
1
94
1
717
1
640
1
887
1
812
1
1448
1
1
1
904
1
263
2
452
1
266
1
258
1
86
2
1007
1
813
2
248
1
531
1
108
1
2335
1
885
1
362
1
90
1
182
1
355
1
574
1
159
1
887
1
559
1
66
1
810
1
731
1
795
1
95
1
1555
1
418
1
181
1
210
1
509
1
301
1
327
1
181
1
1164
1
14
1
169
1
4497
1
931
1
877
1
981
1
625
1
1623
1
1520
1
634
1
90
1
2541
1
250
1
718
1
638
1
1606
1
1077
1
452
1
723
1
194
1
13
1
2485
1
1622
1
1568
1
332
1
626
1
167
1
1347
1
745
1
1780
1
622
1
905
1
744
1
94
1
970
1
256
1
722
1
719
1
467
1
250
1
2980
1
835
1
161
1
1435
1
13
1
235
1
91
1
719
1
546
1
13
1
892
1
793
1
905
1
636
1
2332
1
117
1
81
1
336
1
1188
1
79
1
170
1
561
2
77
1
3338
1
874
1
1371
1
174
1
635
1
968
1
93
1
640
1
714
1
810
1
174
1
666
1
161
1
244
1
643
1
719
1
167
1
272
1
195
1
159
1
1544
1
169
1
3168
1
258
1
91
1
284
1
68
1
91
1
77
1
271
1
382
1
1540
1
67
1
77
1
903
1
1357
1
794
1
935
1
430
1
538
1
1368
1
146
1
454
1
171
1
11
1
171
1
903
1
1436
1
1716
1
349
1
448
1
12
1
92
1
977
1
992
1
171
1
3336
1
1179
1
1516
1
90
1
445
1
546
1
277
1
1699
1
1450
1
791
1
55
1
56
1
811
1
609
1
107
1
94
1
2312
1
107
1
168
1
3086
1
326
1
14
1
1187
1
1609
1
250
1
1436
1
1528
1
1366
1
250
1
180
1
197
1
976
1
90
1
90
1
630
1
628
1
467
1
157
1
92
1
560
1
80
1
75
1
93
1
2448
1
257
1
631
1
431
1
544
1
537
1
91
1
183
1
1095
1
3270
1
68
1
78
1
441
3
194
1
12
1
161
1
168
1
720
1
164
1
90
1
90
1
723
1
627
1
1264
1
906
1
1566
1
241
1
638
1
1609
1
428
1
1085
1
93
1
351
1
90
1
286
1
2701
2
347
1
91
1
129
1
67
1
955
1
14
1
437
1
187
1
717
1
92
1
441
1
90
1
90
1
105
1
12
1
1610
1
157
1
623
1
1107
1
74
1
446
1
79
1
22
1
353
1
90
1
1787
1
1440
1
354
1
903
1
1731
1
437
1
163
1
117
1
167
1
466
1
238
1
361
1
222
1
70
1
727
1
879
1
621
1
919
1
1644
1
14
1
68
1
159
1
153
1
12
1
616
1
196
1
386
1
242
1
345
1
223
1
1677
1
530
1
264
1
91
1
638
1
14
1
969
1
744
1
12
1
683
1
44
1
57
1
984
1
1066
1
810
1
446
1
182
1
1438
1
1652
1
51
1
594
1
70
1
415
1
300
1
56
1
24
1
337
1
553
1
528
1
120
1
66
1
77
1
182
1
361
1
539
1
352
1
836
1
875
1
92
1
918
1
167
1
90
1
76
1
103
1
117
1
11
1
412
1
612
1
362
1
811
1
210
1
599
1
183
1
93
1
261
1
360
1
1169
1
1361
1
79
1
543
1
76
1
131
1
867
1
12
1
609
1
932
1
327
1
718
1
92
1
533
1
14
1
169
1
559
1
968
1
677
1
82
1
65
1
247
1
11
1
390
1
12
1
134
1
664
1
586
1
447
1
90
1
364
1
119
1
64
1
169
1
640
1
263
1
717
1
559
1
1660
3
133
1
183
1
335
1
385
1
62
1
102
1
720
1
455
1
92
1
13
1
249
1
346
1
1348
1
181
1
810
1
210
1
66
1
729
1
81
1
754
1
69
1
92
1
428
1
1101
1
431
1
74
1
278
1
729
1
23
1
798
1
12
1
133
1
1984
1
90
1
448
1
584
1
81
1
252
1
489
1
56
1
521
1
539
1
90
1
90
1
1178
1
245
1
550
1
349
1
460
1
530
1
90
1
357
1
90
1
361
1
173
1
185
1
583
1
81
1
56
1
823
1
77
1
362
1
448
1
582
1
136
1
661
1
496
1
356
1
992
1
560
1
81
1
167
1
90
1
443
1
25
1
835
1
25
1
55
1
253
1
345
1
141
1
216
1
640
1
13
1
797
1
891
1
702
1
272
1
628
1
271
1
366
1
353
1
360
1
360
1
583
1
23
1
57
1
253
1
1143
1
131
1
45
1
23
1
171
1
569
1
134
1
452
1
629
1
900
1
370
1
258
1
1532
1
583
1
10
1
151
1
505
1
200
1
92
1
441
1
355
1
812
1
1434
1
25
1
144
1
543
1
189
1
349
1
179
1
540
1
89
1
269
1
360
1
359
1
89
1
101
1
42
1
58
1
25
1
238
1
165
1
813
1
309
1
43
1
184
1
1067
1
1621
1
369
1
979
1
360
1
450
1
449
1
80
1
63
1
398
1
378
1
34
1
398
1
91
1
296
1
135
1
11
1
530
1
281
1
166
1
90
1
90
1
180
1
539
1
180
1
446
1
560
1
433
1
458
1
75
1
454
1
449
1
606
1
657
1
279
1
260
1
629
1
573
1
66
1
609
1
174
1
272
1
812
1
811
1
359
1
172
1
184
1
641
1
169
1
571
1
186
1
156
1
77
1
14
1
331
1
216
1
171
1
74
1
388
1
24
1
230
1
348
1
263
1
364
1
166
1
197
1
35
1
56
1
261
1
523
1
103
1
91
1
91
1
626
1
76
1
180
1
378
1
95
1
713
1
159
1
181
1
180
1
90
1
224
1
24
1
68
1
331
1
535
1
518
1
141
1
150
1
155
1
719
1
571
1
343
1
90
1
375
1
253
1
436
1
187
1
349
1
900
1
181
1
106
1
13
1
847
1
69
1
124
1
206
1
165
1
289
1
158
1
452
1
539
1
434
1
36
1
248
1
90
1
1424
1
735
1
884
1
627
1
13
1
837
1
80
1
55
1
719
1
373
1
180
1
175
1
1085
1
74
1
1081
1
132
1
149
1
716
1
258
1
457
1
532
1
448
1
90
1
360
1
90
1
157
1
139
1
170
1
335
1
165
1
58
1
716
1
57
1
11
1
890
1
649
1
11
1
149
1
346
1
180
1
120
1
417
1
392
1
145
1
1171
1
900
1
262
1
296
1
92
1
408
1
220
1
74
1
549
1
94
1
152
1
14
1
90
1
375
1
254
1
702
1
15
1
635
1
1059
1
270
1
180
1
190
1
257
1
89
1
367
1
12
1
339
1
269
1
307
1
11
1
135
1
180
1
270
1
153
1
386
1
76
1
103
1
89
1
129
1
12
1
308
1
270
1
206
1
12
1
31
1
180
1
560
1
24
1
586
1
198
1
80
1
742
1
144
1
90
1
180
1
393
1
235
1
360
1
449
1
179
1
89
1
1151
1
45
1
729
1
11
1
124
1
639
1
1343
1
301
1
598
1
185
1
261
1
271
1
538
1
90
1
552
1
166
1
91
2
87
1
269
1
561
1
351
1
43
1
71
1
161
1
566
1
56
1
265
1
253
1
292
1
1419
1
187
1
168
1
182
1
459
1
167
1
92
1
89
1
89
1
89
1
89
1
174
1
182
1
92
1
89
1
460
1
167
1
270
1
570
1
74
1
92
1
433
1
544
1
219
1
70
1
81
1
646
1
962
1
163
1
182
1
300
1
811
1
65
1
262
1
90
1
178
1
354
1
91
1
273
1
178
1
265
1
92
2
1488
1
394
1
192
1
74
1
53
1
149
1
13
1
591
1
809
1
32
1
23
1
69
1
79
1
648
1
162
1
75
1
90
1
480
1
329
1
75
1
14
1
389
1
146
1
91
1
438
1
718
1
215
1
1155
1
166
1
180
1
211
1
716
1
81
1
1226
1
14
1
310
1
212
1
104
1
90
1
90
1
285
1
55
1
11
1
888
1
13
1
166
1
719
1
270
1
354
1
479
1
282
1
92
1
237
1
180
1
180
1
106
1
172
1
92
1
75
1
348
1
907
1
103
1
797
1
888
1
270
1
180
1
211
1
12
1
54
1
1602
1
13
1
43
1
685
1
54
1
71
1
405
1
368
1
11
1
55
1
283
1
271
1
105
1
93
1
248
1
256
1
105
1
199
1
142
1
196
1
73
1
180
1
281
1
717
1
1539
1
80
1
438
1
339
1
11
1
14
1
43
1
12
1
394
1
332
1
219
1
257
1
77
1
358
1
24
1
349
1
264
1
57
1
292
1
105
1
164
1
222
1
677
1
931
1
82
1
79
1
434
1
1077
1
451
1
180
1
229
1
12
1
149
1
650
1
121
1
719
1
193
1
90
1
270
1
266
1
92
1
74
1
16
1
253
1
15
1
89
1
794
1
267
1
451
1
224
1
223
1
548
1
531
1
180
1
109
1
12
1
235
1
89
1
89
1
513
1
55
1
354
1
261
1
275
1
625
1
353
1
399
1
44
1
12
1
78
1
94
1
72
1
719
1
180
1
460
1
258
1
719
1
451
1
1001
1
787
1
72
1
148
1
261
1
537
1
424
1
119
1
175
1
168
1
270
1
206
1
69
1
741
1
43
1
542
1
198
1
12
1
12
1
313
1
361
1
357
1
180
1
180
1
186
1
12
1
338
1
270
1
175
1
633
1
307
1
68
1
23
1
79
1
262
1
282
1
21
1
70
1
82
1
77
1
64
1
373
1
141
1
124
1
15
1
440
1
2143
1
90
1
1081
1
108
1
81
1
347
1
270
1
84
1
106
1
256
1
89
1
89
1
180
1
227
1
12
1
55
1
91
1
169
1
93
1
457
1
336
1
180
1
141
1
139
1
168
1
491
1
1476
1
120
1
326
1
182
1
89
1
211
1
143
1
274
1
89
1
369
1
257
5
88
1
88
1
354
1
273
2
89
3
401
1
59
1
193
1
55
1
10
1
11
1
14
1
168
1
704
1
14
1
153
1
219
1
602
1
219
1
215
1
912
1
90
1
182
1
219
1
68
1
429
1
91
1
626
1
445
1
182
1
257
1
991
1
146
1
230
1
105
1
168
1
375
1
11
1
147
1
593
1
70
1
586
1
211
1
508
1
614
1
180
1
384
1
440
1
74
1
107
1
339
1
13
1
90
1
90
1
273
1
93
1
169
1
718
1
183
1
163
1
388
1
33
1
82
1
328
1
330
1
11
1
729
1
714
1
186
1
260
1
272
1
75
1
119
1
159
1
272
1
90
1
274
1
535
1
629
1
180
1
341
1
11
1
620
1
980
1
220
1
336
1
254
1
114
1
259
1
15
1
454
1
67
1
104
1
693
1
374
1
90
1
90
1
356
1
166
1
14
1
376
1
11
1
44
1
270
1
106
1
89
1
353
1
185
1
1366
1
12
1
148
1
642
1
194
1
79
1
65
1
560
1
263
1
75
1
270
1
539
1
180
1
290
1
157
1
181
1
180
1
207
1
11
1
320
1
720
1
717
1
1965
1
492
1
157
1
467
1
32
1
47
1
339
1
483
1
494
1
998
1
117
1
739
1
57
1
515
1
199
1
835
1
493
1
303
1
235
1
89
1
477
1
124
1
149
1
351
1
238
1
128
1
144
1
27
1
73
1
901
1
322
1
217
1
272
1
178
1
928
1
55
1
14
1
795
1
438
1
990
1
538
1
478
1
535
1
90
1
276
1
246
1
424
1
192
1
102
1
271
1
89
1
201
1
52
1
107
1
622
1
826
1
423
1
370
1
729
1
428
1
394
1
67
1
916
1
11
1
79
1
638
1
599
1
140
1
12
1
126
1
260
1
90
1
1095
1
25
1
761
1
10
1
12
1
797
1
80
1
348
1
380
1
338
1
1080
1
248
1
81
1
306
1
168
1
324
1
587
1
117
1
35
2
387
2
89
1
443
1
734
1
77
1
3
1
659
1
797
1
506
1
90
1
537
1
180
1
372
1
436
1
337
1
38
1
31
1
589
1
198
1
354
1
244
1
164
1
151
1
249
1
872
1
656
1
420
1
1108
1
348
1
368
1
244
1
565
1
601
1
83
1
70
1
57
1
23
1
624
1
34
1
70
1
55
1
146
1
23
1
336
1
129
1
34
1
657
1
811
1
128
1
12
1
122
1
454
1
91
1
276
1
167
1
181
1
91
1
1005
1
775
1
101
1
182
1
166
1
104
1
420
1
56
1
79
1
92
1
334
1
437
1
525
1
57
1
12
1
67
1
518
1
117
1
93
1
66
1
649
1
24
1
43
1
185
1
439
1
197
1
53
1
466
1
220
1
149
1
647
1
329
1
180
1
90
1
539
1
89
1
89
1
394
1
93
1
80
1
247
1
795
1
404
1
239
1
692
1
26
1
165
1
272
1
128
1
69
1
54
1
283
1
90
1
355
1
273
1
444
1
10
1
36
1
134
1
183
1
180
1
163
1
97
1
79
1
196
1
163
1
270
1
121
1
12
1
68
1
605
1
230
1
57
1
835
1
693
1
35
1
68
1
426
1
448
1
582
1
151
1
257
1
354
1
457
1
72
1
16
1
89
1
449
1
637
1
78
1
165
1
565
1
78
1
814
1
259
1
433
1
391
1
443
1
105
1
78
1
346
1
303
1
67
1
348
1
447
1
184
1
90
1
178
1
172
1
79
1
450
1
463
1
255
1
405
1
69
1
153
1
586
1
69
1
62
1
540
1
254
1
579
1
447
1
92
1
163
1
242
1
72
1
69
1
79
1
344
1
208
1
95
1
235
1
90
1
89
1
89
1
232
1
44
1
174
1
449
1
81
1
104
1
1055
1
566
1
713
1
12
1
67
1
778
1
81
1
57
1
24
1
326
1
631
1
63
1
191
1
1535
1
177
1
186
1
78
1
675
1
31
1
766
1
70
1
242
1
483
1
1774
1
46
1
144
1
272
1
90
1
147
1
301
2
62
1
481
1
812
1
160
2
449
1
128
1
484
1
719
1
270
1
448
1
1080
1
809
1
400
1
718
1
25
1
42
1
90
1
78
1
13
4
61
1
389
1
904
1
144
1
582
1
68
1
67
1
1080
1
368
1
350
1
1295
1
903
1
228
1
204
1
91
2
191
1
251
1
67
1
37
1
76
1
76
1
15
1
304
1
11
1
69
1
160
1
155
1
14
1
466
1
173
1
244
1
298
1
68
1
182
1
441
1
116
1
159
1
91
1
245
1
12
1
367
1
729
1
613
1
208
1
224
1
375
1
559
1
412
1
121
1
34
1
395
1
484
1
132
1
101
1
180
1
219
1
11
1
487
1
1529
1
90
1
183
1
115
1
237
1
15
1
347
1
75
1
460
1
643
1
438
1
224
1
92
1
11
1
728
1
139
1
79
1
556
1
307
1
24
1
92
1
242
1
141
1
11
1
228
1
258
1
287
1
35
1
228
1
334
1
105
1
184
1
441
1
183
1
103
1
93
1
79
1
783
1
102
1
271
1
719
1
427
1
152
1
213
1
207
1
236
1
556
1
219
1
22
1
24
1
113
1
93
1
424
1
96
1
32
1
787
1
105
1
1318
1
91
1
184
1
351
1
90
1
74
1
15
1
290
1
155
1
91
1
90
1
89
1
73
1
224
1
238
1
92
1
179
1
72
1
16
1
233
1
10
1
233
1
339
1
308
1
214
1
196
1
329
1
297
1
443
1
56
1
57
1
160
1
437
1
106
1
250
1
453
1
280
1
75
1
181
1
272
1
81
1
90
1
546
1
448
1
532
1
22
1
81
1
515
1
250
1
10
1
70
1
11
1
799
1
56
1
157
1
103
1
421
1
193
1
105
1
164
1
277
1
182
1
66
1
27
1
649
1
415
1
166
1
14
1
357
1
93
1
269
1
89
1
996
1
715
1
94
1
514
1
729
1
194
1
276
1
12
1
80
1
648
1
134
1
78
1
191
1
1275
1
168
1
90
1
87
2
178
1
129
1
33
1
101
1
1460
1
82
1
78
1
731
1
78
2
848
1
81
1
426
1
115
1
256
1
167
1
91
1
315
1
11
1
13
1
180
1
14
1
63
1
191
1
461
1
258
1
366
1
105
1
157
1
3
1
448
1
162
1
729
1
185
2
633
1
25
1
864
1
168
1
89
1
89
1
89
1
586
1
244
1
378
1
68
1
90
1
184
1
692
1
490
1
165
1
168
1
178
3
86
1
89
1
117
1
24
1
653
1
145
1
134
1
3
2
433
1
224
1
54
1
756
1
492
1
370
1
168
1
179
1
500
1
175
1
77
1
1308
1
47
1
226
1
479
1
45
1
193
1
377
1
86
1
904
1
23
1
13
1
54
3
726
1
14
1
493
1
1113
1
66
1
168
1
628
1
11
1
182
1
719
1
91
1
546
1
3402
1
718
1
1558
1
432
1
166
1
197
1
340
1
902
1
1999
1
783
1
13
1
171
1
639
1
78
1
716
1
805
1
10
1
182
1
168
1
14
1
257
1
210
1
79
1
247
1
273
1
537
1
2888
1
811
1
3259
1
420
1
2875
1
1622
1
745
1
79
1
612
2
197
1
156
1
275
1
1254
1
1436
1
2525
1
761
1
157
1
170
1
74
1
2252
1
1371
1
3338
1
156
1
1072
3
626
1
2170
1
795
1
15
1
794
1
731
1
1812
1
77
1
348
1
1022
1
234
1
1357
1
93
1
1606
1
1731
1
1243
1
272
1
186
1
559
1
79
1
153
1
1371
1
157
1
653
1
156
1
734
1
1555
1
224
1
285
1
632
1
465
1
252
1
259
1
351
1
104
1
637
1
344
1
1276
1
811
1
1
1
2239
1
355
1
182
1
548
1
520
1
90
1
117
1
785
1
24
1
2487
1
811
1
1544
1
11
1
159
1
168
1
481
1
80
1
171
1
557
1
67
1
261
1
90
1
90
1
261
1
11
1
92
1
2419
1
811
1
758
1
159
1
168
1
182
1
432
1
90
1
13
1
76
1
628
1
810
1
13
1
168
1
548
1
1700
1
811
1
639
1
823
1
147
1
194
1
91
1
389
1
66
1
1242
1
353
1
105
1
168
1
2091
1
64
1
184
1
625
1
732
1
904
1
696
1
208
1
77
1
439
1
1259
1
481
1
783
1
93
1
731
1
795
1
796
1
851
1
160
1
93
1
75
1
562
1
772
1
24
1
797
1
717
1
26
1
328
1
718
1
533
1
26
1
64
1
2392
1
395
1
390
1
11
1
333
1
1358
1
78
1
168
1
467
1
14
1
159
1
979
1
1436
1
2301
1
785
1
12
1
240
1
521
1
102
1
745
1
158
1
168
1
1529
1
640
1
1580
1
576
1
1020
1
133
1
105
1
978
1
391
1
158
1
168
1
547
1
94
1
715
1
170
1
1344
1
11
1
14
1
80
1
768
1
55
1
93
1
430
1
85
1
175
1
104
1
262
1
454
1
78
1
168
1
719
1
181
1
93
2
297
1
80
1
340
1
441
1
275
1
717
1
1370
1
80
1
171
1
643
1
67
1
192
1
272
1
91
1
433
1
12
1
90
1
167
1
369
1
91
1
557
1
786
1
23
1
12
1
68
1
79
1
1070
1
376
1
12
1
798
1
65
1
716
1
14
1
918
1
521
1
173
1
10
1
1242
1
271
1
186
1
729
1
614
1
195
1
80
1
352
1
458
1
715
1
79
1
92
1
638
1
850
1
123
1
283
1
90
1
90
1
276
1
248
1
361
1
539
1
389
1
68
1
442
1
1178
1
704
1
106
1
715
1
890
1
1011
1
571
1
147
1
169
1
91
1
443
1
741
1
511
1
810
1
1164
1
91
1
91
1
91
1
719
1
545
1
172
1
664
1
160
1
78
1
90
1
90
1
446
1
169
1
12
1
348
1
357
1
453
1
538
1
90
1
365
1
535
1
445
1
182
1
181
1
261
1
24
1
80
1
730
1
249
1
718
1
690
2
122
1
24
1
78
1
1382
1
69
1
415
1
1193
1
63
1
14
1
258
1
719
1
90
1
90
1
628
1
468
1
65
1
730
1
861
1
475
1
12
1
182
1
252
1
24
1
661
1
228
1
438
1
929
1
237
1
182
1
90
1
299
1
236
1
182
1
90
1
444
1
91
1
91
1
442
1
275
1
560
1
250
1
642
1
36
1
66
1
78
1
349
1
90
1
186
1
25
1
328
1
885
1
356
1
1083
1
182
1
1083
1
1700
1
14
1
169
1
609
1
69
1
54
1
78
1
652
1
13
1
65
1
732
1
52
1
991
1
90
1
182
1
90
1
198
1
78
1
76
1
274
1
90
1
207
1
328
1
1529
1
92
1
441
1
105
1
996
1
91
1
347
1
214
1
158
1
259
1
1163
1
718
1
183
1
352
1
364
1
261
1
92
1
389
1
328
1
811
1
546
1
703
1
372
1
105
1
362
1
106
1
158
1
257
1
182
1
277
1
660
1
228
1
638
1
79
1
349
1
810
1
90
1
90
1
172
1
742
1
811
1
158
1
691
2
42
1
273
1
536
1
91
1
441
1
76
1
96
1
856
1
305
1
468
1
250
1
1382
1
510
1
273
1
26
1
67
1
795
1
1664
1
160
1
347
1
195
1
160
1
182
1
181
1
614
1
361
1
810
1
538
1
810
1
271
1
187
1
260
1
720
1
1408
1
230
1
532
1
171
1
13
1
635
1
23
1
786
1
11
1
69
1
704
1
11
1
24
1
69
1
336
1
180
1
1089
1
168
1
272
1
261
1
11
1
13
1
894
1
10
1
25
1
585
1
187
1
185
1
257
1
274
1
185
1
260
1
74
1
323
1
214
1
452
1
905
1
11
1
612
1
447
1
90
1
180
1
629
1
551
1
167
1
91
1
493
1
24
1
136
1
55
1
101
1
573
1
67
1
427
1
14
1
194
1
22
1
12
1
138
1
783
1
105
1
256
1
180
1
810
1
265
1
272
1
180
1
538
1
180
1
180
1
82
1
546
1
369
1
76
1
700
1
152
1
79
1
798
1
167
1
399
1
396
1
390
1
11
1
241
1
569
1
68
1
428
1
382
1
78
1
75
1
181
1
365
1
79
1
12
1
260
1
361
1
187
1
77
1
363
1
274
1
12
1
341
1
90
1
829
1
373
1
513
1
181
1
126
1
799
1
12
1
31
1
634
1
186
1
92
1
258
1
90
1
628
1
468
1
158
1
182
1
90
1
391
1
327
1
90
1
719
1
483
1
45
1
139
1
249
1
255
1
279
1
351
1
91
1
90
1
139
1
307
1
346
1
96
1
34
1
679
1
629
1
381
1
728
1
66
1
94
1
74
1
91
1
181
1
366
1
169
1
91
1
181
1
89
1
89
1
356
1
575
1
44
1
46
1
11
1
81
1
78
1
168
1
551
1
77
1
557
1
81
1
79
1
245
1
471
1
729
1
254
1
73
1
273
1
536
1
91
1
376
1
615
1
89
1
118
1
144
1
183
1
1479
1
78
1
337
1
277
1
22
1
80
1
78
1
91
1
348
1
278
1
350
1
90
1
720
1
166
1
266
1
286
1
398
1
70
1
680
1
46
1
407
1
473
1
63
1
14
1
438
1
195
1
81
1
442
1
475
1
12
1
235
1
495
1
31
1
765
1
55
1
90
1
439
1
643
1
90
1
1259
1
74
1
468
1
612
1
719
1
720
1
180
1
90
1
307
1
248
1
412
1
69
1
54
1
1252
1
370
1
154
1
641
1
77
1
13
1
91
1
74
1
378
1
172
1
167
1
361
1
131
1
69
1
715
1
80
1
621
1
120
1
145
1
362
1
180
1
308
1
340
1
306
1
12
1
70
1
67
1
78
1
92
1
431
1
90
1
35
1
67
1
966
1
104
1
180
1
433
1
361
1
221
1
497
1
300
1
146
1
90
1
572
1
1138
1
270
1
557
1
573
1
302
1
459
1
916
1
716
1
171
1
1066
1
180
1
132
1
133
1
90
1
180
1
2119
1
13
1
799
1
54
1
531
1
84
1
43
1
83
1
53
1
349
1
335
1
58
1
1688
1
636
1
94
1
335
1
1620
1
270
1
183
1
857
1
42
1
103
1
349
1
539
1
627
1
184
1
1604
1
1801
1
264
1
182
1
181
1
360
1
308
1
224
1
24
1
409
1
569
1
344
1
377
1
1514
1
271
1
356
1
362
1
372
1
346
1
719
1
270
1
448
1
443
1
73
1
1030
1
65
1
515
1
384
1
180
1
221
1
68
1
729
1
878
1
78
1
14
1
1446
1
612
1
447
1
181
1
426
1
127
1
196
1
167
1
343
1
33
1
13
1
238
1
165
1
90
1
219
1
136
1
745
1
80
1
424
1
186
1
103
1
78
1
94
1
637
1
78
1
349
1
719
1
90
1
299
1
66
1
352
1
810
1
179
1
89
1
192
1
207
1
312
1
562
1
183
1
240
1
809
1
42
1
254
1
425
1
13
1
343
1
180
1
12
1
167
1
13
1
230
1
57
1
80
1
258
1
90
1
1334
1
180
1
180
1
209
1
12
1
54
1
13
1
427
1
353
1
149
1
601
1
44
1
126
1
24
1
248
1
91
1
388
1
32
1
554
1
152
1
113
1
90
1
14
1
243
1
12
1
286
1
105
1
313
1
194
1
218
1
57
1
797
1
183
1
256
1
265
1
34
1
253
1
164
1
552
1
528
1
157
1
12
1
34
1
21
1
160
1
616
1
33
1
226
1
810
1
180
1
180
1
128
1
46
1
775
1
22
1
116
1
258
1
271
1
1153
1
14
1
975
1
378
1
12
1
12
1
133
1
14
1
767
1
318
1
90
1
721
1
408
1
658
1
84
1
32
1
810
1
331
1
180
1
180
1
116
1
82
1
249
1
453
1
23
1
880
1
965
1
360
1
275
1
31
1
227
1
37
1
889
1
74
1
553
1
347
1
76
1
119
1
80
1
261
1
490
1
11
1
58
1
249
1
255
1
14
1
704
1
1273
1
165
1
1080
1
259
1
313
1
681
1
101
1
13
1
244
1
382
1
637
1
80
1
170
1
903
1
489
1
122
1
13
1
717
1
349
1
379
1
24
1
69
1
244
1
270
1
1036
1
346
1
75
1
182
1
90
1
113
1
21
1
36
1
902
1
441
1
89
1
83
1
56
1
58
1
611
1
997
1
796
1
93
1
74
1
180
1
180
1
198
1
339
1
1307
1
91
1
24
1
228
1
464
1
69
1
237
1
25
1
166
1
538
1
182
1
536
1
349
1
312
1
242
1
883
1
271
1
210
1
797
1
339
1
990
1
316
1
69
1
45
1
397
1
965
1
165
1
387
1
412
1
309
1
441
1
103
1
78
1
258
1
271
1
943
1
495
1
628
1
457
1
261
1
180
1
354
1
30
1
205
1
80
1
246
1
167
1
940
1
23
1
220
1
794
1
94
1
489
1
772
1
1423
1
1088
1
440
1
752
1
153
1
254
1
310
1
259
1
74
1
278
1
531
1
278
1
12
1
671
1
33
1
91
1
13
1
646
1
11
1
124
1
12
1
77
1
258
1
12
1
1109
1
55
1
25
1
65
1
258
1
458
1
26
1
233
1
194
1
90
1
245
1
150
1
252
1
75
1
77
1
12
1
65
1
174
1
571
1
74
1
164
1
22
1
158
1
101
1
361
1
963
1
385
1
446
1
621
1
279
1
181
1
467
1
342
1
75
1
472
1
262
1
179
1
417
1
34
1
10
1
351
1
90
1
184
1
69
1
374
1
182
1
285
1
251
1
154
1
192
1
255
1
990
1
12
1
180
1
298
1
81
1
144
1
270
1
300
1
251
1
90
1
270
1
90
1
129
1
43
1
12
1
262
1
89
1
179
1
195
1
160
1
92
1
687
1
488
1
90
1
125
1
22
1
70
1
69
1
79
1
77
1
512
1
646
1
998
1
24
1
67
1
258
1
180
1
173
1
45
1
11
1
21
1
821
1
183
1
569
1
241
1
73
1
1912
1
90
1
784
1
279
1
24
1
78
1
438
1
895
1
832
1
343
1
884
1
379
1
904
1
1347
1
435
1
25
1
260
1
316
1
11
1
115
1
660
1
396
1
13
1
256
1
13
1
83
1
197
1
258
1
470
1
65
1
92
1
580
1
122
1
2071
1
206
1
286
1
428
1
220
1
69
1
249
1
467
1
12
1
121
1
617
1
59
1
67
1
244
1
14
1
255
1
97
1
33
1
82
1
158
1
74
1
376
1
342
1
734
1
436
1
1009
1
1350
1
181
1
220
1
69
1
156
1
489
1
232
1
437
1
186
1
12
1
250
1
181
1
1988
1
79
1
1526
1
870
1
24
1
464
1
311
1
149
1
170
1
254
1
96
1
67
1
46
1
82
1
153
1
644
1
169
1
476
1
83
1
714
1
56
1
104
1
716
1
621
1
447
1
470
1
80
1
619
1
805
1
25
1
147
1
221
1
76
1
92
2
74
1
357
1
21
1
158
1
14
1
795
1
439
1
810
1
187
1
622
1
119
1
163
1
344
1
628
1
180
1
809
1
674
1
52
1
270
1
12
1
174
1
79
1
21
1
648
1
892
1
173
1
76
1
91
1
75
1
298
1
227
1
990
1
102
1
77
1
12
1
289
1
171
1
704
1
544
1
117
1
509
1
167
1
264
1
11
1
191
1
570
1
174
1
521
1
126
1
946
1
77
1
468
1
185
1
591
1
297
1
153
1
193
1
196
1
11
1
419
1
977
1
104
1
173
1
12
1
78
1
77
1
465
1
122
1
102
1
93
1
202
1
36
1
454
1
250
1
90
1
182
1
63
1
174
1
140
1
79
1
154
1
105
1
62
1
198
1
67
1
58
1
122
1
593
1
57
1
91
1
517
1
154
1
57
1
338
1
180
1
290
1
234
1
493
1
68
1
12
1
681
1
33
1
24
1
69
1
427
1
75
1
104
1
295
1
79
1
157
1
25
1
406
1
153
1
418
1
193
1
80
1
185
1
76
1
477
1
69
1
1597
1
104
1
1503
1
286
1
89
1
269
1
118
1
55
1
184
1
270
1
73
1
14
1
410
1
54
1
183
1
257
1
219
1
486
1
105
1
113
1
10
1
94
1
739
1
1004
1
361
1
290
1
693
1
22
1
343
1
89
1
269
1
359
1
270
1
73
1
211
1
703
1
248
1
70
1
133
1
271
1
323
1
56
1
224
1
191
1
14
1
90
1
913
1
892
1
877
1
183
1
179
1
297
1
82
1
142
1
15
1
344
1
235
1
136
1
636
1
173
1
674
1
115
1
70
1
381
1
23
1
526
1
270
1
105
1
207
1
213
1
282
1
357
1
12
1
168
1
90
1
902
1
262
1
276
1
1528
1
810
1
673
1
128
1
124
1
78
1
92
1
166
1
380
1
157
1
183
1
74
1
15
1
273
1
158
1
78
1
491
1
227
1
102
1
91
1
399
1
229
1
717
1
438
1
235
1
948
1
730
1
752
1
80
1
91
1
12
1
43
1
259
1
11
1
276
1
90
1
10
1
22
1
412
1
73
1
230
1
230
1
535
1
44
1
11
1
126
1
168
1
94
1
89
1
88
1
342
1
107
1
433
1
144
1
949
1
730
1
604
1
628
1
180
1
196
1
135
1
238
1
467
1
80
1
315
1
27
1
73
1
241
1
140
1
77
1
168
1
271
1
128
1
23
1
125
1
889
2
639
1
705
1
187
1
162
1
496
1
53
1
439
1
370
1
438
1
387
1
20
1
69
1
1345
1
252
1
180
1
180
1
13
1
91
1
181
1
353
1
258
1
243
1
307
1
524
1
271
1
13
1
257
1
435
1
116
1
478
1
81
1
249
1
626
1
931
1
122
1
35
1
477
1
35
1
465
1
204
1
92
1
253
1
153
1
550
1
13
1
154
1
168
1
11
1
231
1
11
1
216
1
514
1
217
1
52
1
373
1
90
1
796
1
385
1
568
1
55
1
78
1
13
1
713
1
123
1
11
1
239
1
395
1
93
1
69
1
80
1
338
1
183
1
182
1
261
1
91
1
153
1
188
1
101
1
25
1
131
1
24
1
76
1
14
1
352
1
56
1
45
1
263
1
546
1
93
1
244
1
180
1
90
1
199
1
12
1
41
1
24
1
730
1
337
1
344
1
45
1
405
1
429
1
92
1
243
1
77
1
76
1
412
1
34
1
454
1
75
1
644
1
388
1
213
1
514
1
11
1
70
1
68
1
413
1
315
1
42
1
117
1
345
1
197
1
80
1
92
1
167
1
810
1
719
1
75
1
14
1
74
1
103
1
89
1
328
1
386
1
424
1
151
1
428
1
147
1
14
1
796
1
23
1
275
1
640
1
874
1
451
1
118
1
81
1
80
1
333
1
13
1
89
1
254
1
360
1
379
1
249
1
285
1
88
1
89
1
113
1
123
1
788
1
22
1
34
1
22
1
79
1
605
1
467
1
328
1
23
1
104
1
504
1
165
1
566
1
303
1
53
1
182
1
269
1
220
1
11
1
21
1
102
1
183
1
268
1
196
1
11
1
11
1
229
1
73
1
89
1
195
1
220
1
43
1
545
1
88
1
154
1
81
1
788
1
22
1
137
1
955
1
506
1
149
1
345
1
1031
1
70
1
65
1
275
1
351
1
637
1
522
1
376
1
187
1
775
1
163
1
225
1
503
1
57
1
12
1
66
1
156
1
505
1
229
1
62
1
494
1
224
1
640
1
15
1
169
1
90
1
88
1
88
1
276
1
13
1
692
1
857
1
57
1
334
1
1080
1
218
1
43
1
152
1
64
1
91
1
155
1
11
1
310
1
82
1
418
1
183
1
419
1
459
1
259
1
283
1
89
1
95
1
33
1
70
1
505
1
246
1
59
1
771
1
10
1
92
1
732
1
79
1
253
1
556
1
856
1
34
1
46
1
80
1
75
1
628
1
443
1
183
1
79
1
11
1
236
1
101
1
345
1
271
1
106
2
86
3
88
1
88
1
140
1
44
1
13
1
144
1
15
1
1
1
552
1
971
1
1
3
659
1
403
1
406
1
831
1
49
1
53
1
310
1
406
1
70
1
93
1
225
1
491
1
12
1
148
1
78
1
260
1
239
1
113
1
90
1
78
1
361
1
644
1
74
1
314
1
53
1
743
1
157
1
652
1
79
1
154
1
362
1
105
1
159
1
12
1
13
1
516
1
134
1
20
1
129
1
10
1
34
1
68
1
123
1
112
1
424
1
385
1
90
1
344
1
283
1
183
1
150
1
30
1
56
1
645
1
198
1
105
1
623
1
588
1
209
1
263
1
76
1
14
1
421
1
112
1
91
1
65
1
25
1
533
1
23
1
418
1
521
1
568
1
148
1
94
1
69
1
54
1
157
1
11
1
14
1
75
1
182
1
124
1
69
1
264
1
168
1
75
1
15
1
457
1
245
1
15
1
522
1
548
1
366
1
640
1
51
1
664
1
12
1
159
1
164
1
526
1
804
1
115
1
115
1
485
1
94
1
137
1
78
1
92
1
166
1
216
1
105
1
123
1
90
1
274
1
284
1
787
1
182
1
167
1
258
1
166
1
191
1
25
1
556
1
11
1
124
1
117
1
164
1
270
1
1259
1
89
1
416
1
219
1
115
1
64
1
12
1
92
1
74
1
239
1
456
1
205
1
125
1
175
1
493
1
385
1
141
1
26
1
627
1
64
1
27
1
703
1
270
1
167
1
143
1
11
1
798
1
56
1
12
1
517
1
222
1
69
1
80
1
732
1
43
1
115
1
1390
1
162
1
340
1
306
1
22
1
58
1
82
1
157
1
63
1
435
1
140
1
52
1
462
1
200
1
752
1
307
1
89
1
376
1
57
1
117
1
168
1
89
1
177
1
89
1
188
1
171
1
270
1
177
1
184
1
20
1
445
1
165
1
231
1
230
1
154
1
102
1
217
1
10
1
401
1
64
1
117
1
214
1
94
1
135
1
155
1
435
1
193
1
593
1
23
1
295
1
90
1
178
1
255
1
35
1
65
1
15
1
169
1
178
1
262
1
182
1
93
1
359
1
88
1
704
1
436
1
43
1
90
1
337
1
243
1
488
1
239
1
36
1
46
1
57
1
81
1
168
1
62
1
564
1
154
1
101
1
333
1
799
1
58
1
82
1
349
1
87
1
88
1
164
1
22
1
13
1
64
1
95
1
448
1
82
1
46
1
773
1
11
1
597
1
389
1
33
1
238
1
77
1
424
1
125
1
14
1
335
1
695
1
299
1
983
1
167
1
3
3
85
2
89
4
85
1
89
1
95
1
105
1
53
1
10
1
529
1
1529
1
199
1
173
1
777
1
93
1
123
1
194
1
294
1
229
1
26
1
79
1
255
1
90
1
291
1
160
1
495
1
835
1
102
2
3
1
151
1
376
1
114
1
24
1
216
1
569
1
12
1
55
1
797
1
92
4
433
1
225
1
150
1
1063
1
538
1
901
1
363
1
90
1
928
1
237
1
572
1
2392
1
936
1
77
1
245
1
459
1
730
1
249
1
1383
1
420
1
1254
1
744
1
65
1
903
1
669
1
78
1
338
1
1700
1
298
1
251
1
3856
1
840
1
811
1
771
1
742
1
92
1
968
1
718
1
638
1
904
1
702
1
853
1
328
1
468
1
93
1
508
1
183
1
1620
1
105
1
1502
1
25
1
79
1
731
1
64
1
810
1
759
1
79
1
417
1
180
1
212
1
508
1
222
1
65
1
433
1
1094
1
877
1
1528
1
106
1
77
1
1545
1
184
1
76
1
91
1
887
1
182
2
115
1
159
1
260
1
470
1
890
1
1528
1
1622
1
838
1
1033
1
271
1
222
1
42
1
23
1
248
1
90
1
1176
1
902
1
810
1
263
1
466
1
811
1
918
1
508
1
222
1
120
1
24
1
518
1
118
1
94
1
64
1
445
1
364
1
93
1
557
1
236
1
559
1
15
1
874
1
170
1
1370
1
251
1
587
1
394
1
197
1
88
1
539
1
548
1
63
1
453
1
3
1
625
1
3
1
716
1
390
1
327
1
641
1
76
1
734
1
2158
1
538
1
1348
1
91
1
440
1
1349
1
351
1
902
1
731
1
919
1
520
1
369
1
637
1
970
1
810
1
1071
1
1986
1
793
1
112
1
91
1
533
1
197
1
598
1
186
1
183
1
91
1
348
1
264
1
12
1
260
1
90
1
458
1
260
1
90
1
1109
1
237
1
626
1
810
1
1011
1
797
1
91
1
257
1
265
1
36
1
53
1
104
1
570
1
67
1
340
1
181
1
182
1
11
1
172
1
260
1
627
1
534
1
24
1
66
1
730
1
171
1
1557
1
13
1
79
1
246
1
91
1
75
1
369
1
12
1
170
1
166
1
311
1
161
1
246
1
2158
1
2339
1
1271
1
310
1
55
1
339
1
550
1
442
1
720
1
627
1
480
1
329
1
1437
1
91
1
91
1
626
1
918
1
168
1
90
1
392
1
66
1
156
1
106
1
373
1
24
1
227
1
523
1
33
1
94
1
158
1
75
1
494
1
146
1
352
1
378
1
64
1
665
1
52
1
12
1
810
1
704
1
11
1
79
1
865
1
30
1
661
1
834
1
123
1
1267
1
170
1
48
1
132
1
106
1
259
1
283
1
12
1
237
1
573
1
328
1
454
1
1074
1
598
1
162
1
64
1
889
1
561
1
729
1
225
1
363
1
222
1
498
1
352
1
273
1
562
1
78
1
1606
1
645
1
57
1
400
1
385
1
11
1
56
1
93
1
862
1
452
1
131
1
81
1
324
1
272
1
132
1
404
1
719
1
91
1
444
1
11
1
92
1
650
1
1786
1
247
1
368
1
21
1
68
1
1712
1
649
1
11
1
68
1
785
1
104
1
441
1
446
1
1622
1
654
1
12
1
79
1
234
1
414
1
240
1
76
1
811
1
167
1
551
1
557
1
11
1
81
1
66
1
637
1
614
1
207
1
161
1
636
1
80
1
1555
1
92
1
327
1
271
1
117
1
80
1
13
1
144
1
13
1
154
1
103
1
90
1
90
1
115
1
148
1
531
1
129
1
798
1
11
1
148
1
637
1
250
1
733
1
167
1
468
1
12
1
771
1
184
1
91
1
643
1
1421
1
107
1
68
1
22
1
11
1
717
1
68
1
11
1
1516
1
79
1
104
1
168
1
90
1
536
1
1084
1
1283
1
79
1
11
1
55
1
373
1
219
1
502
1
614
1
271
1
538
1
468
1
92
1
339
1
1268
1
810
1
716
1
79
1
91
1
853
1
505
1
106
1
34
1
68
1
329
1
91
1
353
1
36
1
404
1
2002
1
611
1
92
1
79
1
901
1
182
1
90
1
90
1
628
1
668
1
251
1
152
1
243
1
566
1
244
1
308
1
75
1
401
1
408
1
1188
1
341
1
272
1
289
1
338
1
90
1
299
1
66
1
93
1
258
1
457
1
169
1
182
1
509
1
225
1
77
1
14
1
385
1
23
1
192
1
676
1
728
1
69
1
158
1
92
1
464
1
602
1
90
1
628
1
90
1
207
1
237
1
273
1
298
1
511
1
299
1
419
1
439
1
124
1
672
1
386
1
412
1
57
1
12
1
160
1
168
1
398
1
395
1
367
1
275
1
166
1
90
1
312
1
146
1
77
1
90
1
273
1
90
1
276
1
168
1
182
1
90
1
288
1
247
1
182
1
284
1
67
1
106
1
167
1
91
1
414
1
241
1
168
1
93
1
352
1
35
1
146
1
92
1
488
1
70
1
132
1
719
1
180
1
271
1
175
1
45
1
225
1
454
1
93
1
22
1
80
1
430
1
91
1
90
1
196
1
339
1
91
1
1175
1
14
1
78
1
260
1
350
1
147
1
133
1
180
1
78
1
115
1
332
1
101
1
195
1
549
1
78
1
76
1
445
1
21
1
80
1
1779
1
13
1
1367
1
797
1
81
1
261
1
483
1
10
1
11
1
35
1
32
1
12
1
866
1
824
1
772
1
285
1
444
1
275
1
75
1
180
1
447
1
1544
1
348
1
537
1
182
1
451
1
169
1
34
1
260
1
76
1
14
1
204
1
857
1
34
1
419
1
321
1
56
1
55
1
836
1
169
1
256
1
289
1
1149
1
445
1
12
1
93
1
75
1
90
1
468
1
80
1
260
1
520
1
135
1
56
1
204
1
155
1
326
1
66
1
171
1
476
1
592
1
300
1
54
1
12
1
246
1
389
1
174
1
169
1
1157
1
719
1
264
1
454
1
901
1
315
1
743
1
55
1
45
1
34
1
66
1
104
1
334
1
279
1
672
1
150
1
427
1
208
1
68
1
275
1
1157
1
265
1
181
1
536
1
26
1
78
1
649
1
145
1
272
1
180
1
329
1
123
1
180
1
270
1
222
1
240
1
63
1
193
1
447
1
273
1
90
1
74
1
107
1
33
1
150
1
261
1
455
1
12
1
416
1
380
1
338
1
271
1
984
1
1083
1
842
1
602
1
362
1
90
1
229
1
46
1
105
1
142
1
12
1
167
1
299
1
22
1
11
1
22
1
115
1
730
1
80
1
244
1
402
1
316
1
991
1
719
1
180
1
277
1
622
1
319
1
159
1
154
1
14
1
470
1
761
1
116
1
567
1
11
1
799
1
304
1
641
1
810
1
349
1
299
1
237
1
90
1
90
1
180
1
196
1
703
1
306
1
315
1
268
1
20
1
90
1
46
1
149
1
1058
1
307
1
11
1
124
1
183
1
490
1
576
1
90
1
117
1
253
1
347
1
90
1
130
1
54
1
351
1
90
1
286
1
432
1
551
1
529
1
112
1
31
1
10
1
105
1
21
1
271
1
90
1
65
1
26
2
273
1
35
1
55
1
235
1
27
1
362
1
10
1
148
1
11
1
13
1
78
1
259
1
91
1
204
1
11
1
124
1
287
1
373
1
24
1
43
1
276
1
73
1
378
1
68
1
37
1
64
1
168
1
272
1
90
1
371
1
256
1
90
1
207
1
13
1
146
1
350
1
180
1
199
1
155
1
679
1
68
1
105
1
52
1
115
1
321
1
76
1
23
1
465
1
91
1
1109
1
43
1
24
1
967
1
433
1
32
1
22
1
125
1
376
1
307
1
33
1
287
1
533
1
741
1
420
1
180
1
247
1
243
1
169
1
63
1
11
1
181
1
196
1
172
1
351
1
228
1
309
1
500
1
22
1
531
1
186
1
102
1
352
1
615
1
12
1
557
1
68
1
183
1
438
1
94
1
47
1
136
1
439
1
173
1
117
1
780
1
32
1
21
1
94
1
78
2
76
1
156
1
193
1
196
1
419
1
13
1
1062
1
79
1
33
1
508
1
369
1
530
1
13
1
185
1
157
1
1081
1
719
1
377
1
12
1
895
1
33
1
81
1
79
1
234
1
298
1
21
1
47
1
729
1
356
1
75
1
180
1
462
1
257
1
76
1
231
1
82
1
54
1
684
1
33
1
105
1
63
1
104
1
90
1
456
1
428
1
381
1
1057
1
475
1
205
1
315
1
379
1
35
1
382
1
344
1
70
1
933
1
180
1
194
1
229
1
125
1
182
1
90
1
444
1
24
1
704
1
35
1
304
1
180
1
180
1
187
1
754
1
586
1
204
1
261
1
272
1
181
1
184
1
249
1
104
1
385
1
501
1
76
1
103
1
116
1
46
1
46
1
328
1
387
1
810
1
11
1
320
1
74
1
390
1
11
1
678
1
131
1
853
1
802
1
69
1
161
1
431
1
172
1
90
1
350
1
309
1
34
1
46
1
237
1
90
1
388
1
57
1
90
1
12
1
442
1
1152
1
662
1
690
1
1905
1
10
1
327
1
354
1
274
1
116
1
385
1
69
1
11
1
67
1
533
1
138
1
11
1
204
1
77
1
180
1
15
1
295
1
11
1
150
1
635
1
878
1
185
1
543
1
969
1
452
1
204
1
204
1
594
1
112
1
172
1
694
1
78
1
284
1
721
1
374
1
23
1
69
1
597
1
130
1
588
1
369
1
258
1
472
1
728
1
939
1
57
1
24
1
66
1
431
1
103
1
171
1
683
1
272
1
11
1
90
1
182
1
367
1
169
1
491
1
135
1
440
1
462
1
256
1
90
1
208
1
823
1
224
1
362
1
222
1
811
1
356
1
169
1
272
1
183
1
12
1
80
1
521
1
44
1
12
1
68
1
214
1
513
1
103
1
554
1
105
1
10
1
69
1
751
1
591
1
90
1
173
1
273
1
180
1
181
1
103
1
11
1
23
1
138
1
349
1
284
1
12
1
226
1
361
1
341
1
241
1
76
1
410
1
45
1
148
1
451
1
139
1
93
1
318
1
397
1
58
1
237
1
25
1
166
1
180
1
139
1
231
1
438
1
810
1
139
1
950
1
258
1
256
1
979
1
309
1
183
1
75
1
185
1
239
1
126
1
167
1
167
1
96
1
124
1
752
1
992
1
913
1
361
1
162
1
116
1
439
1
356
1
77
1
104
1
90
1
89
1
89
1
75
1
143
1
228
1
562
1
20
1
10
1
298
1
651
1
56
1
127
1
348
1
242
1
282
1
270
1
436
1
283
1
174
1
194
1
65
1
374
1
301
1
54
1
272
1
411
1
112
1
285
1
75
1
13
1
630
1
345
1
119
1
160
1
167
1
647
1
169
1
78
1
22
1
12
1
385
1
503
1
90
1
286
1
23
1
21
1
297
1
407
1
799
1
23
1
465
1
379
1
728
1
135
1
195
1
165
1
194
1
903
1
93
1
246
1
694
1
224
1
271
1
289
1
79
1
156
1
12
1
245
1
234
1
68
1
247
1
356
1
77
1
47
1
67
1
683
1
11
1
284
1
90
1
180
1
218
1
681
1
252
1
12
1
91
1
91
1
164
1
180
1
119
1
11
1
866
1
259
1
624
1
68
1
146
1
435
1
52
1
139
1
261
1
91
1
165
1
539
1
77
1
380
1
91
1
695
1
115
1
796
1
744
1
65
1
167
1
180
1
538
1
15
1
624
1
1114
1
52
1
168
1
252
1
10
1
83
1
56
1
507
1
370
1
77
1
735
1
152
1
734
1
560
1
324
1
415
1
946
1
810
1
256
1
546
1
43
1
11
1
67
1
13
1
78
1
77
1
234
1
189
1
451
1
343
1
903
1
467
1
171
1
1897
1
555
1
67
1
729
1
173
1
256
1
509
1
137
1
35
1
78
1
65
1
575
1
657
1
35
1
158
1
570
1
255
1
554
1
81
1
157
1
93
1
345
1
96
1
21
1
57
1
10
1
183
1
438
1
199
1
78
1
797
1
824
1
75
1
180
1
180
1
246
1
92
1
80
1
204
1
33
1
375
1
115
1
56
1
249
1
1209
1
23
1
12
1
21
1
147
1
296
1
166
1
139
1
23
1
114
1
78
1
103
1
443
1
159
1
649
1
197
1
64
1
361
1
90
1
140
1
203
1
547
1
34
1
68
1
92
1
168
1
598
1
25
1
135
1
123
1
125
1
155
1
11
1
552
1
373
1
10
1
37
1
67
1
69
1
223
1
399
1
138
1
530
1
11
1
128
1
126
1
451
1
301
1
23
1
739
1
58
1
160
1
795
1
180
1
445
1
544
1
327
1
241
1
54
1
282
1
629
1
413
1
33
1
272
1
90
1
90
1
90
1
195
1
80
1
12
1
248
1
256
1
151
1
35
1
441
1
77
1
220
1
601
1
719
1
180
1
129
1
395
1
270
1
131
1
11
1
69
1
234
1
578
1
182
1
146
1
282
1
165
1
53
1
740
1
70
1
69
1
43
1
35
1
649
1
11
1
44
1
1070
1
167
1
209
1
33
1
34
1
453
1
298
1
93
1
54
1
637
1
68
1
194
1
90
1
89
1
89
1
89
1
184
1
11
1
68
1
183
1
837
1
146
1
101
1
180
1
165
1
42
1
751
1
545
1
26
1
182
1
148
1
206
1
510
1
208
1
334
1
255
1
463
1
277
1
455
1
89
1
166
1
131
1
421
1
900
1
88
1
476
1
12
1
235
1
13
1
52
1
113
1
116
1
114
1
57
1
67
1
25
1
77
1
465
1
32
1
116
1
11
1
12
1
79
1
637
1
44
1
207
1
165
1
332
1
220
1
75
1
257
1
187
1
79
1
47
1
145
1
181
1
75
1
335
1
45
1
352
1
89
1
89
1
89
1
174
1
78
1
196
1
477
1
11
1
136
1
76
1
375
1
1071
1
123
1
93
1
52
1
193
1
181
1
125
1
10
1
47
1
91
1
93
1
1354
1
22
1
138
1
350
1
75
1
221
1
45
1
35
1
80
1
259
1
375
1
344
1
269
1
263
1
78
1
105
1
164
1
285
1
963
1
92
1
14
1
386
1
550
1
246
1
472
1
52
1
103
1
466
1
33
1
114
1
11
1
649
1
34
1
372
1
402
1
45
1
10
1
259
1
481
1
11
1
11
1
213
1
596
1
1113
1
705
1
717
1
45
1
429
1
14
1
204
1
10
1
164
1
492
1
176
1
181
1
677
1
236
1
92
1
351
1
33
1
11
1
666
1
107
1
171
1
94
1
567
1
1125
1
704
1
22
1
44
1
327
1
207
1
265
1
339
1
226
1
70
1
238
1
478
1
502
1
433
1
194
1
718
1
438
1
96
1
34
1
1621
1
54
1
1044
1
159
1
77
1
317
1
162
1
214
1
116
1
142
1
324
1
251
1
395
1
11
1
69
1
740
1
139
1
494
1
951
1
93
1
957
1
335
1
102
1
199
1
54
1
102
1
13
1
166
1
508
1
161
1
637
1
254
1
533
1
970
1
90
1
90
1
421
1
182
1
23
1
535
1
195
1
78
1
167
1
642
1
91
1
441
1
171
1
361
1
180
1
130
1
11
1
69
1
861
1
42
1
238
1
11
1
13
1
761
1
35
1
167
1
629
1
376
1
971
1
182
1
603
1
192
1
435
1
192
1
25
1
78
1
256
1
368
1
621
1
200
1
1167
1
66
1
505
1
406
1
77
1
177
1
54
1
500
1
264
1
729
1
10
1
44
1
194
1
12
1
245
1
192
1
223
1
302
1
270
1
224
1
223
1
373
1
345
1
1093
1
76
1
12
1
214
1
820
1
150
1
670
1
93
1
57
1
12
1
66
1
92
1
348
1
370
1
168
1
90
1
62
1
11
1
313
1
240
1
152
1
311
1
239
1
167
1
270
1
552
1
179
1
220
1
33
1
541
1
304
1
80
1
423
1
570
1
78
1
11
1
560
1
12
1
291
1
413
1
407
1
13
1
90
1
286
1
23
1
135
1
695
1
360
1
12
1
706
1
103
1
166
1
154
1
293
1
458
1
57
1
563
1
13
1
89
1
130
1
123
1
196
1
89
1
177
1
89
1
113
1
30
1
59
1
58
1
649
1
41
1
92
1
137
1
184
1
256
1
277
1
236
1
116
1
90
1
262
1
441
1
321
1
70
1
43
1
101
1
15
1
74
1
90
1
270
1
152
1
296
1
180
1
89
1
89
1
83
1
79
1
376
1
89
1
538
1
91
1
268
1
343
1
465
1
202
1
600
1
26
1
171
1
134
1
11
1
732
1
55
1
149
1
169
1
693
1
373
1
279
1
168
1
491
1
320
1
360
1
82
1
57
1
21
1
36
1
520
1
218
1
213
1
466
1
117
1
11
1
122
1
556
1
111
1
69
1
100
1
44
1
241
1
169
1
318
1
216
1
351
1
289
1
250
1
352
1
126
1
68
1
64
1
362
1
631
1
270
1
139
1
140
1
74
1
616
1
10
1
729
1
93
1
728
1
67
1
13
1
78
1
995
1
10
1
274
1
888
1
207
1
11
1
44
1
104
1
170
2
478
1
68
1
863
1
665
1
715
1
159
1
627
1
22
1
24
1
56
1
728
1
160
1
744
1
31
1
69
1
34
1
12
1
123
1
338
1
277
1
10
1
22
1
80
1
533
1
184
1
67
1
169
1
247
1
177
1
100
1
10
1
638
1
58
1
67
1
499
1
228
1
12
1
762
1
46
1
33
1
184
1
258
1
251
1
376
1
335
1
304
1
504
1
86
1
667
1
400
1
226
1
323
1
72
1
81
1
23
1
11
1
259
1
1210
1
239
1
11
1
616
1
127
1
156
1
478
1
161
1
351
1
458
1
245
1
458
1
105
1
904
1
104
1
78
1
169
1
224
1
48
1
58
1
553
1
629
1
483
1
66
1
442
1
136
1
284
1
206
1
90
1
239
1
34
1
67
1
194
1
422
1
20
1
10
1
116
1
314
1
401
1
124
1
553
1
95
1
171
1
105
1
152
1
418
1
20
1
186
1
474
1
148
1
81
1
766
1
21
1
751
1
466
1
168
1
26
1
959
1
46
1
11
1
68
1
65
1
270
1
990
1
929
1
161
1
154
1
192
1
89
1
275
1
214
1
304
1
219
1
41
1
70
1
92
1
81
1
613
1
103
1
159
1
335
1
162
1
47
1
22
1
149
1
245
1
415
1
56
1
262
1
362
1
33
1
114
1
115
1
579
1
474
1
335
1
33
1
349
1
551
1
271
1
394
1
59
1
41
1
185
1
223
1
798
1
26
1
261
1
135
1
137
1
13
1
336
1
447
1
13
1
244
1
105
1
171
1
43
1
205
1
24
1
1248
1
267
1
348
1
312
1
45
1
360
1
103
1
525
1
194
1
453
1
100
1
101
1
24
1
327
1
64
1
26
1
112
1
778
1
170
1
196
1
141
1
343
1
152
1
65
1
156
1
27
1
351
1
66
1
208
1
75
1
180
1
1258
1
348
1
461
1
91
1
181
1
88
1
263
1
10
1
249
1
14
1
91
1
89
1
585
1
252
1
168
1
91
1
241
1
295
1
257
1
95
1
90
1
625
1
125
1
36
1
113
1
172
1
442
1
32
1
57
1
186
1
435
1
212
1
42
1
450
1
304
1
157
1
92
1
90
1
351
1
57
1
45
1
78
1
92
1
580
1
136
1
76
1
375
1
314
1
115
1
123
1
25
1
339
1
285
1
237
1
13
1
233
1
119
1
181
1
25
1
65
1
156
1
104
2
164
1
140
1
150
1
671
1
283
1
515
1
113
1
10
1
182
2
1
1
253
1
105
1
356
2
452
1
199
1
159
1
715
1
166
1
89
1
625
1
68
1
534
1
48
1
53
1
320
1
548
1
13
1
704
1
237
1
526
1
113
1
78
1
276
1
88
1
370
1
422
1
246
1
215
2
569
1
44
1
10
1
439
1
278
1
35
1
147
1
256
1
579
1
444
1
232
1
315
1
170
1
410
1
476
1
228
1
69
1
92
1
79
1
338
1
65
1
24
1
301
1
79
1
555
1
93
1
472
1
25
1
229
1
124
1
272
1
90
1
285
1
23
1
44
1
11
1
519
1
175
1
79
1
46
1
66
1
12
1
155
1
933
1
373
1
490
1
341
1
81
1
11
1
69
1
238
1
490
1
320
1
153
1
230
1
307
1
25
1
52
1
925
1
354
1
35
1
510
1
251
1
102
1
427
1
233
1
11
1
56
1
66
1
439
1
11
1
706
1
100
1
413
1
80
1
648
1
216
1
478
1
10
1
69
1
22
1
11
1
33
1
22
1
171
1
350
1
460
1
51
1
206
1
252
1
206
1
259
1
90
1
193
1
80
1
11
1
341
1
90
1
240
1
136
1
145
1
570
1
419
1
89
1
89
1
1086
1
180
1
114
1
246
1
228
1
92
1
137
1
236
1
113
1
310
1
162
1
428
1
368
1
77
1
65
1
470
1
182
1
182
1
90
1
152
1
108
1
56
1
763
1
80
1
67
1
192
1
179
1
89
1
1243
1
613
1
118
1
281
1
502
1
321
1
477
1
81
1
236
1
257
1
129
1
33
1
194
1
25
1
142
1
25
1
90
1
90
1
421
1
616
1
102
1
282
1
89
1
89
1
209
1
1230
1
612
1
215
1
236
1
220
1
58
1
100
1
683
1
69
1
80
1
171
1
626
1
234
1
115
1
194
1
10
1
92
1
81
1
53
1
168
1
101
1
310
1
149
1
12
1
624
1
22
1
22
1
46
1
11
1
584
1
213
1
66
1
361
1
539
1
90
1
484
1
216
1
113
1
283
1
275
1
275
1
335
1
149
1
81
1
82
1
381
1
654
1
181
1
238
1
141
1
221
1
379
1
102
1
93
1
79
1
255
1
89
1
197
1
80
1
92
1
348
1
166
1
143
1
798
1
421
1
393
1
229
1
111
1
499
1
27
1
20
1
170
1
24
1
65
1
183
1
165
1
149
1
93
1
373
1
102
1
447
1
184
1
418
1
71
1
739
1
181
1
192
1
377
1
174
1
168
1
90
1
254
1
155
1
22
1
22
1
263
1
90
1
88
1
320
1
45
1
12
1
65
1
363
1
302
1
285
1
80
1
338
1
135
1
128
1
115
1
80
1
169
1
314
1
93
1
12
1
360
1
402
1
587
1
129
1
47
1
33
1
163
1
781
1
101
1
90
1
90
1
89
1
243
1
657
1
163
1
36
1
64
1
93
1
450
1
200
1
64
1
543
1
122
1
90
1
124
1
45
1
57
1
32
1
12
1
54
1
101
1
493
1
22
1
127
1
153
1
424
1
45
1
67
1
259
1
103
1
205
1
331
1
2
1
557
1
12
1
585
1
141
1
57
1
236
1
15
1
86
2
272
1
263
1
662
1
68
1
14
1
1879
1
455
1
263
1
76
1
258
1
629
1
403
1
1048
1
718
1
91
1
546
1
66
1
104
1
625
1
12
1
79
1
261
1
455
1
171
1
1704
1
26
1
426
1
356
1
90
1
494
1
79
1
144
1
810
1
273
1
273
1
183
1
91
1
546
1
66
1
12
1
78
1
12
1
625
1
12
1
1592
1
112
1
823
1
431
1
166
1
174
1
286
1
2967
1
717
1
12
1
1717
1
1060
1
91
1
166
1
90
1
277
1
91
1
168
1
1188
1
79
1
810
1
91
1
1529
1
1522
1
128
1
249
1
62
1
196
1
273
1
430
1
299
1
92
1
510
1
299
1
79
1
650
1
146
1
810
1
169
1
480
1
159
1
612
1
91
1
183
1
560
1
918
1
65
1
91
1
337
1
277
1
23
1
93
1
78
1
557
1
134
1
1438
1
90
1
182
1
810
1
546
1
79
1
91
1
651
1
172
1
611
1
828
1
22
1
12
1
134
1
90
1
90
1
273
1
194
1
105
1
132
1
628
1
545
1
1031
1
80
1
680
1
22
1
12
1
797
1
93
1
1870
1
551
1
23
1
134
1
374
1
91
1
209
1
329
1
256
1
629
1
181
1
129
1
80
1
53
1
104
1
1791
1
810
1
374
1
14
1
79
1
1542
1
25
1
80
1
301
1
180
1
106
1
366
1
336
1
208
1
11
1
226
1
548
1
368
1
978
1
534
1
183
1
388
1
66
1
824
1
248
1
466
1
919
1
67
1
104
1
571
1
146
1
53
1
596
1
81
1
691
1
23
1
332
1
74
1
275
1
127
1
497
1
366
1
184
1
557
1
237
1
547
1
91
1
13
1
78
1
1481
1
80
1
78
1
77
1
90
1
76
1
379
1
24
1
31
1
114
1
440
1
90
1
174
1
11
1
66
1
1355
1
2524
1
12
1
172
1
888
1
1164
1
235
1
66
1
339
1
258
1
552
1
90
1
445
1
718
1
352
1
90
1
1189
1
784
1
730
1
93
1
701
1
216
1
246
1
14
1
549
1
64
1
571
1
680
1
629
1
378
1
66
1
273
1
90
1
90
1
1098
1
784
1
105
1
624
1
93
1
77
1
182
1
461
1
365
1
422
1
112
1
11
1
249
1
182
1
310
1
409
1
166
1
90
1
720
1
719
1
273
1
11
1
11
1
238
1
571
1
80
1
248
1
443
1
11
1
12
1
432
1
1203
1
11
1
317
1
480
1
252
1
512
1
138
1
145
1
77
1
719
1
455
1
208
1
1047
1
548
1
352
1
1162
1
91
1
13
1
1010
1
602
1
364
1
481
1
160
1
77
1
257
1
174
1
57
1
135
1
12
1
521
1
275
1
260
1
182
1
366
1
260
1
549
1
77
1
273
1
298
1
80
1
64
1
651
1
341
1
507
1
67
1
79
1
12
1
79
1
171
1
442
1
158
1
24
1
261
1
976
1
186
1
23
1
327
1
90
1
310
1
226
1
901
1
480
1
80
1
248
1
182
1
284
1
984
1
76
1
612
1
31
1
194
1
156
1
481
1
253
1
441
1
10
1
35
1
880
1
132
1
596
1
134
1
615
1
10
1
35
1
81
1
1137
1
810
1
375
1
67
1
794
1
44
1
147
1
662
1
105
1
635
1
411
1
386
1
94
1
313
1
389
1
329
1
365
1
102
1
264
1
351
1
219
1
41
1
992
1
639
1
850
1
93
1
159
1
167
1
457
1
93
1
77
1
166
1
629
1
184
1
340
1
34
1
13
1
65
1
649
1
135
1
730
1
183
1
167
1
90
1
91
1
381
1
1868
1
420
1
472
1
323
1
80
1
717
1
11
1
33
1
22
1
834
1
328
1
706
1
572
1
970
1
1342
1
25
1
146
1
667
1
24
1
239
1
233
1
115
1
264
1
103
1
519
1
210
1
600
1
209
1
693
1
171
1
730
1
92
1
624
1
92
1
157
1
13
1
569
1
148
1
637
1
850
1
226
1
90
1
90
1
182
1
219
1
111
1
180
1
180
1
277
1
21
1
433
1
524
1
754
1
600
1
116
1
147
1
25
1
612
1
11
1
92
1
171
1
76
1
181
1
298
1
146
1
1582
1
420
1
1095
1
92
1
55
1
24
1
325
1
180
1
553
1
398
1
669
1
290
1
428
1
1086
1
810
1
768
1
503
1
74
1
165
1
877
1
44
1
787
1
46
1
1126
1
90
1
90
1
381
1
704
1
717
1
79
1
25
1
429
1
286
1
12
1
145
1
678
1
23
1
283
1
37
1
63
1
641
1
442
1
1087
1
78
1
77
1
13
1
348
1
952
1
68
1
955
1
272
1
90
1
1086
1
92
1
675
1
160
1
79
1
13
1
78
1
170
1
152
1
152
1
35
1
21
1
91
1
55
1
451
1
13
1
196
1
92
1
506
1
187
1
366
1
534
1
12
1
246
1
272
1
116
1
11
1
240
1
76
1
272
1
90
1
197
1
171
1
638
1
65
1
545
1
446
1
181
1
349
1
44
1
22
1
34
1
45
1
315
1
13
1
445
1
104
1
233
1
102
1
722
1
318
1
57
1
67
1
105
1
521
1
21
1
329
1
14
1
613
1
674
1
81
1
65
1
903
1
75
1
272
1
207
1
67
1
873
1
372
1
310
1
10
1
34
1
1
1
43
1
92
1
251
1
255
1
128
1
22
1
205
1
526
1
204
1
262
1
443
1
718
1
115
1
158
1
92
1
703
1
363
1
90
1
184
1
980
1
587
1
91
1
68
1
182
1
234
1
629
1
379
1
67
1
299
1
499
1
387
1
976
1
208
1
601
1
90
1
94
1
10
1
23
1
44
1
102
1
13
1
635
1
12
1
81
1
728
1
67
1
771
1
226
1
182
1
64
1
708
1
23
1
181
1
218
1
68
1
159
1
557
1
512
1
446
1
1790
1
1082
1
171
1
35
1
11
1
226
1
611
1
410
1
468
1
1050
1
465
1
46
1
33
1
92
1
429
1
434
1
194
1
90
1
307
1
45
1
35
1
238
1
348
1
128
1
590
1
195
1
23
1
11
1
229
1
1068
1
90
1
395
1
170
1
92
1
257
1
1428
1
180
1
1441
1
307
1
45
1
274
1
489
1
1479
1
810
1
373
1
102
1
92
1
232
1
199
1
33
1
80
1
79
1
144
1
116
1
283
1
22
1
12
1
216
1
580
1
671
1
126
1
125
1
11
1
350
1
298
1
22
1
45
1
729
1
263
1
258
1
459
1
168
1
493
1
68
1
78
1
349
1
262
1
74
1
46
1
33
1
80
1
123
1
34
1
92
1
258
1
195
1
68
1
638
1
21
1
23
1
217
1
246
1
103
1
217
1
162
1
339
1
307
1
11
1
69
1
315
1
271
1
719
1
382
1
169
1
718
1
570
1
847
1
125
1
275
1
63
1
195
1
113
1
319
1
361
1
221
1
56
1
260
1
90
1
90
1
241
1
11
1
10
1
46
1
68
1
53
1
180
1
104
1
365
1
520
1
460
1
258
1
643
1
453
1
522
1
367
1
78
1
453
1
327
1
46
1
248
1
400
1
832
1
150
1
416
1
13
1
90
1
82
1
137
1
55
1
12
1
624
1
958
1
271
1
483
1
507
1
289
1
610
1
356
1
759
1
23
1
67
1
248
1
389
1
239
1
91
1
154
1
312
1
23
1
69
1
508
1
137
1
46
1
35
1
393
1
357
1
633
1
291
1
170
1
256
1
719
1
311
1
55
1
25
1
728
1
240
1
686
1
162
1
65
1
13
1
323
1
14
2
60
1
213
1
11
1
79
1
695
1
78
1
192
1
181
1
229
1
82
1
316
1
91
1
262
1
32
1
57
1
752
1
946
1
271
1
991
1
719
1
827
1
798
1
14
1
328
1
285
1
502
1
881
1
145
1
14
1
243
1
277
1
45
1
1387
1
90
1
370
1
348
1
220
1
407
1
428
1
12
1
320
1
42
1
191
1
255
1
67
1
226
1
271
1
90
1
208
1
45
1
22
1
741
1
810
1
214
1
283
1
162
1
148
1
226
1
258
1
12
1
90
1
208
1
55
1
350
1
180
1
1439
1
180
1
156
1
80
1
513
1
52
1
326
1
31
1
684
1
330
1
90
1
90
1
204
1
69
1
328
1
719
1
513
1
23
1
22
1
352
1
167
1
196
1
68
1
90
1
24
1
65
1
593
1
320
1
453
1
11
1
81
1
862
1
202
1
756
1
77
1
558
1
486
1
11
1
207
1
891
1
1138
1
180
1
313
1
133
1
103
1
90
1
719
1
1067
1
659
1
168
1
392
1
80
1
1311
1
544
1
308
1
880
1
11
1
496
1
103
1
447
1
90
1
444
1
24
1
249
1
478
1
407
1
589
1
12
2
79
1
1436
1
161
1
169
1
422
1
632
1
222
1
1230
1
285
1
34
1
935
1
182
1
166
1
180
1
118
1
940
1
80
1
331
1
153
1
245
1
397
1
388
1
11
1
305
1
258
1
163
1
311
1
464
1
253
1
154
1
719
1
285
1
194
1
419
1
458
1
741
1
953
1
135
1
225
1
204
1
345
1
451
1
233
1
22
1
554
1
150
1
58
1
11
1
68
1
520
1
115
1
174
1
729
1
145
1
182
1
523
1
286
1
613
1
105
1
1156
1
167
1
69
1
22
1
149
1
79
1
78
1
92
1
51
1
23
1
228
1
492
1
615
1
362
1
84
1
205
1
156
1
90
1
167
1
243
1
34
1
90
1
90
1
182
1
1067
1
278
1
183
1
490
1
394
1
471
1
171
1
256
1
180
1
248
1
80
1
474
1
151
1
37
1
65
1
125
1
731
1
170
1
466
1
80
1
11
1
67
1
12
1
430
1
90
1
149
1
45
1
93
1
142
1
104
1
256
1
554
1
164
1
197
1
846
1
575
1
221
1
147
1
92
1
664
1
102
1
11
1
214
1
103
1
1154
1
45
1
683
1
523
1
91
1
240
1
387
1
433
1
10
1
36
1
703
1
798
1
105
1
53
1
11
1
649
1
94
1
158
1
437
1
295
1
284
1
156
1
379
1
79
1
90
1
13
1
222
1
229
1
34
1
183
1
47
1
578
1
103
1
22
1
615
1
113
1
80
1
507
1
11
1
105
1
21
1
162
1
416
1
1710
1
152
1
45
1
533
1
340
1
11
1
54
1
486
1
243
1
45
1
834
1
159
1
245
1
448
1
284
1
273
1
32
1
658
1
460
1
258
1
538
1
502
1
45
1
273
1
180
1
297
1
602
1
245
1
309
1
272
1
91
1
217
1
319
1
91
1
433
1
169
1
11
1
1393
1
752
1
531
1
102
1
139
1
46
1
184
1
63
1
283
1
207
1
22
1
125
1
615
1
68
1
45
1
92
1
77
1
90
1
76
1
193
1
326
1
12
1
147
1
171
1
433
1
430
1
168
1
108
1
123
1
227
1
25
1
167
1
400
1
69
1
249
1
154
1
312
1
80
1
603
1
125
1
11
1
316
1
354
1
10
1
56
1
11
1
193
1
77
1
12
1
455
1
715
1
93
1
23
1
226
1
180
1
13
1
89
1
89
1
487
1
214
1
126
1
377
1
316
1
102
1
195
1
69
1
21
1
34
1
33
1
338
1
206
1
92
1
250
1
25
1
245
1
810
1
551
1
154
1
180
1
220
1
692
1
140
1
655
1
142
1
69
1
66
1
77
1
180
1
396
1
217
1
66
1
304
1
333
1
137
1
453
1
231
1
398
1
388
1
11
1
56
1
12
1
157
1
64
1
26
1
75
1
343
1
1
1
990
1
284
1
180
1
210
1
704
1
80
1
66
1
103
1
181
1
75
1
180
1
187
1
91
1
77
1
195
1
89
1
426
1
149
1
394
1
140
1
102
1
23
1
271
1
444
1
25
1
44
1
113
1
113
1
435
1
543
1
309
1
35
1
126
1
624
1
22
1
591
1
218
1
786
1
11
1
68
1
66
1
25
1
77
1
76
1
195
1
179
1
173
1
91
1
91
1
91
1
1395
1
93
1
407
1
264
1
1085
1
166
1
167
1
13
1
150
1
34
1
23
1
740
1
670
1
447
1
75
1
180
1
221
1
11
1
810
1
484
1
180
1
307
1
10
1
79
1
261
1
77
1
256
1
53
1
57
1
35
1
54
1
260
1
183
1
194
1
147
1
708
1
113
1
259
1
309
1
81
1
314
1
286
1
538
1
626
1
546
1
263
1
582
1
69
1
595
1
365
1
56
1
79
1
78
1
144
1
25
1
225
1
151
1
79
1
339
1
92
1
274
1
866
1
101
1
573
1
236
1
183
1
307
1
34
1
377
1
254
1
292
1
64
1
105
1
884
1
180
1
234
1
69
1
233
1
727
1
475
1
136
1
242
1
123
1
10
1
640
1
452
1
115
1
115
1
137
1
91
1
167
1
470
1
430
1
76
1
13
1
264
1
11
1
92
1
979
1
256
1
370
1
625
1
158
1
25
1
1063
1
308
1
32
1
322
1
156
1
157
1
471
1
103
1
466
1
511
1
173
1
124
1
161
1
155
1
410
1
22
1
58
1
214
1
652
1
259
1
270
1
345
1
451
1
129
1
11
1
69
1
172
1
256
1
395
1
69
1
79
1
112
1
135
1
124
1
720
1
167
1
696
1
219
1
524
1
423
1
22
1
23
1
694
1
22
1
1689
1
12
1
233
1
192
1
77
1
461
1
544
1
361
1
377
1
101
1
10
1
80
1
92
1
157
1
408
1
81
1
69
1
44
1
35
1
156
1
491
1
57
1
91
1
246
1
298
1
32
1
310
1
499
1
70
1
1756
1
13
1
153
1
12
1
1467
1
237
1
652
1
55
1
126
1
154
1
161
1
196
1
283
1
720
1
64
1
25
1
90
1
309
1
395
1
309
1
69
1
171
1
348
1
265
1
775
1
22
1
361
1
719
1
103
1
269
1
545
1
78
1
205
1
82
1
69
1
75
1
230
1
246
1
228
1
10
1
70
1
81
1
80
1
41
1
386
1
959
1
647
1
117
1
33
1
58
1
224
1
193
1
344
1
34
1
11
1
160
1
424
1
96
1
182
1
12
1
349
1
89
1
173
1
170
1
25
1
154
1
599
1
21
1
116
1
374
1
243
1
75
1
151
1
211
1
652
1
273
1
90
1
446
1
91
1
75
1
472
1
65
1
12
1
349
1
174
1
286
1
522
1
56
1
474
1
13
1
166
1
107
1
821
1
11
1
135
1
375
1
292
1
149
1
475
1
471
1
132
1
798
1
23
1
77
1
13
1
91
1
237
1
183
1
37
1
76
1
167
1
321
1
137
1
518
1
13
1
83
1
67
1
219
1
166
1
90
1
75
1
104
1
210
1
236
1
181
1
1243
1
26
1
243
1
397
1
702
1
473
1
77
1
628
1
580
1
126
1
25
1
729
1
392
1
104
1
173
1
101
1
24
1
313
1
105
1
353
1
90
1
168
1
106
1
719
1
163
1
300
1
252
1
563
1
69
1
41
1
228
1
283
1
92
1
285
1
11
1
80
1
65
1
326
1
109
1
545
1
318
1
152
1
156
1
572
1
498
1
286
1
342
1
352
1
195
1
76
1
92
1
443
1
260
1
12
1
438
1
200
1
78
1
92
1
723
1
111
1
273
1
398
1
765
1
21
1
92
1
147
1
12
1
442
1
102
1
22
1
81
1
55
1
247
1
798
1
413
1
124
1
626
1
58
1
329
1
271
1
149
2
57
1
716
1
93
1
238
1
180
1
63
1
11
1
327
1
80
1
264
1
31
1
329
1
161
1
10
1
104
1
66
1
91
1
155
1
104
1
366
1
672
1
138
1
78
1
258
1
254
1
21
1
275
1
348
1
196
1
22
1
136
1
12
1
349
1
194
1
185
1
157
1
784
1
25
1
90
1
340
1
170
1
102
1
270
1
77
1
525
1
213
1
822
1
317
1
402
1
167
1
66
1
150
1
10
1
26
1
180
1
78
1
270
1
114
1
289
1
43
1
295
1
307
1
138
1
11
1
66
1
180
1
258
1
267
1
765
1
146
1
104
1
165
1
298
1
11
1
241
1
334
1
367
1
292
1
11
1
66
1
67
1
310
1
366
1
41
1
352
1
37
1
113
1
11
1
123
1
78
1
596
1
159
1
797
1
582
1
21
1
387
1
295
1
499
1
629
1
257
1
290
1
157
1
26
1
571
1
49
1
384
1
66
1
24
1
293
1
595
1
242
1
31
1
21
1
216
1
78
1
400
1
91
1
33
1
776
1
22
1
149
1
350
1
286
1
237
1
270
1
208
1
239
1
581
1
162
1
413
1
209
1
160
1
181
1
89
1
425
1
401
1
11
1
66
1
492
1
741
1
217
1
168
1
526
1
78
1
114
1
181
1
227
1
218
1
888
1
180
1
552
1
76
1
900
1
89
1
76
1
1037
1
139
1
540
1
160
1
59
1
183
1
249
1
628
1
168
1
90
1
217
1
10
1
10
1
481
1
165
1
129
1
161
1
78
1
77
1
525
1
207
1
76
1
719
1
14
1
555
1
22
1
22
1
193
1
347
1
553
1
699
1
320
1
168
1
114
1
80
1
32
1
150
1
145
1
11
1
66
1
24
1
143
1
221
1
33
1
11
1
22
1
34
1
158
1
77
1
90
1
551
1
143
1
25
1
386
1
33
1
206
1
569
1
22
1
58
1
145
1
14
1
243
1
719
1
194
1
447
1
76
1
458
1
103
1
170
1
346
1
287
1
169
1
54
1
79
1
340
1
228
1
400
1
333
1
135
1
66
1
13
1
77
1
65
1
102
1
91
1
91
1
113
1
92
1
11
1
319
1
385
1
93
1
122
1
23
1
440
1
538
1
470
1
740
1
44
1
105
1
169
1
180
1
261
1
103
1
78
1
859
1
68
1
194
1
144
1
11
1
206
1
160
1
34
1
395
1
299
1
92
1
80
1
312
1
26
1
215
1
488
1
333
1
34
1
624
1
104
1
22
1
409
1
183
1
89
1
138
1
44
1
12
1
248
1
627
1
662
1
11
1
213
1
13
1
533
1
79
1
404
1
45
1
100
1
257
1
165
1
80
1
67
1
338
1
126
1
21
1
6
1
155
1
45
1
590
1
174
1
160
1
233
1
798
1
23
1
217
1
104
1
1284
1
103
1
332
1
23
1
12
1
77
1
180
1
366
1
79
1
104
1
244
1
255
1
130
1
376
1
156
1
90
1
228
1
138
1
103
1
78
1
246
1
65
1
164
1
411
1
91
1
181
1
113
1
487
1
641
1
77
1
193
1
185
1
79
1
453
1
240
1
23
1
158
1
295
1
76
1
301
1
55
1
36
1
79
1
244
1
103
1
603
1
739
1
10
1
22
1
170
1
77
1
90
1
135
1
92
1
69
1
498
1
208
1
91
1
147
1
102
1
77
1
378
1
159
1
23
1
170
1
233
1
23
1
149
1
139
1
79
1
91
1
167
1
243
1
566
1
180
1
220
1
32
1
11
1
1264
1
275
1
55
1
115
1
583
1
161
1
21
1
331
1
77
1
90
1
164
1
79
1
31
1
10
1
57
1
451
1
106
1
217
1
68
1
66
1
145
1
299
1
193
1
79
1
66
1
479
1
251
1
90
1
271
1
228
1
58
1
159
1
336
1
198
1
55
1
151
1
66
1
272
1
240
1
31
1
45
1
34
1
717
1
10
1
160
1
860
1
91
1
11
1
160
1
77
1
65
1
78
1
128
1
123
1
116
1
10
1
115
1
211
1
240
1
161
1
22
1
147
1
182
1
294
1
103
1
69
1
146
1
12
1
773
1
101
1
284
1
539
1
153
1
26
1
367
1
741
1
68
1
233
1
282
1
130
1
22
1
282
1
282
1
327
1
172
1
45
1
10
1
115
1
77
1
491
1
228
1
143
1
391
1
104
1
53
1
11
1
499
1
15
1
77
1
192
1
11
1
548
1
103
1
133
1
115
1
90
1
153
1
316
1
249
1
419
1
115
1
1699
1
872
1
67
1
92
1
77
1
263
1
181
1
33
1
81
1
327
1
366
1
262
1
143
1
279
1
136
1
327
1
90
1
173
1
101
1
91
1
66
1
103
1
91
1
255
1
118
1
80
1
171
1
638
1
172
1
637
1
11
1
716
1
22
1
293
1
193
1
395
1
101
1
329
1
426
1
65
1
56
1
24
1
501
1
52
1
81
1
81
1
315
1
346
1
439
1
25
1
181
1
81
1
65
1
127
1
78
1
156
1
435
1
46
1
1421
1
152
1
113
1
348
1
644
1
74
1
408
1
272
1
183
1
513
1
44
1
81
1
144
1
183
1
75
1
96
1
457
1
62
1
358
1
43
1
56
1
366
1
261
1
54
1
82
1
229
1
509
1
208
1
649
1
144
1
90
1
272
1
89
1
356
1
91
1
91
1
89
1
629
1
90
1
88
1
302
1
250
1
68
1
135
1
171
1
512
1
10
1
104
1
245
1
357
1
180
1
505
1
292
1
389
1
104
1
67
1
660
1
204
1
375
1
89
1
104
1
46
1
552
1
16
1
539
1
359
1
172
1
439
1
196
1
80
1
530
1
32
1
409
1
47
1
44
1
228
1
44
1
215
1
194
1
183
1
92
1
78
1
53
1
101
1
239
1
95
1
100
1
10
1
35
1
491
1
169
1
68
1
329
1
63
1
102
1
356
1
24
1
649
1
147
1
168
1
156
1
219
1
104
1
11
1
122
1
102
1
180
1
285
1
35
1
904
1
636
1
162
1
253
1
145
1
11
1
13
1
76
1
355
1
10
1
57
1
21
1
90
1
78
1
11
1
55
1
10
1
101
1
563
1
324
1
267
1
125
1
78
1
477
1
92
1
56
1
236
1
400
1
184
1
66
1
271
1
332
2
137
1
403
1
24
1
76
1
165
1
138
1
41
1
205
1
154
1
399
1
90
1
33
1
11
1
44
1
90
1
651
1
67
1
157
1
11
1
13
1
52
1
666
1
154
1
196
1
31
1
92
1
24
1
137
1
211
1
505
1
706
1
34
1
552
1
24
1
150
1
568
1
218
1
34
1
646
1
116
1
576
1
101
1
196
1
159
1
292
1
104
1
705
1
13
1
76
1
254
1
1277
1
386
1
161
1
533
1
196
1
236
1
421
1
659
1
104
1
92
1
159
1
437
1
256
1
23
1
426
1
11
1
673
1
212
1
344
1
799
1
384
1
391
1
260
1
733
1
498
1
35
1
91
1
11
1
133
1
101
1
538
1
116
1
259
1
89
1
62
1
26
1
81
1
352
1
467
1
34
1
216
1
347
1
581
1
90
1
12
1
246
1
105
1
204
1
464
1
10
1
24
1
228
1
81
1
68
1
79
1
169
1
387
1
80
1
159
1
77
1
180
1
255
1
112
1
23
1
67
1
92
1
141
1
205
1
149
1
220
1
522
1
159
1
372
1
89
1
77
1
119
1
22
1
69
1
728
1
161
1
168
1
256
1
238
1
219
1
31
1
194
1
454
1
251
1
351
1
195
1
10
1
10
1
476
1
345
1
452
1
279
1
112
1
157
1
168
1
206
1
422
1
101
1
389
1
148
1
271
1
257
1
236
1
315
1
976
1
12
1
89
1
398
1
103
1
54
1
102
1
641
1
78
1
155
1
299
1
47
1
111
1
90
1
13
1
545
1
173
1
64
1
13
1
348
1
149
1
14
1
112
1
671
1
126
1
12
1
65
1
12
1
93
1
61
1
401
1
174
1
79
1
165
1
551
1
682
1
11
1
22
1
261
1
255
1
548
1
292
1
13
1
203
1
80
1
264
1
234
1
299
1
115
1
694
1
22
1
11
1
124
1
351
1
90
1
163
1
831
1
171
1
438
1
141
1
22
1
47
1
43
1
463
1
231
1
45
1
12
1
339
1
89
1
89
1
89
1
187
1
12
1
80
1
168
1
90
1
88
1
178
1
500
1
157
1
296
1
264
1
158
1
261
1
113
1
91
1
57
1
116
1
155
1
876
1
332
1
308
1
3
2
462
1
22
1
22
1
59
1
146
1
1
3
691
1
373
1
1
2
87
1
195
1
250
1
90
1
526
1
117
1
438
1
161
