0
153099
1
65608
1
21869
1
51028
1
7289
1
811
1
7289
1
28349
1
36447
1
15391
1
13768
1
51840
1
57507
1
14580
1
58318
1
811
1
4853
1
1
1
1622
1
21870
1
43737
1
811
1
4852
1
809
1
66426
1
102059
1
58313
1
814
1
42928
1
1
1
804
1
13863
1
7193
1
7289
1
14675
1
22588
2
805
1
7290
1
6480
1
808
1
5760
1
2339
1
6477
1
813
1
4869
1
170
1
2249
1
4946
1
92
1
719
1
14482
1
810
1
7293
2
8096
1
12962
2
2425
1
4233
1
3053
1
1624
1
2516
1
716
1
6494
1
77
1
2340
1
4948
1
812
1
1529
1
4946
1
2343
1
5759
1
1524
1
4951
1
1525
1
5764
1
7290
1
1530
1
2424
1
1
1
5665
1
4
1
2427
2
3251
1
7368
1
811
1
2333
1
809
1
4
2
808
1
4044
1
810
2
2
1
1616
1
810
1
810
1
3237
2
7288
1
2
1
4869
1
76
1
2340
1
8098
1
4140
1
2335
1
1623
1
807
1
1
1
808
2
809
1
900
1
3149
1
805
1
1623
1
8097
1
1710
1
811
1
4763
1
2526
1
5587
1
1604
1
2430
1
2
1
806
1
3
1
805
1
4860
1
809
1
809
2
2518
1
2341
2
806
1
2429
1
1
1
810
1
896
1
813
1
1527
1
1617
1
809
2
808
1
1
1
810
1
896
2
2336
1
6
1
1615
1
1618
1
1711
1
92
1
719
1
1528
2
1616
1
1620
1
806
1
902
1
2340
1
1618
1
2426
1
903
1
3149
1
1619
1
2609
1
638
1
4936
2
3243
1
3952
1
1712
1
733
1
1602
1
1624
1
1
1
3231
1
92
2
93
1
718
1
3144
1
809
1
2
1
806
1
3
1
810
1
990
1
2246
1
1
1
1615
1
810
1
3150
2
1704
1
2432
1
810
1
1614
1
725
2
1707
1
1618
1
3327
1
1
2
627
1
3
1
180
1
1527
1
808
1
809
1
806
1
813
1
810
1
898
1
630
1
1709
1
808
1
2425
1
1714
1
625
1
1714
1
808
1
1619
1
804
1
815
1
894
1
93
1
638
1
889
1
4045
1
732
1
888
1
93
1
717
1
5666
1
810
1
812
1
3143
1
815
1
810
1
1611
1
93
2
7285
1
3
1
631
2
1706
1
1
1
806
1
809
1
807
1
809
1
809
1
825
1
76
2
628
4
179
1
1529
1
805
1
809
1
807
1
2522
2
631
1
179
1
1526
1
805
1
812
1
1617
1
1708
1
3
2
626
1
4
1
4136
1
1616
1
807
1
95
1
2339
1
1614
1
2430
1
900
1
3
1
629
1
1709
1
4044
1
5
1
1617
1
57510
2
7288
2
2422
1
6484
1
5760
1
1529
1
7290
1
21052
1
8104
1
13045
2
2337
1
812
1
4139
1
3150
1
4951
1
1526
1
7289
1
13053
1
6473
1
2345
1
12159
1
14652
1
811
1
1534
1
808
1
808
1
4137
1
1533
1
808
1
1616
2
2608
1
640
1
77
1
3960
3
3248
1
77
1
813
1
2335
1
3514
1
3779
1
4134
1
3149
1
4
1
806
2
3249
1
2415
1
815
1
805
1
2516
1
91
1
94
1
548
1
1603
1
1626
1
808
1
808
1
2423
1
3247
1
4054
1
3234
1
1615
1
2
1
2434
1
797
1
4865
1
819
1
884
1
6
1
805
1
3153
1
1616
1
1
1
1077
1
3775
1
3345
1
74
1
3058
1
4075
1
79
1
166
1
92
1
442
1
4051
1
2793
1
443
1
185
1
4676
1
1981
1
91
2
363
1
814
1
77
1
3957
1
1627
1
353
1
89
2
89
3
87
3
87
3
986
2
3956
1
1981
1
90
2
87
1
89
1
1077
5
5939
1
90
1
87
3
86
1
89
1
175
1
814
1
3145
1
2701
1
360
1
89
1
990
1
5847
1
2
1
447
1
990
1
713
1
91
1
1
1
4870
1
812
1
887
1
3150
2
1522
1
832
1
248
1
91
1
91
1
380
1
79
1
168
1
532
1
902
1
811
1
812
1
3505
1
181
1
89
1
88
1
361
1
545
1
173
1
716
1
5219
1
632
1
545
1
78
1
95
1
2242
1
3263
1
80
1
256
1
6952
1
426
1
1166
1
11
1
79
1
3959
1
1645
1
424
1
89
1
89
1
89
1
270
1
4677
1
1980
1
89
1
89
1
450
1
643
1
4033
1
2250
1
359
1
2
3
632
1
798
1
14
1
3226
1
1981
1
89
1
268
1
104
1
167
1
639
1
1616
2
78
1
4060
1
168
1
90
1
90
1
178
1
1076
1
186
1
2165
1
810
2
75
1
732
4
806
3
1156
1
269
1
543
1
1264
1
173
1
2335
1
810
1
1
3
806
1
1168
1
89
1
372
1
260
1
453
1
172
1
812
1
638
1
75
1
813
1
3323
1
90
1
360
1
203
1
154
1
92
1
92
1
453
1
173
1
637
1
5666
1
96
1
73
1
92
1
92
1
628
1
636
1
2416
1
2533
1
886
1
93
1
1436
1
2337
1
2451
1
157
1
905
1
359
2
87
2
909
1
77
2
1
1
4784
1
82
1
1338
1
89
1
175
1
718
1
91
1
3
1
2334
1
2451
2
247
1
1172
1
3415
1
2451
1
968
1
452
4
85
1
1721
1
75
1
2
1
727
1
3499
1
90
1
179
1
276
1
93
1
261
1
468
1
874
1
903
1
624
1
11
1
173
1
809
2
807
2
1
1
806
1
647
1
13
1
326
1
179
1
632
1
550
1
74
1
93
1
544
1
172
1
2258
1
2519
1
349
1
722
1
1252
1
823
1
3323
1
815
1
438
1
540
1
183
1
1349
1
713
1
810
1
1
3
806
1
809
1
809
2
818
1
731
1
80
1
258
1
360
1
266
1
1530
2
4057
1
347
1
89
1
293
1
339
1
89
2
88
1
178
1
270
1
1446
2
78
1
4793
1
338
2
87
2
177
1
363
1
1446
1
77
1
2337
1
1723
1
979
1
179
4
264
1
907
1
814
1
76
2
730
1
808
1
796
1
1640
1
83
1
74
1
650
1
1
1
253
1
354
1
1888
1
2
1
730
1
1618
1
1876
1
1081
1
88
1
198
1
805
1
72
1
718
1
16
1
78
1
725
1
82
1
727
1
810
1
810
1
1
1
910
1
79
1
622
1
26
1
327
1
91
1
179
1
88
1
1075
1
1619
1
1436
1
1642
1
12
1
161
1
74
1
547
1
12
1
433
1
179
1
197
1
967
1
716
1
94
1
635
1
174
1
810
1
806
2
806
1
3
1
659
1
143
1
16
1
165
1
179
1
276
1
446
1
89
1
89
1
279
1
168
1
717
1
812
1
1444
1
2
2
809
2
809
1
829
1
51
1
272
1
552
1
620
1
110
1
793
1
78
1
95
1
1446
1
3
1
1615
2
82
1
727
1
81
1
1433
1
360
1
92
1
90
1
178
1
88
1
985
1
733
3
888
1
808
1
728
1
809
2
1246
1
89
1
293
1
80
1
73
1
183
1
90
1
88
1
88
1
1807
1
84
1
726
1
808
2
78
2
729
1
78
1
1
1
729
1
80
1
736
1
80
1
731
1
337
1
89
1
1991
1
805
1
2
1
78
1
730
1
77
2
728
1
1
1
77
1
732
1
76
1
1552
1
337
3
176
1
449
2
2
1
540
1
1795
1
808
2
731
1
76
1
1
1
807
1
1548
1
2
1
2
1
245
1
93
1
464
1
701
1
175
1
718
1
10
1
1701
1
809
1
1
1
715
1
91
1
2
1
738
2
154
1
180
1
472
1
251
1
176
5
84
1
449
1
540
1
109
1
1687
1
729
1
890
1
734
1
74
1
1261
1
88
1
186
1
24
1
329
1
90
1
179
1
88
1
451
1
466
1
157
1
809
1
637
1
2418
1
272
1
3
2
635
1
13
1
79
1
166
1
179
1
88
1
186
1
12
1
13
1
66
1
442
1
444
1
654
1
966
1
624
1
183
4
713
1
94
2
713
1
900
1
731
1
350
1
267
1
453
1
90
1
89
1
538
1
717
1
624
1
90
1
730
1
809
1
981
1
811
1
727
1
349
1
178
1
282
1
167
1
92
1
269
1
88
1
265
1
813
1
635
1
813
2
1618
1
810
1
816
1
13
1
683
1
113
1
430
1
267
1
95
1
266
1
1353
1
1622
1
886
1
4
1
804
1
820
1
348
1
89
1
632
2
89
2
87
1
88
1
1811
1
805
1
2
1
809
1
76
1
813
1
1626
1
1070
3
87
2
177
1
904
1
92
1
814
1
80
1
807
1
806
1
2
1
2358
2
77
2
732
1
335
5
1167
1
905
1
84
1
808
1
806
1
2
1
726
1
814
1
814
1
1
2
807
1
3
1
336
1
3
1
84
1
268
1
269
1
2
3
447
3
2694
1
734
1
1627
2
1056
5
176
1
1
3
985
1
2
1
85
1
914
1
4
1
73
1
723
1
2515
1
900
1
7195
1
1528
1
6574
1
1527
1
4947
1
2341
3
7285
1
2
2
7283
1
5
1
7289
1
8906
1
4135
1
2
1
1525
1
2433
2
2438
1
75
1
3966
1
804
1
3253
1
2417
1
4230
1
1532
1
1525
1
11520
1
641
1
76
1
716
1
5680
1
813
2
3229
1
4058
2
4037
2
3247
5
4034
1
3
1
3247
2
888
2
3960
1
3329
1
3955
1
811
2
1075
1
1
1
546
1
171
1
723
1
807
1
714
1
3243
1
1627
1
1704
1
5130
1
627
1
717
1
716
1
4869
1
16
1
337
1
629
1
717
1
3961
1
1624
1
16
1
244
1
722
1
3055
1
1625
1
1639
1
1605
1
4851
2
909
1
256
1
91
1
538
1
6401
1
256
1
2159
1
2
2
2333
1
2534
1
256
1
456
1
1706
1
4869
1
254
1
3
2
1269
1
1694
1
1
1
4057
3
261
2
531
1
736
1
2506
1
716
1
2531
1
77
1
273
1
629
1
546
1
172
1
2342
1
712
1
1620
1
1643
1
341
1
2078
1
77
1
4498
1
291
1
81
1
887
1
1450
2
4867
1
340
1
2079
2
77
1
3146
1
987
1
639
1
14
2
340
1
441
1
186
1
1448
3
77
1
3146
1
1349
1
541
1
722
1
634
1
812
2
77
1
2
1
712
1
3260
1
1062
1
722
1
621
1
824
3
76
1
3977
1
67
1
271
1
721
1
722
2
1448
1
888
1
3165
1
4
2
604
1
1169
1
3
2
712
1
718
1
906
1
713
1
2699
1
361
1
1173
2
2255
2
888
1
1
1
2367
1
327
1
904
1
363
1
13
1
249
1
812
1
531
1
185
1
1448
1
889
1
1559
1
54
1
452
1
630
1
183
1
536
1
546
1
265
1
544
1
810
1
2416
1
843
1
597
1
631
1
90
1
91
1
446
1
2980
1
794
1
1720
1
349
1
1085
1
264
1
184
1
628
1
1526
1
731
1
79
2
2529
1
717
1
348
1
271
1
109
1
64
1
185
1
1355
1
79
1
1527
1
14
1
80
2
2368
2
158
1
717
1
348
1
3596
1
14
1
80
1
1524
1
1004
1
344
1
371
1
349
1
270
1
267
1
2260
1
79
1
716
1
94
2
2529
1
73
1
270
1
370
1
77
1
1529
1
2353
1
2
1
79
1
728
1
1612
1
185
3
343
1
294
1
62
1
364
1
89
1
287
2
2418
1
814
1
79
1
728
1
78
2
714
1
828
1
172
1
1
3
343
1
277
1
96
1
255
1
272
1
88
1
106
1
970
2
2259
1
3
1
807
1
1
1
79
1
807
2
744
1
82
1
336
1
811
1
182
1
195
1
797
1
13
1
1060
1
545
1
982
1
716
1
95
1
621
1
12
1
990
1
76
1
1264
1
188
1
259
1
91
1
1972
1
184
1
716
1
95
1
2357
1
425
1
304
1
160
1
345
1
813
1
1071
1
277
1
2244
1
810
1
725
1
621
1
214
1
415
1
180
1
448
1
182
1
90
1
288
1
64
1
91
1
3881
1
804
1
711
1
125
1
685
1
192
1
886
1
3149
1
810
1
831
1
1776
1
91
1
89
1
89
1
449
1
4791
1
75
1
1248
1
198
1
252
2
180
2
177
1
983
1
2430
1
903
1
1614
1
542
1
454
1
269
1
177
1
3324
1
92
1
810
1
746
1
160
1
1249
1
451
1
362
1
194
1
159
3
715
1
730
1
2432
1
826
1
810
1
509
1
89
1
89
1
107
1
68
1
11
1
170
1
2
1
450
1
104
1
2
1
1594
1
1633
1
810
1
838
1
148
1
77
1
360
1
811
1
89
1
122
1
160
1
73
1
1372
1
1058
1
563
1
246
1
625
1
184
1
1375
1
13
1
67
1
607
1
204
1
335
1
270
1
188
1
168
1
274
1
2157
1
92
1
1263
1
797
1
184
1
672
1
52
1
91
1
93
1
556
1
161
1
165
1
902
1
1190
1
155
1
904
1
544
1
171
1
813
1
713
1
765
1
52
1
185
1
556
1
83
1
514
1
539
1
364
1
538
1
629
1
717
1
1526
1
730
1
1083
1
719
1
716
1
76
1
995
1
180
1
288
1
156
1
4152
1
532
1
22
1
164
1
974
1
180
1
813
1
89
1
3504
1
2440
1
439
1
903
1
89
1
92
1
4326
1
553
1
787
1
10
1
81
1
260
1
89
1
89
1
89
1
89
1
813
1
172
1
2351
1
797
1
922
1
732
1
414
1
390
2
67
1
5
1
256
2
88
4
175
1
903
1
106
1
784
1
901
1
730
1
1721
1
730
1
415
1
464
1
164
1
92
1
179
1
2
1
85
1
185
1
16
1
1683
1
2431
1
829
1
13
1
143
1
14
1
533
1
36
2
145
1
348
1
462
1
349
1
90
1
90
1
353
1
560
1
891
1
75
1
1449
1
14
1
339
1
469
1
246
1
93
1
1262
1
351
1
180
1
301
1
66
1
443
1
90
1
275
1
444
1
442
1
183
1
551
1
258
1
470
1
810
1
1055
1
567
1
253
1
533
1
260
1
361
1
89
1
1730
1
1058
1
93
1
470
1
245
1
93
1
441
1
275
2
1374
1
12
1
774
1
105
1
335
1
1623
1
377
1
83
1
257
1
91
1
378
1
154
1
93
1
1526
1
810
1
2
1
1073
1
553
1
346
1
302
1
326
1
362
1
190
1
165
1
182
1
629
2
561
1
965
2
1446
1
1338
1
385
1
1054
1
180
1
630
1
90
1
90
1
286
1
786
1
10
1
4070
1
787
1
351
1
270
1
450
2
2
1
178
2
87
1
89
1
356
1
1
1
635
1
2510
1
1003
1
344
1
279
1
2065
1
1097
1
3245
1
16
1
582
1
1078
1
729
1
625
1
88
1
112
1
154
1
652
1
64
1
1540
1
1653
1
145
1
94
1
253
1
311
1
1219
1
391
1
66
1
2
1
532
1
86
1
269
1
2256
1
2427
1
79
1
752
1
56
1
754
1
54
1
27
1
244
1
91
1
91
1
284
1
15
1
3382
1
181
1
94
1
452
1
11
1
706
1
10
1
340
1
270
1
902
1
173
1
272
1
91
1
457
1
353
1
456
1
259
1
551
1
257
1
93
1
376
1
432
1
362
1
13
1
246
1
650
1
717
1
25
1
240
1
638
1
78
1
529
1
120
1
417
1
91
1
366
1
352
1
376
1
82
1
73
1
183
1
92
1
362
1
14
1
245
1
92
2
443
1
364
2
443
1
27
1
336
2
487
1
68
1
13
1
52
1
104
1
812
1
792
1
453
1
538
1
183
1
628
1
376
1
342
1
442
1
10
1
356
1
714
1
627
1
90
1
94
2
575
1
68
1
797
1
13
1
606
1
121
1
689
1
123
1
506
1
91
1
90
1
445
1
718
1
2
2
543
1
889
1
1812
1
436
1
135
1
783
1
701
1
189
1
349
1
181
1
196
1
1784
1
808
1
806
1
910
1
93
1
477
1
147
1
705
1
180
1
270
1
370
1
349
1
994
1
199
1
805
2
65
1
91
2
809
1
809
2
667
1
136
1
1471
1
57
1
729
1
170
1
96
1
85
2
631
2
643
1
5
1
154
2
648
1
2
1
64
1
2623
1
555
1
11
1
4
1
67
1
78
1
165
1
900
1
89
1
89
1
214
1
69
2
72
1
93
1
720
1
540
1
110
1
804
1
67
1
743
2
1613
1
21
1
243
1
450
2
91
1
26
1
148
1
644
1
13
1
801
1
69
1
167
1
269
3
295
1
1
1
150
1
541
1
109
1
154
1
626
1
90
1
742
1
2
1
808
1
793
1
79
1
22
1
11
1
67
1
648
1
510
1
89
1
370
1
731
1
78
1
649
1
161
1
257
1
456
1
353
1
375
1
433
1
809
1
715
1
92
1
455
1
440
1
277
1
10
1
265
1
255
1
89
1
209
1
81
1
519
1
89
1
174
1
455
1
91
1
719
1
718
1
455
1
809
1
353
1
375
1
338
1
92
2
385
1
24
1
55
1
810
1
13
1
1134
1
90
1
180
1
174
1
363
1
91
1
91
1
193
1
433
1
811
1
374
1
81
2
351
1
351
1
107
1
72
1
276
1
362
1
446
1
383
1
159
1
14
1
77
1
717
1
811
1
650
1
53
1
107
1
163
1
182
1
286
1
433
1
459
1
703
1
22
1
339
1
2
1
454
1
14
2
809
2
243
1
581
1
162
1
648
1
314
1
482
1
82
1
334
1
180
1
447
1
364
1
276
1
350
3
91
1
442
1
181
1
1
4
441
1
271
1
560
1
2
1
250
2
542
1
14
1
250
2
575
1
333
1
477
1
133
1
639
1
531
1
303
1
688
1
187
1
1
3
345
1
1
4
89
1
533
1
3
1
533
1
26
2
244
2
561
1
247
1
546
1
11
1
250
1
1377
1
418
1
1189
1
13
1
416
1
460
2
76
1
96
1
84
1
1
1
87
3
88
3
1
1
88
1
90
1
354
1
558
1
4
1
159
1
804
1
4
1
633
1
15
1
63
1
1721
1
717
1
1070
1
468
1
82
1
439
2
88
1
90
1
1076
1
654
1
158
1
634
1
15
1
63
1
738
1
263
1
93
1
358
2
114
1
407
1
403
2
224
1
904
1
1077
1
1170
1
809
1
810
1
665
1
69
1
172
1
450
1
115
1
71
1
79
1
662
1
1039
1
85
2
88
1
2
1
385
1
155
1
446
2
207
1
959
1
653
1
62
1
92
1
648
1
160
2
1620
1
624
1
2432
1
3511
1
547
1
796
1
14
1
890
1
5759
1
638
1
78
1
3151
2
4057
1
1605
1
1625
1
2529
1
1527
1
5761
1
1527
1
890
1
3149
1
1720
1
889
1
636
1
76
1
813
1
1524
1
3419
1
816
1
712
1
810
1
5043
1
719
3
1446
1
886
1
3
1
4224
1
726
1
803
1
1452
1
75
1
810
1
3
1
2335
1
834
1
245
1
183
1
536
1
2263
1
78
1
3978
1
430
1
1987
1
4869
1
431
1
630
1
2249
1
3975
1
248
1
183
1
1175
1
174
1
636
1
795
1
95
1
3149
1
1166
1
93
1
535
1
625
1
1715
1
1525
1
810
1
3423
1
5585
1
351
1
462
1
169
1
717
1
1448
3
75
1
811
1
2
1
1523
1
810
1
805
1
362
1
90
1
2
1
461
1
168
1
716
1
1453
1
73
1
3967
1
446
1
86
2
371
1
884
1
2264
1
890
1
1523
1
830
1
610
1
185
1
92
1
1
4
882
1
813
1
2259
2
887
1
2
1
1720
1
634
1
812
1
157
1
1529
1
811
1
2336
1
1004
1
976
1
1441
1
636
1
79
1
732
1
78
1
2336
1
987
1
16
1
528
2
446
1
91
1
352
1
2445
1
1605
1
2342
1
107
1
341
1
471
1
250
1
5753
1
361
1
108
1
158
1
182
1
182
1
288
2
155
1
812
1
715
1
810
1
811
3
2421
1
542
1
541
1
91
1
379
2
62
1
186
1
2962
1
14
1
1
1
3586
1
92
1
1971
1
1634
1
892
1
1531
1
1071
1
185
1
459
1
168
1
3788
1
1
1
888
1
892
1
12
1
638
1
340
1
536
1
17
1
167
1
1531
1
2256
1
811
1
77
1
2440
3
1522
1
176
1
3067
1
77
1
747
1
68
1
169
1
992
1
537
1
275
1
459
1
167
1
718
1
624
1
1635
1
1874
1
180
1
180
1
211
1
600
1
538
1
720
1
4593
1
79
1
25
1
154
1
16
1
556
1
236
1
271
1
181
1
106
1
432
1
3608
1
1694
1
197
1
793
1
560
1
614
1
448
1
718
1
2258
1
79
1
731
1
1637
1
236
1
560
1
250
1
181
1
631
1
623
1
93
1
3069
1
80
1
827
1
77
1
93
1
557
1
598
1
357
1
91
1
91
1
180
1
180
1
106
1
784
1
185
1
2337
1
1811
1
559
2
52
1
11
1
95
1
435
1
449
1
183
1
89
1
89
1
89
1
106
1
4948
1
170
1
436
1
919
1
344
1
1437
1
636
1
810
1
810
1
810
1
1078
1
546
1
174
1
980
1
469
1
1779
2
713
1
3781
1
541
2
468
1
63
1
13
1
173
1
1526
1
3074
1
22
1
1400
1
90
1
265
1
16
1
164
1
182
1
1084
1
1074
1
1355
1
79
1
1905
1
441
1
532
1
538
1
181
1
628
1
182
1
811
1
1173
1
172
1
624
1
822
1
909
1
247
1
15
1
2075
1
158
1
735
1
74
1
91
1
812
1
559
1
157
1
3170
1
77
1
437
1
811
1
197
1
1153
1
1280
1
158
1
635
1
79
1
1639
1
262
1
550
1
1525
1
1608
1
13
1
811
1
874
1
717
1
1000
1
183
1
1156
1
811
1
359
1
718
1
2338
1
730
1
1171
1
361
1
266
1
649
1
689
1
985
1
92
1
652
1
158
1
1526
1
730
1
843
1
234
1
167
1
286
1
172
1
16
1
75
1
705
1
11
1
169
1
272
1
370
1
169
1
451
1
1077
1
715
1
1541
1
907
1
262
1
1699
1
629
1
1435
1
93
1
636
1
175
1
634
1
1605
1
541
1
305
1
76
1
65
1
663
1
420
1
91
1
89
1
182
1
262
1
1529
1
626
1
185
1
2618
1
1277
1
419
1
90
1
90
1
209
1
161
1
440
1
2249
1
626
1
545
1
14
1
250
1
590
1
121
1
194
1
92
1
1064
1
281
1
166
1
469
1
12
1
162
1
255
1
182
1
719
1
368
1
441
1
352
1
274
1
1280
1
839
2
53
1
13
1
324
1
15
1
456
1
171
1
640
1
516
1
197
1
12
1
509
1
287
1
81
1
349
1
182
1
195
1
82
1
257
1
469
1
157
1
183
1
90
1
377
1
157
1
625
1
11
1
79
1
774
1
149
1
258
1
91
1
444
1
718
1
440
1
288
1
12
1
797
1
340
1
90
1
90
1
287
1
341
1
721
1
543
1
985
1
995
1
272
1
89
1
116
1
798
1
68
1
259
1
1173
1
106
1
14
1
235
1
90
1
721
1
90
1
1437
1
1489
1
55
1
67
1
284
1
75
1
14
1
354
1
12
1
173
1
343
1
1022
1
68
1
530
1
541
1
359
1
630
1
446
1
811
2
649
1
837
3
406
1
180
1
89
1
705
1
720
1
301
1
68
1
168
1
91
1
89
1
89
1
89
1
282
1
169
1
448
1
266
1
1462
1
160
1
634
1
14
1
908
2
78
1
257
1
457
1
518
1
1022
1
1
2
64
1
169
1
93
1
178
1
901
1
182
1
79
1
92
1
651
1
159
1
811
1
1637
2
257
1
165
1
14
1
210
1
313
1
810
1
482
1
54
1
457
1
177
1
105
1
1597
1
25
1
159
1
651
1
159
1
1987
1
89
1
89
1
119
1
241
1
433
1
125
1
804
1
1
1
691
1
186
2
1540
1
64
1
93
1
811
1
635
1
837
1
332
1
76
1
15
1
373
1
252
1
1697
1
365
1
535
1
183
1
208
1
160
1
348
1
534
1
993
1
458
1
351
1
726
1
478
1
83
1
233
1
549
1
91
1
530
1
202
1
714
1
968
1
1083
1
378
1
339
1
552
1
826
1
341
1
551
1
1501
1
544
1
196
1
80
1
441
1
536
1
273
1
369
1
348
1
365
1
444
1
628
1
92
1
906
1
181
1
89
1
115
1
148
1
662
1
148
1
1447
1
613
1
810
1
279
1
1069
1
89
1
377
1
1415
1
14
1
291
1
1404
1
918
1
81
1
978
1
90
1
536
1
274
1
89
1
353
1
182
1
364
1
89
1
1105
1
157
1
90
1
271
1
89
1
359
1
640
1
79
1
1156
1
720
1
180
1
449
1
91
1
88
1
270
1
629
1
89
1
810
1
183
1
1079
1
438
1
119
1
160
1
661
1
152
1
622
1
442
1
270
1
451
1
178
1
811
1
286
1
810
1
158
1
717
1
92
1
815
1
660
1
12
2
55
1
173
1
640
1
782
1
272
1
360
1
191
1
171
1
1258
1
106
1
159
1
543
1
106
1
159
1
650
1
65
1
93
1
746
1
740
2
229
1
722
1
253
1
389
1
330
1
270
1
210
2
67
1
532
1
354
1
545
1
105
1
66
1
92
1
1527
1
93
3
732
1
91
1
661
1
774
1
95
1
81
1
1067
3
86
1
298
1
1
1
236
2
557
1
970
1
811
1
811
1
920
1
259
1
627
1
345
1
295
1
1327
1
117
1
253
1
348
1
290
1
519
1
533
1
645
1
1065
1
546
1
106
1
242
1
196
1
102
1
93
1
728
1
135
1
11
1
92
1
571
1
53
1
13
1
610
1
278
1
704
1
106
1
73
1
181
1
718
1
275
1
352
1
364
1
286
1
248
1
181
1
492
1
160
1
258
1
73
1
16
1
88
1
278
1
647
1
316
1
180
1
1713
1
810
1
1005
1
80
1
810
1
257
1
90
1
91
1
91
1
224
1
244
1
257
1
179
1
185
1
170
1
92
1
719
1
533
1
105
1
727
1
67
1
168
1
363
1
277
1
440
1
91
1
277
1
728
1
339
1
273
1
279
1
438
1
283
1
624
1
195
1
80
1
94
1
75
1
184
1
973
1
1621
1
902
1
187
1
530
1
196
1
83
1
620
1
92
1
79
1
273
4
87
2
622
1
373
1
89
1
543
1
72
1
461
1
1158
1
1181
1
167
1
453
1
121
1
68
1
165
1
90
1
180
1
538
1
3
1
177
2
88
1
538
2
271
1
179
1
148
2
201
1
192
1
722
1
91
1
72
1
990
1
358
1
559
1
521
1
371
1
261
2
86
1
900
1
89
1
173
1
10
1
79
1
456
1
88
1
355
1
454
1
89
1
146
1
45
1
26
1
724
1
323
1
163
1
106
1
274
1
79
1
167
1
900
1
367
1
91
1
260
6
85
1
269
1
121
1
70
1
439
1
899
1
172
1
637
1
195
1
849
1
3
1
866
1
157
1
257
1
195
1
127
2
801
1
222
1
814
3
266
1
300
3
69
1
528
1
88
1
984
1
91
1
1503
1
32
1
21
1
147
1
192
1
387
1
69
1
15
1
63
1
456
1
88
1
433
1
468
1
702
1
362
1
359
1
208
3
65
4
885
1
627
1
182
1
810
1
759
1
45
1
22
1
261
1
91
1
89
2
86
1
94
1
32
1
126
1
23
1
170
1
92
1
398
1
54
1
67
1
25
1
731
1
51
1
271
1
471
1
65
1
639
1
105
1
76
1
443
1
1018
1
508
1
92
1
261
1
104
1
349
1
92
1
223
1
138
1
11
1
78
1
274
1
73
1
16
1
87
2
925
1
82
1
234
1
180
1
299
1
12
1
774
1
22
1
14
1
52
1
13
1
336
1
90
1
91
1
1074
1
105
1
1445
1
852
1
399
1
91
1
163
1
14
1
127
1
69
1
326
1
565
1
170
1
463
1
12
1
134
1
452
1
90
1
118
1
14
1
67
1
244
1
365
1
172
1
452
1
92
1
209
1
415
1
379
1
614
1
210
1
505
1
92
1
238
1
44
1
105
1
52
1
193
1
90
1
90
1
88
1
128
1
413
1
384
1
14
1
319
1
1436
1
165
1
1294
1
506
1
184
1
103
1
613
1
809
1
284
1
442
1
89
1
207
1
424
1
399
1
866
1
785
1
270
1
362
1
356
1
454
1
119
1
415
1
274
1
120
1
64
1
258
1
180
1
91
1
446
1
602
1
764
1
353
1
183
1
72
1
1182
1
625
1
36
1
1395
1
212
1
325
1
271
1
91
1
121
1
233
1
362
1
278
1
258
1
180
1
182
1
379
1
565
1
320
1
91
1
90
1
380
1
796
1
81
1
644
1
14
1
223
1
571
1
68
1
349
1
629
1
94
2
174
1
181
1
188
1
173
1
86
2
87
5
85
1
90
1
90
1
356
1
4
1
85
2
89
2
88
2
89
1
273
1
542
1
89
1
142
2
398
1
1184
1
83
2
605
1
133
3
863
1
175
1
86
1
267
1
211
1
67
1
171
1
269
2
178
1
106
1
82
4
165
2
360
1
89
1
83
1
104
4
73
1
91
3
360
1
89
1
145
1
58
1
175
1
434
1
117
1
22
1
3
1
42
1
79
1
15
1
167
1
270
1
74
1
14
1
126
1
397
1
378
1
93
4
604
1
134
1
42
1
10
1
265
1
452
1
261
1
2
1
270
3
296
1
1
2
67
2
529
1
899
1
810
1
111
1
104
1
236
1
270
1
89
1
144
1
31
1
106
2
166
1
92
1
88
1
88
1
74
1
268
1
684
2
59
2
514
1
539
1
2
1
87
1
1
1
87
1
538
1
364
2
206
1
2
1
64
1
2
2
1523
1
11
1
932
1
56
1
247
1
104
1
89
1
524
1
105
1
396
1
321
1
165
1
310
1
136
1
452
1
221
1
134
1
453
1
355
1
11
1
93
1
74
1
366
1
182
1
13
1
171
1
73
1
1451
1
94
1
72
1
275
1
235
1
70
1
56
1
104
1
168
1
75
1
15
1
73
1
16
1
72
1
13
1
127
1
13
2
229
1
566
1
149
1
888
1
76
1
494
1
145
1
93
1
439
1
184
1
13
1
519
1
92
1
115
1
82
1
75
1
349
1
92
1
208
1
54
1
452
1
460
1
166
1
559
1
535
1
87
2
291
1
79
1
152
1
641
1
93
1
640
1
514
1
96
1
169
1
106
1
254
1
90
1
91
1
105
1
11
1
159
1
440
1
370
1
439
1
810
1
209
1
65
1
977
1
284
1
90
1
300
1
236
1
166
1
645
1
73
1
486
1
503
1
223
1
853
1
103
1
649
1
811
1
505
1
91
1
93
1
118
1
596
1
93
1
297
1
246
1
180
1
185
1
610
1
233
1
321
1
612
1
105
1
533
1
440
1
180
1
375
1
525
1
811
1
118
1
597
1
93
1
119
1
595
1
93
1
217
1
417
1
179
1
144
1
201
1
102
1
91
1
255
1
371
1
718
1
95
1
566
1
70
1
77
1
976
1
481
1
810
1
67
1
622
1
121
2
413
1
273
1
443
1
515
1
203
1
102
1
182
1
90
1
89
1
92
1
33
1
71
1
714
1
25
2
482
1
312
1
45
1
360
1
368
1
1431
1
279
1
439
1
302
4
594
1
91
1
301
1
142
1
560
1
261
1
181
1
380
1
53
1
104
1
1065
1
358
1
270
1
1536
1
179
1
453
1
175
1
87
1
89
1
388
3
240
1
87
1
89
1
86
1
181
1
444
1
587
1
416
1
89
1
89
1
200
1
53
1
107
1
342
1
232
1
396
1
1445
1
179
1
628
1
87
1
89
1
91
2
538
1
267
1
179
1
120
1
1
1
597
4
87
1
158
2
220
1
977
1
89
1
89
1
216
1
11
1
3
1
56
1
54
1
682
1
138
1
3
1
980
1
487
2
54
1
174
1
85
1
1
1
89
1
91
1
444
1
452
3
1
1
897
2
82
1
34
1
1
1
235
3
452
1
628
1
274
1
15
1
889
1
76
1
1449
1
811
1
1606
1
1626
1
14
1
246
1
564
1
1059
1
718
1
3056
1
811
1
828
1
78
1
443
1
2692
1
826
1
3245
1
173
1
166
1
471
1
78
1
3945
1
810
1
2452
1
795
1
797
1
2527
1
4059
1
76
1
811
1
636
1
78
1
733
1
4137
1
812
1
75
1
1448
1
78
1
810
1
3168
1
174
1
716
1
76
1
92
1
2167
1
889
1
732
1
1
1
887
1
1613
1
106
1
255
1
4
1
1269
1
3132
1
91
1
733
2
888
1
906
1
264
1
265
2
264
1
902
2
1344
1
3256
2
814
1
891
1
443
1
367
1
3150
1
794
1
2253
1
538
1
182
1
445
1
6029
1
183
1
104
1
250
1
719
1
652
1
2498
1
715
1
810
1
1259
1
460
1
169
1
1373
1
968
1
3897
2
688
1
450
1
549
1
731
1
156
1
4708
1
689
1
358
1
560
1
813
1
3227
1
1
1
1635
1
81
1
171
1
1513
1
655
1
79
1
886
1
624
1
91
1
94
1
3073
1
12
1
66
1
185
1
73
1
180
1
277
1
186
1
886
1
562
2
78
1
170
1
3054
1
1811
1
346
1
373
1
259
2
1188
1
78
1
171
1
1526
1
812
1
2278
1
967
1
349
1
633
1
715
1
642
2
4947
1
348
1
302
1
1606
1
159
1
92
1
559
1
4055
1
812
1
53
1
364
1
1348
1
811
1
3166
1
170
1
1159
1
211
1
509
1
630
1
4523
1
238
1
1082
1
630
1
90
1
90
1
90
1
277
1
261
1
441
1
995
1
2259
1
79
1
745
1
252
1
642
1
77
1
75
1
452
1
722
1
1259
1
1354
1
174
1
1446
1
826
1
12
1
332
1
253
1
279
1
744
2
509
1
1096
1
82
1
713
1
3259
1
344
1
885
1
378
1
15
1
326
1
91
1
1269
1
730
1
1779
1
1463
1
12
1
162
1
74
1
167
1
992
1
373
1
1527
1
730
2
793
1
983
1
1465
1
893
1
63
1
826
1
259
1
442
1
277
1
717
1
544
1
14
1
81
1
2508
1
829
1
165
1
94
1
457
1
75
1
813
1
165
1
457
1
261
1
1452
1
76
1
95
1
714
1
638
1
983
1
831
1
152
1
494
3
144
1
349
1
299
1
798
1
810
1
13
1
67
1
352
1
1187
1
158
1
2605
1
493
1
2029
1
365
1
25
1
328
1
1279
1
65
1
92
1
812
1
1559
1
428
1
284
1
254
1
640
1
78
1
346
1
993
1
629
1
369
1
701
1
997
1
1639
1
165
1
90
1
90
1
90
1
74
1
374
1
719
1
165
1
180
1
180
1
119
1
68
1
350
1
271
1
120
1
327
1
271
1
993
1
825
1
1798
1
166
1
90
1
90
1
180
1
359
1
719
1
794
1
1084
1
180
1
1073
1
2393
2
68
1
79
1
244
1
13
1
90
1
976
1
204
1
606
1
449
1
719
1
91
1
90
1
89
1
89
1
278
1
714
1
824
1
969
1
678
1
1
1
53
1
352
1
90
1
285
1
81
1
78
1
258
1
475
1
244
1
90
1
180
1
196
1
614
1
195
1
81
1
169
1
1528
1
810
1
717
1
92
1
905
1
258
1
14
1
90
1
89
1
892
1
10
1
96
1
727
1
420
1
90
1
89
1
89
1
449
1
547
1
728
1
82
1
2447
1
77
1
259
1
91
1
90
1
208
2
880
1
243
1
182
1
180
1
355
1
92
1
547
1
170
1
640
1
811
1
170
1
543
1
13
1
811
1
907
2
427
1
92
1
89
1
449
1
549
1
517
1
90
1
446
1
93
1
453
1
78
1
1462
1
253
1
531
1
107
1
1564
1
57
1
339
1
196
1
181
1
187
1
715
1
519
1
208
1
68
1
78
1
454
1
719
1
91
1
207
1
145
1
732
1
728
1
810
1
1430
1
90
1
129
2
68
1
64
1
275
1
73
1
554
1
639
1
78
1
1459
1
601
1
628
1
363
1
1661
1
228
1
362
1
220
1
774
1
172
1
887
1
1264
1
105
1
12
1
418
1
90
1
90
1
210
1
67
1
76
1
182
1
551
1
168
1
1395
1
857
1
823
1
1419
1
357
1
547
1
24
1
54
1
756
1
327
1
180
1
262
1
107
1
168
1
717
1
677
1
126
1
373
1
356
1
274
1
255
1
539
1
645
1
164
1
180
1
629
1
361
1
94
1
79
1
273
1
361
1
120
1
236
1
91
1
89
1
89
1
180
1
189
1
168
2
1394
1
500
1
383
1
503
1
267
1
271
1
495
1
796
1
68
1
350
1
270
1
449
1
89
1
377
1
343
1
89
1
363
1
95
1
75
1
93
1
1394
1
577
1
234
1
71
1
63
1
91
1
76
1
1893
1
720
1
538
1
91
1
179
1
89
1
196
1
251
1
361
1
89
1
93
1
95
1
169
1
1394
1
69
1
430
1
312
1
853
1
798
1
822
1
262
1
90
1
89
1
367
1
532
1
354
1
904
1
1394
1
242
1
75
1
645
1
167
1
345
1
132
1
2
1
494
1
464
1
164
1
91
1
90
1
901
1
275
1
170
1
640
1
170
1
810
1
623
1
817
1
194
1
64
1
640
1
15
1
62
1
584
1
961
1
257
1
181
1
89
1
92
1
25
3
233
1
811
1
558
1
969
1
94
1
639
1
75
1
690
3
667
1
278
1
353
1
1332
1
14
1
639
1
336
1
474
1
62
1
363
1
367
1
94
1
884
1
90
1
90
1
458
1
443
1
556
1
534
1
536
1
295
1
12
1
227
1
1068
1
901
1
446
1
363
1
627
1
719
1
181
1
301
1
66
1
922
1
796
1
532
1
172
1
621
1
201
1
811
1
63
1
1892
1
181
1
196
1
824
1
144
1
182
1
90
1
180
1
191
1
31
1
578
1
102
1
187
1
352
1
90
1
381
1
156
1
256
1
991
1
943
1
314
1
271
1
90
1
537
1
366
1
443
1
392
1
236
1
91
2
89
1
88
1
326
1
776
1
10
1
69
1
93
1
167
1
90
1
630
1
255
1
1349
1
1711
1
482
1
327
1
270
1
211
1
68
1
439
1
180
1
802
1
119
1
524
1
309
1
44
1
91
1
93
1
543
1
340
1
180
1
629
1
550
1
168
1
361
1
185
1
24
1
54
1
13
1
349
1
270
1
83
1
105
1
76
1
182
1
89
1
629
1
271
1
1277
1
244
1
401
1
12
1
231
1
1785
1
390
1
1140
1
89
1
179
1
173
1
182
1
91
1
92
1
88
1
364
1
263
1
585
1
82
1
82
1
715
1
341
1
400
2
796
1
71
1
335
1
270
1
357
1
91
1
90
1
89
1
286
1
81
1
531
1
196
1
13
1
237
1
92
1
89
1
88
1
262
1
23
1
158
1
92
1
271
1
273
1
264
1
450
1
122
1
58
1
117
1
334
1
538
1
183
1
90
1
89
1
274
1
175
1
72
1
493
1
71
1
79
1
73
1
90
1
537
1
545
1
276
1
264
1
179
1
178
1
187
1
76
1
93
1
361
1
448
1
450
1
359
1
599
1
65
1
81
2
795
1
169
1
167
1
288
1
21
1
243
1
255
1
312
1
1
1
66
4
75
1
350
1
629
1
93
1
89
1
296
1
878
1
171
1
544
1
94
1
170
1
639
1
170
1
530
1
62
1
84
1
66
1
55
1
282
1
321
1
34
1
35
1
160
1
258
1
458
1
261
1
399
1
853
1
276
1
164
1
537
1
1082
1
91
1
91
1
116
1
54
1
27
1
888
1
347
1
412
1
121
1
117
1
164
1
903
1
193
1
93
1
341
1
399
1
319
1
884
1
367
1
1161
1
645
1
254
1
90
1
287
1
340
1
272
1
91
1
283
1
12
1
54
1
117
1
486
1
398
1
272
1
355
1
91
1
91
1
627
1
545
1
23
1
69
1
78
1
811
1
346
1
314
1
149
1
1064
1
181
1
210
1
1161
1
254
1
77
1
153
1
71
1
403
1
194
1
280
1
259
1
628
1
255
1
462
1
1339
1
187
1
168
1
1263
1
356
1
361
1
251
1
44
1
11
1
253
1
558
1
144
1
362
1
372
1
349
1
307
1
231
1
542
1
94
1
335
1
475
1
424
1
314
1
865
1
728
1
430
1
180
1
90
1
159
1
45
1
265
1
344
1
358
1
90
1
490
1
71
1
250
1
344
1
143
1
137
1
347
1
288
1
176
1
1784
1
361
1
357
1
270
1
900
1
562
1
344
1
199
1
67
1
181
1
90
1
270
1
254
1
104
1
719
1
659
1
316
1
494
1
224
1
361
1
210
1
68
1
349
1
270
1
107
1
12
1
54
1
13
1
529
1
211
1
236
1
90
1
89
1
89
1
339
1
205
1
78
1
372
1
140
1
73
1
234
1
90
1
180
1
450
1
637
1
1148
1
404
1
132
1
90
1
810
1
91
1
455
1
11
1
250
1
91
1
89
1
459
1
76
1
183
2
87
2
485
1
80
1
172
1
74
1
270
1
117
1
58
1
363
1
90
1
539
1
436
1
118
1
81
1
79
1
258
1
270
1
118
1
511
1
537
1
94
1
89
1
88
1
285
1
81
1
442
1
285
1
13
1
237
1
272
1
299
1
144
1
92
1
271
1
88
1
250
1
654
1
631
1
75
1
289
1
12
1
2
2
593
1
267
1
452
1
221
1
225
1
90
1
91
1
90
1
89
1
811
1
275
1
169
1
641
1
76
1
93
1
810
1
450
1
80
1
144
1
82
1
53
1
439
1
11
1
106
1
264
1
440
1
141
1
31
1
457
1
626
1
347
1
1076
1
453
1
91
1
130
1
67
1
77
1
184
1
73
1
90
1
183
1
116
1
13
1
67
1
518
1
195
1
266
1
666
1
82
1
52
1
451
1
128
1
217
1
270
1
104
1
231
1
213
1
183
1
91
1
163
1
293
1
661
1
133
1
91
1
92
1
346
1
446
1
495
1
586
1
223
1
68
1
334
1
459
1
15
1
424
1
340
1
1005
1
465
1
140
1
70
1
52
1
12
1
1073
1
626
1
92
1
546
1
517
1
371
1
75
1
586
1
1123
1
593
1
67
1
171
1
558
1
81
1
336
1
76
1
103
1
212
1
726
1
70
1
53
1
270
1
415
1
43
1
718
1
79
1
451
1
181
1
187
1
94
1
435
1
224
1
403
1
392
1
689
1
230
1
774
1
23
1
879
1
335
1
646
1
545
1
966
1
656
1
605
1
133
1
313
1
469
1
12
1
920
1
213
1
560
1
106
1
78
1
532
1
32
1
152
1
440
1
289
1
159
1
163
1
553
1
165
1
565
1
424
1
448
1
731
1
168
1
451
1
628
1
480
1
78
1
557
1
35
2
219
1
422
1
153
1
141
1
259
1
89
1
89
1
89
1
794
1
188
1
13
1
704
1
107
1
738
1
784
1
520
1
370
1
77
1
180
1
89
1
418
1
322
1
524
1
21
1
340
1
554
1
169
1
162
1
16
1
178
1
92
1
33
1
137
1
529
1
144
1
58
1
425
1
900
1
629
1
270
1
120
1
327
1
270
1
448
1
566
1
913
1
328
1
180
1
229
1
58
1
524
1
1029
1
58
1
782
1
271
1
628
1
181
6
86
2
457
1
260
4
86
3
87
1
89
1
539
4
86
1
179
1
558
1
65
1
101
1
331
1
569
1
1607
1
197
1
93
2
1
1
334
1
180
1
222
1
54
1
260
1
3
1
1
1
177
1
88
1
276
1
729
1
250
1
363
1
195
1
81
1
168
1
362
1
293
1
34
1
113
1
10
1
527
1
270
1
23
1
259
1
320
1
230
1
260
1
550
1
333
1
234
1
1385
1
222
1
329
1
480
1
132
1
103
1
640
1
245
1
15
1
256
1
388
1
12
1
80
1
565
1
12
3
475
1
90
1
89
1
1008
1
79
1
65
1
196
1
793
1
271
1
118
1
80
1
14
1
595
1
718
1
91
1
626
1
315
1
67
1
170
1
573
1
255
1
154
1
424
2
293
1
362
1
185
1
24
1
404
1
15
1
522
1
11
1
184
1
718
1
255
1
209
1
147
1
197
1
72
1
404
1
240
1
436
1
95
1
10
1
68
1
25
1
703
1
37
1
68
1
722
1
31
1
322
1
501
1
566
1
76
1
224
1
327
1
183
1
215
1
319
1
92
1
1210
1
228
1
532
1
79
1
740
1
25
1
147
1
662
1
69
1
78
1
839
1
784
1
350
1
392
1
494
1
15
1
90
1
113
1
24
1
1027
1
625
1
91
1
811
1
165
1
495
1
150
1
524
1
134
1
132
1
690
1
415
1
163
1
242
1
870
1
133
1
284
1
90
1
183
1
262
1
93
1
487
1
72
1
771
1
10
1
92
1
256
1
1201
1
13
1
54
1
1249
1
180
1
116
1
57
1
219
1
141
1
26
1
548
1
78
1
347
1
277
1
24
1
133
1
102
1
90
1
90
1
180
1
357
1
1425
1
10
1
13
1
82
1
729
1
872
1
990
1
89
1
270
1
137
1
34
1
297
1
499
1
72
1
495
1
218
1
24
2
125
1
260
1
397
1
71
1
704
1
847
1
302
1
458
1
847
1
132
1
270
1
270
1
120
1
237
1
658
1
105
1
143
1
571
1
13
1
133
1
14
1
576
1
72
1
133
1
103
1
92
1
178
1
704
1
310
1
152
1
2
1
1243
1
223
1
944
1
180
1
550
1
529
1
377
1
25
1
64
1
183
1
419
2
59
1
147
1
650
1
237
1
1
2
269
1
88
1
197
1
739
1
140
1
645
1
510
1
633
1
88
1
535
1
183
1
87
3
88
3
87
1
197
1
80
1
259
1
2
2
88
2
176
1
257
1
38
1
116
1
146
1
423
1
51
1
175
1
159
1
75
1
398
1
149
1
445
1
261
1
35
1
133
1
194
1
92
1
702
1
416
1
146
1
76
1
168
1
628
1
180
1
404
1
161
1
242
1
181
1
91
1
717
1
175
1
72
1
59
1
252
1
796
1
90
1
180
1
89
1
197
1
341
1
413
1
42
1
106
1
78
1
543
1
172
1
663
1
664
1
118
1
12
1
1488
1
132
1
53
1
275
1
517
1
71
1
148
1
155
1
628
1
362
1
89
1
370
1
260
1
273
1
46
1
55
1
13
1
65
1
337
1
299
1
436
1
468
1
142
1
105
1
478
1
134
1
639
1
90
1
12
1
170
1
534
1
36
1
67
1
170
2
344
1
250
1
12
3
867
1
67
1
13
1
324
1
320
1
35
1
454
1
274
1
45
1
56
1
13
1
327
1
614
1
103
1
492
1
225
1
536
1
275
1
254
1
314
1
810
1
403
1
444
3
55
1
161
1
171
1
253
1
223
1
240
1
255
1
538
1
181
1
91
1
286
1
341
1
92
1
72
1
303
1
81
1
168
1
476
1
84
1
156
1
534
1
79
1
751
1
508
1
180
1
134
1
68
1
77
1
166
1
521
1
12
1
57
1
161
1
890
1
463
1
330
1
502
1
57
1
80
1
65
1
102
1
91
1
92
1
305
1
13
1
56
1
54
1
102
1
557
1
24
1
1678
1
78
1
256
1
405
1
69
1
78
1
525
1
138
1
33
1
71
1
68
1
613
1
879
1
21
1
249
1
271
1
288
1
14
1
143
1
91
1
93
1
408
1
220
1
713
1
438
1
375
1
657
1
70
1
740
1
988
1
248
1
421
2
751
1
432
1
180
1
206
1
166
1
512
1
215
1
1606
1
336
1
403
1
225
1
1260
1
288
1
90
1
182
1
64
1
26
1
293
1
33
1
59
1
148
1
589
1
479
1
285
1
21
1
25
1
21
1
186
1
433
1
141
1
12
1
564
1
220
1
498
1
629
1
458
1
711
1
108
1
860
1
70
1
331
1
64
1
117
1
235
1
129
1
1059
1
90
1
536
1
2
1
565
1
138
1
360
1
323
1
136
1
1
1
256
1
448
1
270
1
6
1
89
1
361
1
21
1
13
1
320
1
90
1
173
1
210
1
147
1
360
1
448
1
3151
1
184
1
1436
1
2621
1
440
1
537
1
720
1
1279
1
65
1
730
1
3343
1
517
1
91
1
1807
1
730
1
2498
1
2699
1
534
1
824
1
170
1
2340
1
2435
1
442
1
2694
1
3992
1
599
2
183
1
11
1
1622
1
812
1
1684
1
93
1
716
1
1559
1
252
1
349
1
87
1
122
1
326
1
534
1
824
1
171
1
560
1
78
1
1512
1
1620
1
13
1
908
1
171
1
560
1
782
1
262
1
560
1
813
1
77
1
171
1
2164
1
2505
1
104
1
258
1
2
1
721
1
464
1
157
1
654
1
77
1
716
1
95
1
1698
1
1546
1
65
1
667
1
79
1
781
1
90
1
16
1
884
1
718
1
627
1
1711
1
92
1
625
1
186
2
655
1
158
1
273
1
166
1
292
1
77
1
92
1
165
1
90
1
182
1
92
1
25
1
159
1
167
1
90
1
1163
1
11
1
93
1
729
1
81
1
729
1
2411
1
182
1
274
1
363
1
94
1
427
1
90
1
210
1
4027
1
891
1
733
1
11
1
251
1
91
1
346
1
202
1
427
1
90
1
1793
1
3256
1
78
1
998
1
558
1
601
1
209
1
1689
1
811
1
76
1
92
1
624
1
2714
1
626
1
796
1
183
1
2063
1
11
1
3273
1
1308
1
91
1
90
1
278
1
260
1
626
1
558
1
969
1
1448
1
172
1
624
1
12
1
923
1
1134
1
90
1
91
2
262
1
27
1
246
1
2089
1
251
1
640
1
1698
1
997
1
75
1
270
1
188
1
185
1
255
1
90
1
1183
1
74
1
93
1
465
1
1874
1
2278
1
340
1
627
1
437
1
2
1
199
1
338
1
719
1
1528
1
811
1
558
1
80
1
1521
1
10
1
24
1
159
1
888
1
718
1
812
1
981
1
1433
1
652
1
79
1
704
1
11
1
14
2
79
1
75
1
669
1
511
1
538
1
1069
1
90
1
291
1
428
1
273
1
263
1
182
1
1269
1
794
1
2082
1
91
1
208
2
1662
1
106
1
886
1
558
1
13
1
67
1
77
1
810
1
652
1
158
1
716
1
758
1
162
1
349
1
298
1
240
1
256
1
180
1
201
1
891
1
1445
1
251
1
811
1
559
1
157
1
1559
1
234
1
12
1
90
1
90
1
539
1
570
2
67
1
891
1
529
1
104
1
12
1
1141
1
466
1
66
1
184
1
559
1
970
1
733
1
92
1
614
1
79
1
195
1
556
1
12
1
1219
1
271
1
117
1
2419
1
796
1
79
1
92
1
678
1
2
1
121
1
284
1
182
1
89
1
264
1
439
1
222
1
134
1
90
1
272
1
180
1
630
1
298
1
1048
1
810
1
625
1
15
1
729
1
780
1
124
1
431
1
91
1
446
1
92
1
477
1
498
1
382
1
2335
1
810
1
1625
1
92
1
430
1
92
1
289
1
51
1
180
1
1084
1
90
1
116
1
161
1
167
1
183
1
297
1
161
1
167
1
625
1
1437
1
901
1
185
1
1176
3
290
1
78
1
650
1
65
1
172
1
348
1
290
1
77
1
167
1
92
1
389
1
65
1
2351
1
797
1
12
1
80
1
170
1
656
1
428
1
167
1
13
1
1
1
116
1
1051
1
74
1
366
1
80
1
101
1
169
1
183
1
390
1
159
1
980
1
1263
1
263
1
534
1
863
1
3
1
236
1
167
1
181
1
370
1
76
1
1160
1
290
1
811
1
246
1
719
1
558
1
343
1
626
1
92
1
1793
1
270
1
144
2
498
1
165
1
96
1
275
1
1158
1
538
1
719
1
90
1
90
1
181
1
446
1
545
1
12
1
252
1
624
1
92
1
677
1
149
1
92
1
438
1
129
1
45
1
169
1
570
1
25
1
122
1
542
1
1259
1
480
1
55
1
545
1
183
1
171
1
650
1
251
1
558
1
1066
1
628
1
364
1
271
1
92
1
35
1
56
1
728
1
11
1
798
1
83
1
245
1
991
1
720
1
376
1
81
1
1651
1
41
1
115
1
347
1
1089
1
1608
1
14
1
1237
1
180
1
629
1
262
1
23
1
1798
1
440
1
219
1
503
1
89
1
89
1
433
1
480
1
420
1
180
1
222
1
69
1
336
1
180
1
538
1
1172
1
81
1
274
1
91
1
626
1
91
1
1177
1
219
1
70
1
249
1
91
1
164
1
234
1
1115
1
90
1
389
1
83
1
427
1
900
1
195
1
67
1
274
1
361
1
81
1
104
1
77
1
183
1
454
1
1014
1
170
1
332
1
12
1
129
1
813
1
227
1
569
1
407
1
90
1
366
1
261
1
272
1
194
1
434
1
270
1
355
1
183
1
2082
1
275
1
453
1
434
1
535
1
92
1
1530
1
259
1
388
1
162
1
1432
1
1673
1
150
1
169
1
63
1
483
1
416
1
16
1
629
1
479
1
239
1
256
1
297
1
83
1
338
1
91
1
442
1
183
1
92
1
373
1
1155
1
1319
1
145
1
78
1
91
1
465
1
95
1
42
1
117
1
333
1
13
1
91
1
277
1
730
1
65
1
91
1
92
1
719
1
437
1
199
1
811
1
154
1
363
1
719
1
261
1
22
1
14
1
66
1
262
1
472
1
846
2
68
1
797
1
340
1
705
1
15
1
164
1
538
1
733
1
1158
1
90
1
1074
1
91
1
183
1
1897
1
435
1
376
1
447
1
437
1
280
1
2338
1
728
1
434
1
1226
1
138
1
876
1
1081
1
299
1
822
1
70
1
79
1
1338
1
538
1
180
1
278
1
441
1
282
1
42
1
322
1
1068
1
290
1
81
1
167
1
181
1
89
1
89
1
92
1
34
1
137
1
660
1
12
1
773
1
1151
1
456
1
11
1
431
1
810
1
394
1
34
1
138
1
170
1
256
1
304
1
416
1
322
1
139
1
645
1
243
1
637
1
79
1
75
1
571
1
600
1
356
1
362
1
1530
1
270
1
102
1
54
1
126
1
440
1
304
1
879
1
611
1
46
1
32
1
103
1
167
1
480
1
810
1
12
1
150
1
346
1
299
1
419
1
719
1
481
1
689
1
123
1
239
1
11
1
66
1
24
1
562
1
159
1
74
1
797
1
492
1
13
1
212
1
559
1
174
1
257
1
473
1
79
1
165
1
90
1
180
1
208
1
510
1
286
1
12
1
54
1
755
1
67
1
77
1
182
1
90
1
89
1
89
1
905
1
214
1
158
1
543
1
94
1
250
1
720
1
567
1
881
1
245
1
810
1
181
1
89
1
208
1
329
1
443
1
457
1
179
1
89
1
144
1
11
1
476
1
322
1
230
1
75
1
364
1
114
1
82
1
80
1
169
1
885
1
272
1
538
1
272
1
103
1
11
1
84
1
78
1
1070
1
454
1
743
1
53
1
794
1
55
1
173
1
797
1
440
1
372
1
348
1
193
1
526
1
352
1
707
1
286
1
75
1
735
1
568
1
42
1
11
1
624
1
718
1
248
1
137
1
14
1
78
1
718
1
427
1
218
1
150
1
672
1
307
1
466
1
94
1
157
1
91
1
453
1
68
1
103
1
92
1
717
1
661
1
148
1
166
1
362
1
281
1
74
1
598
1
207
1
113
1
91
1
256
1
154
1
112
1
683
1
580
1
264
1
182
1
615
1
287
1
612
1
361
1
382
1
517
1
90
1
118
1
1229
1
180
1
90
1
145
1
11
1
70
1
124
1
205
1
385
1
242
1
245
1
299
1
33
1
58
1
798
1
94
1
167
1
90
1
1185
1
161
1
1067
1
180
1
197
1
702
1
132
1
405
1
831
1
409
1
386
1
411
1
72
1
326
1
180
1
206
1
23
1
217
1
91
1
90
1
362
1
22
1
11
1
231
1
566
1
810
1
587
1
222
1
134
1
542
1
188
1
349
1
831
1
468
1
55
1
452
1
277
1
170
1
627
1
184
1
1066
1
719
1
554
1
164
1
628
1
361
1
180
1
448
1
532
1
57
1
214
1
23
1
91
1
468
1
160
1
555
1
137
1
25
1
76
1
91
1
181
1
89
1
217
1
231
1
435
1
96
1
104
1
79
1
528
1
266
1
662
1
83
1
606
1
266
1
90
1
180
1
1251
1
141
1
1135
1
813
1
89
1
216
1
786
1
162
1
438
1
208
1
83
1
607
1
131
1
587
1
209
1
237
1
90
1
990
1
556
1
13
1
168
1
92
1
282
1
160
1
627
1
170
1
13
1
169
1
75
1
16
1
372
1
96
1
232
1
271
1
234
1
135
1
625
1
35
1
70
1
336
1
90
1
298
1
420
1
389
1
237
1
452
1
119
1
54
1
273
1
270
1
172
1
62
1
81
1
395
1
332
1
1214
1
253
1
142
1
72
1
504
1
289
1
430
1
311
1
70
1
428
1
444
1
90
1
559
1
342
1
91
1
89
1
89
1
208
1
329
1
270
1
89
1
306
1
250
1
333
1
281
1
11
1
515
1
64
1
230
1
513
1
137
1
510
1
160
1
466
1
810
1
443
1
26
1
142
1
180
1
15
1
719
1
464
1
160
1
92
1
997
1
245
1
221
1
80
1
659
1
70
1
81
1
518
1
115
1
810
1
148
1
168
1
480
1
11
1
82
1
1060
1
464
1
81
1
693
1
90
1
452
1
181
1
171
2
43
1
172
1
650
1
123
1
603
1
126
1
11
1
92
1
348
1
195
1
148
1
284
1
90
1
976
1
130
1
226
1
628
1
103
1
257
1
180
1
197
1
80
1
259
1
1414
1
409
1
512
1
115
1
487
1
1028
1
363
1
263
1
24
1
431
1
295
1
11
1
33
1
729
1
104
1
810
1
810
1
79
1
697
1
14
1
56
1
202
1
571
1
147
1
603
1
217
1
15
1
1158
1
263
1
276
1
441
1
45
1
786
1
11
1
135
1
451
1
448
1
1080
1
180
1
136
1
514
1
317
1
13
1
33
1
92
1
171
1
486
1
217
1
90
1
90
1
470
1
250
1
90
1
397
1
45
1
25
1
414
1
277
1
184
1
256
1
473
1
245
1
493
1
151
1
658
1
134
1
270
1
513
1
408
1
75
1
241
1
127
1
12
1
172
1
441
1
43
1
71
1
54
1
90
1
272
1
285
1
346
1
269
1
229
1
751
1
185
1
671
1
122
1
361
1
300
1
68
1
888
1
180
1
497
1
32
1
286
1
194
1
75
1
105
1
148
1
12
1
1174
1
180
1
795
1
370
1
673
1
139
1
1525
1
349
1
538
1
451
1
205
1
90
1
182
1
337
1
105
1
207
1
67
1
78
1
66
1
27
1
497
1
59
1
236
1
502
1
218
2
566
1
589
1
208
1
83
1
154
1
584
1
406
1
719
1
180
1
538
1
270
1
180
1
741
1
90
1
147
1
1
1
298
1
74
1
423
1
388
1
91
1
179
1
138
1
1104
1
992
1
275
1
534
1
312
1
314
1
181
1
628
1
180
1
335
1
11
1
58
1
93
1
81
1
52
1
26
1
243
1
240
1
84
1
303
1
15
1
152
1
565
1
347
1
127
1
11
1
151
1
337
1
321
1
56
1
1552
1
408
1
75
1
312
1
12
1
149
1
349
1
74
1
290
1
261
1
90
1
579
1
133
1
26
1
243
1
254
2
69
1
54
1
264
1
478
1
587
1
127
1
11
1
230
1
258
1
182
1
703
1
460
1
439
1
213
1
80
1
349
1
296
1
12
1
42
1
707
1
378
1
471
1
183
1
13
1
65
1
262
1
304
1
23
1
220
1
425
1
176
1
21
1
24
1
496
1
218
1
24
1
44
1
824
1
66
1
259
1
182
1
287
1
248
1
466
1
328
1
106
1
386
1
225
1
628
1
24
1
78
1
347
1
339
1
70
1
11
1
318
1
91
1
964
1
129
1
10
1
22
1
58
1
12
1
224
1
15
1
441
1
32
1
244
1
242
1
195
1
210
1
41
1
102
1
639
1
444
1
1106
1
148
1
528
1
119
1
147
1
360
1
388
1
1550
1
81
1
12
1
68
1
78
1
76
1
258
1
198
1
56
1
58
1
67
1
259
1
399
1
152
1
349
1
353
1
184
1
794
1
559
1
23
1
880
1
606
1
651
1
182
1
289
1
131
1
501
1
243
1
1377
1
323
1
269
1
73
1
15
1
172
1
718
1
844
1
135
1
14
1
345
1
464
1
164
1
360
1
207
1
21
1
11
1
45
1
454
1
90
1
147
1
299
1
465
1
905
1
53
1
183
1
488
1
11
1
655
1
215
1
503
1
187
1
185
1
646
1
689
1
358
1
761
1
315
1
331
1
10
1
858
1
25
1
738
1
129
1
170
1
162
1
195
1
126
1
57
1
67
1
270
1
472
1
79
1
166
1
505
1
58
1
606
1
267
1
270
1
391
1
83
1
763
1
10
1
154
1
159
1
555
1
68
1
14
1
156
1
512
1
798
1
204
1
569
1
11
1
869
1
79
3
164
1
180
1
538
1
584
1
55
1
15
1
62
1
1661
1
13
1
392
1
407
1
63
1
91
1
348
1
163
2
798
1
130
1
729
1
712
1
11
1
12
1
139
2
644
1
57
1
10
1
350
1
271
1
447
1
180
1
809
1
326
1
255
1
157
1
92
1
314
1
11
1
58
1
577
1
641
1
180
1
290
1
338
1
182
1
881
1
297
1
334
1
176
1
809
1
206
1
244
1
471
1
93
1
75
1
90
1
506
1
10
1
277
1
113
1
92
1
398
1
148
1
171
1
885
1
180
1
277
1
185
1
165
1
321
1
151
1
622
1
23
1
12
1
122
1
1083
1
457
1
13
1
52
1
376
1
74
1
222
1
329
1
90
1
256
1
322
1
694
1
238
1
582
1
94
1
64
1
92
1
571
1
67
1
428
1
91
1
627
1
91
1
193
1
173
1
660
1
69
1
80
1
75
1
583
1
226
1
182
1
90
1
283
1
25
1
42
1
275
1
90
1
495
1
12
1
1812
1
25
1
499
1
71
1
223
1
363
1
264
1
78
1
284
1
285
1
80
1
93
1
167
1
273
1
445
1
91
1
181
1
702
1
448
1
1376
1
203
1
1220
1
258
1
963
1
12
1
476
1
285
1
93
1
341
1
180
1
229
1
44
1
984
1
72
1
1576
1
142
1
285
1
218
1
485
1
241
1
313
1
73
1
495
1
314
1
720
1
181
1
180
1
357
1
625
1
740
1
689
1
202
1
848
1
12
1
305
1
181
1
205
1
32
1
71
1
150
1
142
1
25
1
91
1
73
1
382
1
635
1
161
1
350
1
308
1
324
1
179
1
178
1
198
1
751
1
21
1
10
1
26
1
322
1
368
1
260
1
583
1
12
1
122
1
818
1
740
1
104
1
223
1
191
1
300
1
161
1
347
1
218
1
22
1
59
1
67
1
351
1
89
1
217
1
70
1
66
1
91
1
1
3
450
1
91
1
106
1
413
1
382
1
79
1
256
1
270
1
97
1
46
1
213
1
640
1
78
1
15
1
778
1
136
1
14
1
77
1
890
1
627
2
543
1
342
1
2
2
180
1
177
1
184
1
171
1
1392
1
140
1
883
1
360
1
279
1
78
1
668
1
101
1
174
1
77
1
497
1
106
1
21
1
12
1
81
1
169
1
477
1
407
1
391
1
66
1
172
1
361
1
150
1
205
1
705
1
541
1
719
1
222
1
225
1
719
1
804
1
138
1
250
1
411
1
307
1
395
1
23
1
544
1
254
1
231
1
77
1
476
1
487
1
104
1
205
1
80
1
171
1
76
1
182
1
274
1
1437
1
287
1
143
1
11
1
349
1
227
1
80
1
228
1
448
1
40
1
435
1
454
1
36
1
42
1
104
1
155
1
180
1
242
1
216
1
66
1
375
1
126
1
81
1
66
1
13
1
143
1
193
1
297
1
94
1
417
1
285
1
172
1
93
1
349
1
431
1
11
1
181
1
183
1
702
1
106
1
243
1
27
1
79
1
375
1
386
1
11
1
68
1
146
1
104
1
491
1
67
1
494
1
641
1
90
1
230
1
34
1
34
1
159
1
64
1
285
1
183
1
33
1
82
1
703
1
432
1
91
1
91
1
287
1
727
1
163
1
74
1
566
1
149
1
32
1
92
1
248
1
328
1
70
1
227
1
258
1
900
1
1021
1
160
1
63
1
284
1
184
1
116
1
509
1
217
1
150
1
424
1
16
1
217
1
151
1
74
1
91
1
478
1
12
1
55
1
263
1
493
1
128
1
373
1
91
1
308
1
412
1
163
1
1033
1
587
1
210
1
82
1
141
1
375
1
93
1
261
1
90
1
90
1
90
1
366
1
12
1
81
1
167
1
91
1
90
1
535
1
346
1
235
1
32
1
10
1
26
1
157
1
713
1
112
1
236
1
507
1
328
1
327
1
71
1
69
1
157
1
570
1
134
1
361
1
230
1
11
1
58
1
327
1
257
1
462
1
91
1
180
1
90
1
138
1
44
1
171
1
568
1
46
1
36
1
160
1
1634
1
649
1
161
1
661
1
228
1
63
1
640
1
15
1
345
1
720
1
180
1
152
1
59
1
41
1
557
1
183
1
740
1
84
1
502
1
539
1
89
1
89
1
308
1
20
1
48
1
112
1
327
1
102
1
323
1
371
1
117
1
202
1
21
1
83
1
292
1
433
1
11
1
131
1
62
1
902
5
179
1
87
1
216
1
24
1
45
1
55
1
102
2
545
1
21
1
24
1
44
1
14
1
725
1
776
1
46
1
56
1
79
1
757
1
92
1
159
1
167
1
318
1
117
1
21
1
327
1
353
1
59
1
12
1
394
1
404
1
212
1
657
1
528
1
125
1
24
1
32
1
13
1
726
1
69
1
518
1
371
1
626
1
184
1
75
1
620
1
48
1
184
1
246
1
156
1
256
1
56
1
80
1
234
1
26
1
90
1
191
1
820
1
69
1
11
1
13
1
212
1
102
1
2
1
88
4
86
1
302
1
64
1
82
1
434
1
214
1
751
1
831
1
23
1
79
2
345
1
278
1
21
1
83
1
154
1
1004
1
90
1
1153
1
196
1
521
1
23
1
13
1
4027
1
986
1
273
1
90
1
1909
1
419
1
443
1
91
1
1713
1
718
1
1431
1
271
1
196
1
377
1
250
1
440
1
118
1
79
1
730
1
158
1
77
1
3869
1
922
1
168
1
346
1
540
1
1175
1
185
1
169
1
810
1
441
1
822
1
13
1
1607
1
986
1
811
1
260
1
376
1
343
1
561
1
715
1
3216
1
92
1
92
1
1980
1
363
1
170
1
573
1
65
1
14
1
78
1
2244
1
905
1
1623
1
170
1
719
1
981
1
466
1
95
1
714
1
2684
1
544
1
1001
1
64
1
104
1
523
1
741
1
12
1
893
1
781
1
901
1
92
1
1450
1
795
1
15
1
76
1
1482
1
159
1
76
1
351
1
87
1
264
1
274
3
547
1
636
1
174
1
702
1
994
1
559
1
968
1
985
1
469
1
26
1
494
1
1113
1
80
1
887
1
169
1
1277
1
810
1
890
1
77
1
94
1
632
1
104
1
76
1
707
1
915
1
557
1
238
1
181
1
90
1
1164
1
12
1
704
1
1807
1
827
1
167
1
272
1
1793
1
23
1
602
1
446
1
571
1
146
1
902
1
545
1
1638
1
509
1
357
1
634
1
357
1
1464
1
796
1
1792
1
718
1
749
1
338
1
1268
1
521
1
446
1
273
1
284
1
434
1
1173
1
12
1
66
1
902
1
2289
1
147
1
649
1
972
1
260
1
3059
1
545
1
816
1
103
1
79
1
261
1
387
1
82
1
415
1
180
1
357
1
653
1
811
1
78
1
76
1
573
1
328
1
466
1
343
1
547
1
77
1
733
1
757
2
315
1
562
1
325
1
180
1
175
1
45
1
408
1
445
1
366
1
387
1
812
1
862
1
183
1
1436
1
184
1
541
1
531
1
13
4
974
1
131
1
55
1
260
1
90
1
355
1
912
1
14
1
247
1
481
2
158
1
3180
1
79
1
412
1
12
1
90
1
131
1
784
1
12
1
67
1
66
1
456
2
204
1
254
1
531
1
447
1
547
1
980
1
2200
1
582
1
97
1
47
1
42
1
917
1
152
1
363
2
370
1
556
1
422
1
469
1
154
1
91
1
467
1
173
1
811
1
1452
1
2671
1
362
1
90
1
278
1
796
1
182
1
454
1
24
1
1050
1
1522
1
101
1
1160
1
901
1
372
1
637
1
611
1
129
1
149
1
258
1
90
1
1907
1
825
1
137
1
672
1
57
1
273
1
90
1
90
1
296
1
241
1
556
1
239
1
1173
1
290
1
966
1
810
1
811
1
734
1
78
1
168
1
810
1
643
1
1529
1
440
1
263
1
26
1
874
1
650
1
810
1
81
1
722
1
1631
1
25
1
227
1
811
1
347
1
289
1
520
1
369
1
440
1
207
1
67
1
980
1
626
1
13
1
77
1
91
1
668
1
55
1
103
1
568
1
487
1
323
1
151
1
425
1
1713
1
184
1
261
1
272
1
262
1
182
1
182
1
390
1
144
1
1501
1
204
1
117
1
242
1
102
1
199
1
342
1
1173
1
432
1
272
1
184
1
92
1
887
1
993
1
389
1
66
1
261
1
91
1
626
1
91
1
542
1
10
1
182
1
92
1
421
1
31
1
266
1
637
1
80
1
516
1
372
1
555
1
238
1
182
1
182
1
205
1
810
1
82
1
1057
1
91
1
351
1
37
1
144
1
715
1
112
1
78
1
104
1
75
1
389
1
23
1
71
1
131
1
11
1
90
1
184
1
250
1
126
1
234
1
15
1
464
1
238
1
272
1
91
1
91
1
91
1
10
1
25
1
240
1
258
1
1189
1
874
1
664
1
781
1
67
1
400
1
373
1
57
1
454
1
297
1
12
1
319
1
718
1
349
1
92
1
129
1
1124
1
92
1
469
1
247
1
563
1
154
1
734
1
663
1
331
1
445
1
102
1
14
1
157
1
1531
1
516
1
141
1
44
1
1551
1
68
1
13
1
79
1
167
1
90
1
181
1
193
1
824
1
53
1
770
1
149
1
273
1
64
1
405
1
762
1
845
1
145
1
105
1
559
1
159
1
346
1
538
1
467
1
94
1
519
1
90
1
538
1
720
1
1304
1
243
1
796
1
453
1
92
1
10
1
345
1
255
1
463
1
794
1
653
1
79
1
703
1
546
1
194
1
1158
1
258
1
11
1
232
1
69
1
160
1
566
1
151
1
531
1
92
1
612
1
1530
1
180
1
200
1
337
1
719
1
271
1
629
1
724
1
105
1
628
1
579
1
22
1
115
1
260
1
90
1
272
1
264
1
347
1
232
1
44
1
532
1
719
1
180
1
130
1
55
1
78
1
272
1
180
1
208
1
810
1
146
1
363
1
90
1
234
1
83
1
66
1
170
1
92
1
886
1
460
1
77
1
167
1
270
1
118
1
253
1
795
1
90
1
1529
1
362
1
208
1
55
1
454
1
180
1
538
1
428
1
798
1
58
1
249
1
272
1
229
1
656
1
176
1
102
1
810
1
810
1
978
1
90
1
1081
1
186
1
169
1
90
1
90
1
453
1
127
1
784
1
442
1
229
1
45
1
798
1
106
1
62
1
1381
1
12
1
68
1
156
1
1083
1
180
1
279
1
977
1
181
1
395
1
418
1
333
1
386
1
90
1
182
1
103
1
34
1
1195
1
389
1
160
1
168
1
468
1
24
1
147
1
1252
1
194
1
94
1
338
1
90
1
627
1
272
1
260
1
216
1
233
1
101
1
243
1
23
1
34
1
600
1
115
1
11
1
215
1
746
1
1146
1
91
1
90
1
128
1
407
1
91
1
311
1
66
1
156
1
274
1
296
1
329
1
183
1
296
1
146
1
14
1
167
1
91
1
351
1
144
1
147
1
902
1
489
1
69
1
82
1
633
1
81
1
12
1
67
1
442
1
274
1
354
1
373
1
57
1
181
1
13
1
580
1
577
1
90
1
116
1
68
1
442
1
181
1
279
1
838
1
43
1
203
1
446
1
36
1
31
1
10
1
1354
1
706
1
219
1
23
1
217
1
182
1
362
1
92
1
12
1
739
1
1478
1
265
1
689
1
81
1
81
1
430
1
229
1
70
1
66
1
78
1
91
1
347
1
279
1
695
1
193
1
90
1
466
1
34
1
140
1
168
1
626
1
660
1
69
1
740
1
69
1
518
1
277
1
94
1
673
1
11
1
69
1
81
1
624
1
880
1
185
1
649
1
692
1
33
1
11
1
656
1
372
1
717
1
529
1
130
1
407
1
377
1
24
1
824
1
81
1
68
1
12
1
430
1
90
1
124
1
70
1
252
1
75
1
423
1
34
1
707
1
820
1
356
1
559
1
143
1
1262
1
280
1
257
1
446
1
272
1
533
1
124
1
12
1
646
1
399
1
77
1
192
1
128
1
320
1
501
1
566
1
244
1
1029
1
1353
1
11
1
419
1
446
1
272
1
518
1
286
1
191
1
105
1
285
1
12
1
496
1
218
1
320
1
257
1
14
1
89
1
914
1
94
1
506
1
719
1
628
1
468
1
11
1
600
1
265
1
272
1
828
1
66
1
207
1
298
1
146
1
77
1
14
1
256
1
218
1
503
1
444
1
440
1
232
1
33
1
913
1
887
1
571
1
1139
1
180
1
662
1
243
1
15
1
298
1
212
1
526
1
45
1
753
1
57
1
740
1
668
1
94
1
47
1
1477
1
279
1
661
1
54
1
93
1
75
1
90
1
90
1
555
1
195
1
259
1
74
1
224
1
66
1
170
1
335
1
12
1
632
1
294
1
810
1
83
1
64
1
259
1
458
1
351
1
992
1
719
1
285
1
25
1
68
1
246
1
555
1
127
1
79
1
245
1
183
1
101
1
103
1
81
1
235
1
12
1
92
1
317
1
374
1
192
1
288
1
11
1
44
1
753
1
340
1
90
1
977
1
186
1
91
1
14
1
334
1
900
1
356
1
12
1
168
1
507
1
25
2
112
1
545
1
136
1
25
1
1160
1
192
1
462
1
166
1
423
1
58
1
418
1
90
1
90
1
880
1
32
1
35
1
869
1
52
1
718
1
272
1
601
1
705
1
10
1
25
1
204
1
13
1
953
1
192
1
277
1
623
1
174
1
169
1
1005
1
386
1
23
1
1746
1
167
1
601
1
68
1
171
1
258
1
90
1
265
1
25
1
79
1
322
1
253
1
71
1
240
1
62
1
192
1
207
1
93
1
146
1
452
1
198
1
145
1
194
1
180
1
288
1
250
1
180
1
261
1
45
1
124
1
12
1
348
1
323
1
810
1
304
1
476
1
112
1
1758
1
992
1
180
1
229
1
11
1
297
1
443
1
367
1
1155
1
130
1
407
1
719
1
578
1
159
1
453
1
83
1
124
1
56
1
11
1
262
1
407
1
72
1
31
1
115
1
650
1
715
1
57
1
275
1
90
1
89
1
89
1
89
1
1009
1
159
1
974
1
402
1
149
1
837
1
225
1
444
1
59
1
497
1
241
1
59
1
67
1
441
1
447
1
91
1
477
1
164
1
424
1
186
1
57
1
474
1
180
1
266
1
1081
1
180
1
197
1
11
1
68
1
530
1
413
1
493
1
210
1
11
1
82
1
52
1
616
1
46
1
419
1
296
1
834
1
58
1
159
1
579
1
1835
1
1468
1
115
1
65
1
91
1
168
1
345
1
283
1
258
1
186
1
67
1
207
1
258
1
90
1
241
1
126
1
730
1
159
1
624
1
26
1
142
1
362
1
900
1
186
1
13
1
608
1
118
1
509
1
180
1
114
1
137
1
21
1
464
1
381
1
248
1
408
1
387
1
273
1
125
1
69
1
14
1
143
1
92
1
256
1
245
1
215
1
1250
1
142
1
55
1
728
1
161
1
439
1
809
1
327
1
12
1
227
1
93
1
476
1
68
1
13
1
65
1
93
1
75
1
77
1
78
1
266
1
69
1
68
1
53
1
25
1
602
1
33
1
728
1
23
1
218
1
440
1
126
1
125
1
180
1
491
1
11
1
69
1
430
1
309
1
214
1
12
1
363
1
205
1
331
1
90
1
256
1
216
1
34
1
728
1
466
1
105
1
309
1
149
1
168
1
1162
1
197
1
728
1
67
1
168
1
348
1
141
1
11
1
798
1
319
1
180
1
90
1
523
1
530
1
82
1
56
1
11
1
67
1
428
1
629
1
331
1
70
1
12
1
69
1
156
1
571
1
240
1
333
1
12
1
105
1
600
1
255
1
798
1
798
1
320
1
74
1
15
1
179
1
160
1
32
1
57
1
759
1
125
1
34
1
114
1
428
1
94
1
274
1
246
1
168
1
1991
1
271
1
76
1
243
1
11
1
46
1
80
1
77
1
592
1
58
1
158
1
181
1
270
1
127
1
57
1
12
1
158
1
651
1
847
1
45
1
237
1
37
1
405
1
128
1
338
1
104
1
90
1
102
1
330
1
13
1
558
1
237
1
361
1
139
1
566
1
13
1
206
1
22
1
11
1
22
1
36
1
237
1
165
1
104
1
229
1
310
1
269
1
171
1
45
1
124
1
12
1
92
1
794
1
703
1
34
1
286
1
477
1
56
1
534
1
135
1
140
1
54
1
23
1
77
1
14
1
486
1
233
1
165
1
180
1
241
1
59
1
328
1
444
1
11
1
444
1
1189
1
726
1
149
1
437
1
206
1
135
1
136
1
184
1
256
1
164
1
374
1
182
1
782
1
266
1
193
1
1450
1
706
1
914
1
517
1
1016
1
351
1
247
1
335
1
318
1
628
1
336
1
12
1
288
1
12
1
1538
1
232
1
565
1
11
1
71
1
738
1
123
1
13
1
730
1
79
1
928
1
719
1
145
1
78
1
101
1
331
1
140
1
65
1
78
1
525
1
34
1
24
1
66
1
66
1
196
1
90
1
459
1
74
1
569
1
11
1
71
1
64
1
168
1
492
1
69
1
156
1
559
1
23
1
149
1
528
1
357
1
451
1
648
1
90
1
90
1
94
1
273
1
169
1
549
1
520
1
115
1
22
1
11
1
464
1
288
1
103
1
83
1
242
1
413
1
56
1
520
1
996
1
34
1
810
1
55
1
918
1
115
1
80
1
77
1
888
1
91
1
284
1
23
1
68
1
79
1
262
1
304
1
321
1
155
1
11
1
1803
1
369
1
348
1
206
1
81
1
79
1
517
1
14
1
1045
1
13
1
11
1
137
1
132
1
502
1
241
1
168
1
91
1
63
1
719
1
265
1
390
1
74
1
472
1
592
1
42
1
93
1
81
1
771
1
451
1
208
1
160
1
168
1
479
1
94
1
157
1
90
1
362
1
153
1
48
1
46
1
68
1
238
1
363
1
160
1
116
1
323
1
229
1
22
1
58
1
423
1
164
1
176
1
21
1
611
1
151
1
114
1
638
1
981
1
362
1
181
1
356
1
90
1
256
1
176
1
101
1
274
1
515
1
95
1
307
1
395
1
164
1
133
1
284
1
379
1
157
1
183
1
293
1
319
1
180
1
180
1
163
1
34
1
11
1
81
1
623
1
80
1
11
1
810
1
80
1
439
1
434
1
104
1
489
1
33
1
287
1
268
1
244
1
95
1
69
1
66
1
78
1
91
1
76
1
389
1
23
1
136
1
66
1
25
1
349
1
369
1
52
1
1279
1
67
1
129
1
322
1
345
1
387
1
482
1
222
1
14
1
360
1
162
1
287
1
253
1
221
1
11
1
57
1
533
1
89
1
249
1
136
1
78
1
91
1
76
1
276
1
340
1
78
1
459
1
126
1
80
1
51
1
116
1
466
1
496
1
102
1
95
1
67
1
115
1
336
1
103
1
241
1
833
1
106
1
152
1
16
1
179
1
283
1
705
1
81
1
277
1
699
1
69
1
237
1
143
1
209
1
90
1
116
1
326
1
90
1
310
1
575
1
539
1
167
1
12
1
185
1
32
1
22
1
59
1
237
1
166
1
194
1
104
1
93
1
252
1
179
1
352
1
185
1
73
1
270
1
1089
1
439
1
1220
1
94
1
799
1
157
1
464
1
512
1
76
1
231
1
228
1
93
1
91
1
72
1
16
1
305
1
57
1
752
1
71
1
738
1
11
1
125
1
717
1
92
1
346
1
444
1
69
1
43
1
22
1
170
1
65
1
341
1
83
1
489
1
182
1
356
1
255
1
266
1
454
1
75
1
289
1
25
1
68
1
334
1
334
1
856
1
890
1
528
1
119
1
11
1
135
1
541
1
168
1
27
1
297
1
169
1
303
1
117
1
46
1
65
1
261
1
91
1
90
1
112
1
149
1
26
1
156
4
484
1
296
1
196
1
73
1
15
1
203
1
162
3
63
1
270
1
322
1
71
1
53
1
451
1
220
1
148
1
530
1
118
1
238
1
270
1
288
1
36
1
57
1
79
1
733
1
136
1
305
1
180
1
147
1
232
1
340
1
91
1
613
1
378
1
68
1
35
1
876
1
66
1
192
1
391
1
158
1
441
1
115
1
174
1
245
1
181
1
219
1
135
1
545
1
809
1
153
1
70
1
22
1
69
1
12
1
304
1
180
1
460
1
336
1
117
1
149
1
192
1
1057
1
11
1
526
1
448
1
65
1
45
1
889
1
26
1
1236
1
207
1
136
1
283
1
672
1
79
1
42
1
293
1
288
1
79
1
91
1
260
1
91
1
299
1
132
1
11
1
14
1
168
1
719
1
373
1
916
1
54
1
660
1
149
1
168
1
362
1
140
1
396
1
180
1
207
1
24
1
123
1
13
1
244
1
270
1
277
1
123
1
811
1
133
1
22
1
90
1
182
1
183
1
10
1
35
1
69
1
53
1
78
1
468
1
43
1
82
1
1610
1
586
1
94
1
103
1
716
1
93
1
12
1
53
1
452
1
90
1
280
1
76
1
76
1
374
1
144
1
256
1
156
1
54
1
742
1
181
1
90
1
147
1
83
1
798
1
320
1
418
1
46
1
418
1
180
1
128
1
94
1
224
1
361
1
719
1
448
1
181
1
269
1
163
1
117
1
76
1
182
1
177
1
203
1
287
1
156
1
167
1
617
1
11
1
387
1
32
1
83
1
202
1
78
1
191
1
300
1
80
1
13
1
504
1
151
1
658
1
128
1
681
1
630
1
179
1
174
1
183
1
92
1
72
1
644
1
450
1
262
1
137
1
143
1
180
1
617
1
11
1
66
1
320
1
254
1
64
1
270
1
312
1
316
1
388
1
105
1
70
1
425
1
218
1
151
1
169
1
90
1
89
1
378
1
521
1
205
1
46
1
10
1
349
1
646
1
449
1
111
1
273
1
262
1
628
1
614
1
90
1
14
1
169
1
362
1
127
1
135
1
167
1
180
1
241
1
871
1
53
1
905
1
253
1
323
1
34
1
10
1
25
1
323
1
390
1
35
1
59
1
65
1
527
1
414
1
79
1
625
1
172
1
258
1
90
1
371
1
586
1
47
1
160
4
164
1
399
1
22
1
11
1
34
1
237
1
286
1
88
1
126
1
70
1
157
1
639
1
428
1
358
1
37
1
322
1
270
1
1130
1
342
1
64
1
208
1
20
1
80
1
92
1
81
1
77
1
569
1
34
1
192
1
641
1
77
1
2
1
165
1
90
1
90
1
240
1
11
1
272
1
11
1
365
1
923
1
498
1
336
1
382
1
473
1
155
1
1408
1
115
1
69
1
44
1
36
1
159
1
75
1
182
1
216
1
68
1
79
1
92
1
453
1
21
1
149
1
520
1
164
1
112
1
104
1
533
1
46
1
56
1
741
1
319
1
465
1
24
1
319
1
348
1
141
1
31
1
117
1
169
1
347
1
214
1
32
1
218
1
91
1
558
1
253
1
75
1
91
1
91
1
297
1
237
1
467
1
600
1
75
1
227
1
415
1
207
1
80
1
339
1
707
1
192
1
298
1
766
1
204
1
92
1
165
1
498
1
10
1
229
1
12
1
43
1
34
1
65
1
389
1
21
1
23
1
69
1
213
1
286
1
101
1
276
1
543
1
104
1
395
1
332
1
57
1
717
1
105
1
67
1
65
1
745
1
154
1
180
1
298
1
588
1
12
1
90
1
129
1
82
1
234
1
486
1
194
1
80
1
66
1
12
1
65
1
180
1
266
1
31
1
34
1
568
1
958
1
35
1
103
1
145
1
78
1
389
1
102
1
11
1
147
1
427
1
129
1
34
1
311
1
691
1
26
1
532
1
21
1
11
1
69
1
12
1
42
1
192
1
456
1
443
1
89
1
180
1
332
1
728
1
12
1
124
1
1059
1
615
1
468
1
102
1
11
1
82
1
504
1
117
1
174
1
143
1
11
1
348
1
370
1
569
1
35
1
126
1
348
1
380
1
66
1
13
1
258
1
269
1
145
1
103
1
126
1
327
1
112
1
106
1
136
1
12
1
785
1
45
1
352
1
306
1
321
1
257
1
312
1
242
1
61
1
576
1
335
1
309
1
410
1
89
1
89
1
207
1
69
1
262
1
90
1
88
1
179
1
105
1
58
1
116
1
76
1
92
1
90
1
917
1
166
1
106
1
149
1
360
1
424
1
45
1
352
1
182
1
112
1
69
1
104
1
144
1
270
1
382
1
79
1
154
1
11
1
810
1
399
1
151
1
169
1
90
1
178
1
75
1
13
1
116
1
95
1
68
1
76
1
93
1
179
1
177
1
174
1
183
1
345
1
16
1
383
1
22
1
12
1
225
1
435
1
440
1
11
1
66
1
345
1
57
1
249
1
182
1
90
1
134
1
127
1
25
1
143
1
16
1
495
1
375
1
11
1
495
1
211
1
103
3
88
1
307
1
83
1
583
1
14
1
115
1
11
1
231
1
590
1
33
1
11
1
173
1
802
1
45
1
79
1
155
1
400
1
137
1
259
1
11
1
286
1
42
1
26
1
55
1
57
1
669
1
47
1
751
1
375
1
411
1
47
1
259
1
287
1
87
1
126
1
11
1
114
1
105
1
1
1
1374
1
1023
1
123
1
193
1
398
1
82
1
146
1
168
1
400
1
11
1
71
1
65
1
156
1
13
1
64
1
191
1
117
1
69
1
79
1
361
1
308
1
81
1
316
1
15
1
87
2
89
2
369
2
73
1
78
1
11
1
1
1
488
1
776
1
21
1
835
1
2396
1
250
1
440
1
892
1
456
1
364
1
822
1
810
1
1603
1
272
1
90
1
3048
1
12
1
169
1
1278
1
250
1
546
1
12
1
250
1
1716
1
628
1
91
1
1882
1
457
1
1461
1
956
1
732
1
828
1
246
1
536
1
442
1
299
1
512
1
719
1
375
1
172
1
1423
1
183
1
13
1
2277
3
40
1
10
1
103
1
733
1
233
1
363
1
197
1
93
1
796
1
1435
1
79
1
12
1
78
1
91
1
2167
1
93
1
826
1
157
1
183
1
389
1
679
1
1
1
629
1
626
1
466
1
12
1
80
1
1527
1
810
1
250
1
91
1
1716
1
353
1
10
1
707
1
127
1
66
1
14
1
702
1
172
1
888
1
2524
1
3233
1
182
4
1917
1
53
1
182
1
639
1
2464
1
78
1
340
1
86
1
368
1
170
1
443
1
117
1
79
1
427
2
221
1
405
1
376
1
436
1
1251
1
27
1
794
1
93
1
169
1
453
1
92
1
170
1
564
1
106
1
64
1
78
1
12
1
258
1
77
1
236
1
223
1
168
1
180
1
277
1
26
1
78
1
154
1
276
1
219
1
143
1
92
1
259
1
1189
1
731
2
861
1
182
1
559
1
79
1
78
1
91
1
660
1
54
1
115
1
1530
1
427
1
356
1
272
1
628
1
272
1
628
1
2089
1
987
1
349
1
77
1
552
1
348
1
131
1
55
1
104
1
1148
1
274
1
79
1
182
1
363
1
537
1
1265
1
823
1
1694
1
741
1
93
1
79
1
246
1
992
1
460
1
704
1
1084
1
363
1
79
1
2249
1
13
1
198
1
145
1
548
1
352
1
362
1
211
1
599
1
115
1
12
1
240
1
556
1
55
1
754
1
773
1
1719
1
117
1
232
1
285
1
540
1
1067
1
370
1
76
1
733
1
76
1
640
1
77
1
182
1
549
1
636
1
797
1
806
1
126
1
79
1
53
1
283
1
90
1
220
1
1
1
121
1
542
1
85
1
544
1
90
1
90
1
104
1
433
1
400
1
241
1
637
1
340
1
1345
1
626
1
104
1
919
1
78
1
93
1
255
1
92
1
433
1
106
1
73
1
323
1
68
1
80
1
171
1
346
1
292
1
337
1
296
1
514
1
295
1
810
1
146
1
13
1
704
1
105
1
168
1
1306
1
13
2
65
1
252
1
243
1
106
1
113
1
11
1
163
1
248
1
522
1
673
1
786
1
341
1
1372
1
796
1
354
1
388
1
813
1
679
1
155
1
68
1
66
1
169
1
491
1
812
1
148
1
427
1
721
1
261
1
844
1
797
1
250
1
572
1
81
1
756
1
124
1
117
1
567
1
69
1
404
1
299
1
691
1
464
1
347
1
291
1
76
1
978
1
1529
1
92
1
717
1
498
1
82
1
78
1
717
1
706
1
35
1
55
1
11
1
158
1
90
1
560
1
810
1
1583
1
741
1
24
1
69
1
79
1
76
1
571
1
146
1
761
1
339
1
388
1
148
1
637
1
524
1
1107
1
81
1
327
1
457
1
797
1
916
1
635
1
12
1
987
1
169
1
155
1
810
1
12
1
978
1
142
1
396
1
388
1
24
1
68
1
145
1
1437
1
182
1
546
1
106
1
728
1
67
1
1182
1
977
1
218
1
320
1
1370
1
970
1
348
1
537
1
90
1
90
1
273
1
185
1
1490
1
31
1
113
1
157
1
560
1
508
1
104
1
914
1
345
1
256
1
231
1
867
1
810
1
1686
1
273
1
393
1
266
1
76
1
257
1
346
1
466
1
90
1
139
1
55
1
12
1
133
1
104
1
91
1
351
1
44
1
57
1
79
1
350
1
1530
1
90
1
297
1
238
1
992
1
90
1
90
1
1126
1
81
1
79
1
425
1
96
1
182
1
12
1
156
1
90
1
182
1
274
1
355
1
384
1
241
1
76
1
491
1
163
1
427
1
90
1
276
1
1343
1
263
1
638
1
353
1
507
1
810
1
12
2
69
1
497
1
194
1
10
1
318
1
719
1
1265
1
127
1
135
1
916
1
555
1
878
1
92
1
259
1
566
1
12
1
223
1
470
1
35
1
588
3
445
1
1346
1
183
1
349
1
91
1
92
1
117
1
64
1
351
1
182
1
127
1
225
1
90
1
548
1
12
1
431
1
378
1
339
1
440
1
91
1
46
1
313
1
25
1
332
1
125
1
415
1
256
1
139
1
51
1
11
1
14
1
167
1
412
1
214
1
583
1
320
1
164
1
298
1
329
1
468
1
68
1
455
1
91
1
718
1
296
1
329
1
183
1
474
1
616
1
44
1
114
1
204
1
455
1
420
1
447
1
114
1
169
1
572
1
146
1
77
1
456
1
45
1
669
1
93
1
46
1
230
1
166
1
271
1
92
1
171
1
626
1
103
1
769
1
82
1
1
1
482
1
312
1
159
1
182
1
363
1
34
1
216
1
168
1
283
1
630
1
273
1
10
1
22
1
307
1
13
1
347
1
128
1
57
1
91
1
672
1
215
1
14
1
75
1
627
1
454
1
446
1
762
2
518
1
126
1
217
1
719
1
11
1
169
1
361
1
83
1
43
1
1132
1
534
1
91
1
672
1
70
1
727
1
680
1
104
1
863
2
1014
1
558
1
21
1
11
1
138
1
92
1
1160
1
538
1
166
1
321
1
397
1
400
1
82
1
416
1
310
1
589
1
1208
1
44
1
386
1
229
1
373
1
389
1
172
1
78
1
13
1
979
1
90
1
272
1
844
1
57
1
93
1
77
1
76
1
491
1
82
1
158
1
438
1
129
1
148
1
661
1
407
1
454
1
557
1
795
1
242
1
57
1
161
1
76
1
445
1
273
1
810
1
167
1
564
1
77
1
348
1
219
1
56
1
25
1
158
1
166
1
271
1
996
1
12
1
519
1
235
1
24
2
271
1
37
1
153
1
13
1
263
1
273
1
246
1
332
1
11
1
58
1
602
1
523
1
719
1
362
1
105
1
159
1
104
1
348
1
232
1
135
1
92
1
75
1
362
1
198
1
172
1
256
1
298
1
147
1
90
1
362
1
172
1
85
1
572
1
192
1
32
1
12
1
23
1
10
1
105
1
157
1
347
1
210
1
12
1
31
1
707
1
45
1
12
1
715
1
46
1
543
1
207
1
160
1
350
1
323
1
55
1
797
1
185
1
256
1
900
1
203
1
20
1
488
1
116
1
297
1
68
1
145
1
117
1
479
1
54
1
92
1
167
1
91
1
91
1
239
1
58
1
237
1
166
1
392
1
694
1
351
1
505
1
122
1
822
1
168
1
90
1
90
1
1125
1
37
1
42
1
22
1
12
1
32
1
22
1
93
1
311
1
656
1
243
1
629
1
405
1
727
1
56
1
1423
1
93
1
21
1
420
1
643
1
257
1
90
1
219
1
803
1
115
1
160
2
41
1
33
1
350
1
115
1
23
1
229
1
259
1
538
1
168
1
14
1
627
1
555
1
513
1
90
1
90
1
629
1
458
1
64
1
452
1
370
1
811
1
594
1
243
2
167
1
234
1
23
1
605
1
309
1
34
1
309
1
245
1
11
1
242
1
193
1
11
1
604
1
821
1
362
1
13
1
374
1
57
1
846
1
727
1
919
1
161
2
323
1
460
1
454
1
113
1
162
1
145
1
479
1
103
1
56
1
11
1
12
1
53
1
102
1
640
1
156
1
12
1
444
1
195
1
169
1
76
1
366
1
10
1
104
1
145
1
731
1
530
1
105
1
266
1
346
1
274
1
191
1
24
2
169
1
409
1
91
1
21
1
23
1
79
1
65
1
375
1
207
1
240
1
614
1
104
1
438
1
83
1
273
1
181
1
901
1
295
1
227
1
639
1
740
1
81
1
172
1
165
1
455
1
20
1
115
1
54
1
24
1
650
1
43
1
364
1
90
1
297
1
148
1
426
1
129
1
821
1
229
1
272
1
445
1
1528
1
441
1
380
1
724
1
53
1
15
1
135
1
80
1
42
1
371
1
97
1
136
1
44
1
273
1
166
1
369
1
91
1
439
1
186
1
105
1
518
1
720
1
193
1
34
1
309
1
488
1
855
1
622
1
199
1
862
1
486
1
174
1
249
1
372
1
461
1
92
1
463
1
318
1
180
1
277
1
67
1
192
1
104
1
75
1
642
1
545
1
159
1
26
1
77
1
580
1
136
1
77
1
14
1
437
1
142
1
56
1
172
1
687
1
306
1
66
1
205
1
136
1
152
1
157
1
77
1
13
1
721
1
347
1
447
1
273
1
227
1
125
1
627
1
367
1
475
1
241
1
438
1
1009
1
247
1
476
1
41
1
10
1
403
1
142
1
263
1
59
1
11
1
56
1
354
1
164
1
128
1
33
1
183
1
192
1
90
1
308
1
164
1
796
1
427
1
219
1
24
1
21
1
10
1
718
1
275
1
75
1
468
1
92
1
797
1
706
1
72
1
117
1
32
1
648
1
21
1
71
1
148
1
77
1
446
1
181
1
157
1
26
1
625
1
648
1
333
1
165
1
322
1
69
1
66
1
825
1
782
1
105
1
165
1
550
1
440
1
340
1
409
1
434
1
10
1
182
1
168
1
181
1
125
1
11
1
12
1
570
1
214
1
11
1
82
1
69
1
415
1
241
1
139
1
428
1
77
1
106
1
91
1
261
1
271
1
90
1
103
1
173
1
350
1
284
1
106
1
509
1
204
1
24
1
57
1
80
1
755
1
12
1
67
1
79
1
92
1
442
1
44
1
151
1
314
1
78
1
208
1
195
1
145
1
285
1
192
1
116
1
56
1
416
1
241
1
1839
1
580
1
45
1
11
1
534
1
229
1
32
1
275
1
75
1
764
1
335
1
289
1
79
1
91
1
258
1
812
1
238
1
46
1
787
1
91
1
78
1
591
1
787
1
22
1
295
1
103
1
410
1
741
1
56
1
11
1
21
1
117
1
63
1
180
1
716
1
10
1
113
1
258
1
95
1
207
1
693
1
57
1
33
1
261
1
1517
1
536
1
103
1
350
1
331
1
11
1
271
1
284
1
720
1
89
1
275
1
338
1
270
1
286
1
169
1
835
1
453
1
138
1
127
1
76
1
547
1
92
1
171
1
346
1
150
1
71
1
316
1
445
1
364
1
166
1
103
1
104
1
434
1
352
1
170
1
755
1
66
1
715
1
100
1
192
1
183
1
282
1
103
1
125
1
1413
1
47
1
23
1
225
1
719
1
14
1
257
1
343
1
10
1
169
1
12
1
167
1
104
1
262
1
21
1
525
1
89
1
182
1
159
1
196
1
164
1
180
1
187
1
1672
1
242
1
258
1
237
1
25
1
260
1
361
1
210
1
146
1
13
1
154
1
12
1
90
1
180
1
197
1
341
1
421
1
11
1
34
1
80
1
77
1
273
1
74
1
186
1
21
1
798
1
34
1
11
1
112
1
104
1
256
1
368
1
169
1
14
1
552
1
30
1
116
1
282
1
503
1
12
1
383
1
298
1
43
1
72
1
43
1
694
1
47
1
67
1
13
1
246
1
376
1
45
1
570
1
251
1
34
1
12
1
494
1
900
1
212
1
234
1
180
1
394
1
143
1
598
1
185
1
159
1
502
1
137
1
132
1
25
1
432
1
137
1
69
1
64
1
66
1
192
1
447
1
25
1
246
1
91
1
90
1
366
1
983
1
254
1
384
1
243
1
367
1
276
1
716
1
93
1
674
1
22
1
229
1
77
1
492
1
33
1
194
1
558
1
12
1
303
1
458
1
158
1
285
1
704
1
719
1
491
1
24
1
21
1
35
1
81
1
62
1
825
1
543
1
848
1
21
1
94
1
135
1
11
1
249
1
77
1
404
1
145
1
259
1
240
1
138
1
12
1
145
1
272
1
204
1
174
1
670
1
23
1
116
1
415
1
253
1
465
1
403
1
68
1
324
1
180
1
128
1
11
1
500
1
296
1
149
1
544
1
154
1
94
1
124
1
102
1
262
1
283
1
160
1
56
1
125
1
455
1
432
1
377
1
173
1
64
1
571
1
147
1
361
1
312
1
32
1
180
1
560
1
429
1
193
1
139
1
204
1
193
1
257
1
153
1
57
1
520
1
245
1
243
1
123
1
33
1
408
1
128
1
22
1
237
1
491
1
82
1
159
1
522
1
273
1
167
1
276
1
125
1
33
1
206
1
464
1
1065
1
256
1
332
1
205
1
90
1
347
1
141
1
11
1
488
1
2098
1
44
1
34
1
649
1
11
1
150
1
576
1
47
1
430
1
331
1
35
1
170
1
580
1
22
1
127
1
530
1
116
1
34
1
373
1
193
1
76
1
153
1
294
1
518
1
104
1
363
1
369
1
20
1
238
1
34
1
498
1
83
1
293
1
103
1
263
1
31
1
21
1
153
1
65
1
1250
1
222
1
212
1
823
1
270
1
253
1
285
1
75
1
483
1
54
1
180
1
14
1
179
1
179
1
399
1
78
1
223
1
333
1
81
1
251
1
75
1
318
1
388
1
505
1
382
1
719
1
12
1
410
1
580
1
886
1
141
1
137
1
91
1
361
1
524
1
15
1
179
1
578
1
78
1
169
1
91
1
213
1
27
1
216
1
53
1
78
1
204
1
380
1
79
1
414
1
11
1
210
1
11
1
716
1
682
1
185
1
92
1
77
1
91
1
361
1
115
1
46
1
751
1
93
1
66
1
184
1
269
1
171
1
103
1
247
1
375
1
464
1
537
1
79
1
10
1
23
1
158
1
890
1
467
1
135
1
464
1
127
1
22
1
388
1
481
1
238
1
91
1
89
1
89
1
204
1
46
1
116
1
334
1
553
1
544
1
34
1
11
1
112
1
105
1
697
1
115
1
34
1
78
1
247
1
228
1
81
1
409
1
471
1
603
1
20
1
44
1
207
1
350
1
240
1
11
1
91
1
10
1
11
1
169
1
92
1
181
1
203
1
959
1
1437
1
1297
1
341
1
363
1
352
1
124
1
10
1
10
1
286
1
104
1
396
1
22
1
194
1
78
1
193
1
76
1
198
1
90
1
355
1
793
1
470
1
95
1
152
1
549
1
25
1
810
1
762
1
322
1
12
1
133
1
115
1
202
1
21
1
378
1
101
1
14
1
153
1
393
1
78
1
454
1
80
1
238
1
582
1
159
1
557
1
92
1
11
1
81
1
634
1
149
1
994
1
165
1
77
1
207
1
433
1
601
1
161
1
31
1
100
1
115
1
306
1
242
1
170
1
1266
1
79
1
260
1
242
1
86
1
58
1
11
1
56
1
92
1
260
1
328
1
390
1
719
1
557
1
67
1
979
1
257
1
237
1
49
1
180
1
205
1
53
1
308
1
20
1
10
1
151
1
147
1
499
1
163
1
80
1
522
1
250
1
193
1
375
1
832
1
22
1
115
1
78
1
104
1
334
1
175
1
91
1
741
1
11
1
93
1
1223
1
410
1
68
1
237
1
411
1
265
1
41
1
502
1
22
1
579
1
163
1
361
1
270
1
187
1
821
1
264
1
255
1
253
1
208
1
437
1
105
1
22
1
786
1
343
1
256
1
12
1
214
1
112
1
93
1
485
1
313
1
146
1
183
1
535
1
13
1
427
1
219
1
136
1
273
1
165
1
973
1
92
1
373
1
286
1
56
1
59
1
149
1
886
1
547
1
352
1
841
1
244
1
14
1
445
1
466
1
185
1
54
1
104
1
545
1
147
1
11
1
13
1
52
1
207
1
327
1
71
1
704
1
243
1
166
1
270
1
985
1
23
1
340
1
89
1
75
1
103
1
358
1
181
1
178
1
89
1
204
1
366
1
142
1
101
1
14
1
366
1
78
1
66
1
24
1
490
1
203
1
26
1
51
1
23
1
272
1
289
1
157
1
76
1
15
1
442
1
104
1
53
1
192
1
2009
1
22
1
23
1
10
1
455
1
74
1
555
1
179
1
88
1
233
1
59
1
125
1
383
1
101
1
720
1
310
1
82
1
235
1
91
1
181
1
146
1
59
1
240
1
498
1
194
1
26
1
74
1
90
1
90
1
391
1
67
1
77
1
183
1
255
1
118
1
22
1
22
1
34
1
264
1
73
1
401
1
34
1
11
1
194
1
346
1
209
1
34
1
218
1
594
1
425
1
245
1
552
1
143
1
23
1
90
1
219
1
148
1
262
1
327
1
14
1
44
1
242
1
462
1
421
1
91
1
90
1
343
1
10
1
349
1
180
1
141
1
152
1
75
1
616
1
195
1
74
1
270
1
209
1
254
1
562
1
30
1
38
1
63
1
81
1
81
1
79
1
324
1
14
1
112
1
91
1
22
1
13
1
43
1
56
1
22
1
170
1
467
1
23
1
70
1
301
1
27
1
326
1
127
1
236
1
270
1
306
1
244
1
184
1
364
1
169
1
348
1
129
1
11
1
798
1
11
1
136
1
94
1
73
1
270
1
245
1
871
1
319
1
440
1
81
1
413
1
479
1
146
1
326
1
177
1
227
1
247
1
318
1
115
1
708
1
270
1
490
1
47
1
218
1
232
1
298
1
58
1
786
1
577
1
235
1
49
1
146
1
68
1
159
1
373
1
114
1
126
1
147
1
126
1
547
1
534
1
149
1
693
1
138
1
261
1
155
1
208
1
21
1
161
1
12
1
340
1
329
1
297
1
546
1
339
1
412
1
11
1
21
1
1113
1
12
1
567
1
799
1
11
1
272
1
36
1
614
1
11
1
13
1
52
1
512
1
309
1
182
1
283
1
33
1
232
1
168
1
408
1
310
1
346
1
371
1
76
1
887
1
418
1
49
1
79
1
371
1
78
1
343
1
230
1
443
1
20
1
103
1
11
1
309
1
719
1
350
1
342
1
11
1
439
1
554
1
152
1
394
1
517
1
223
1
148
1
554
1
957
1
227
1
211
1
127
1
122
1
479
1
101
1
333
1
57
1
12
1
224
1
271
1
148
1
152
1
212
1
492
1
147
1
25
1
154
1
105
1
164
1
187
1
22
1
135
1
282
1
391
1
11
1
32
1
649
1
21
1
22
1
46
1
105
1
64
1
14
1
75
1
489
1
306
1
638
1
53
1
173
1
155
1
182
1
92
1
273
1
338
1
228
1
322
1
77
1
271
1
148
1
70
1
11
1
398
1
90
1
252
1
180
1
196
1
442
1
34
1
11
1
671
1
32
1
410
1
550
1
259
1
1079
1
226
1
37
1
53
1
173
1
155
1
156
1
392
1
12
1
79
1
245
1
617
1
11
1
398
1
10
1
151
1
341
1
90
1
225
1
25
1
44
1
11
1
304
1
258
1
163
1
194
1
192
1
366
1
714
1
105
1
434
1
433
1
376
1
452
1
41
1
251
1
595
1
100
1
115
1
64
1
420
1
70
1
23
1
217
1
167
1
90
1
90
1
125
1
10
1
47
1
79
1
275
1
432
1
856
1
122
1
559
1
353
1
92
1
178
1
194
1
45
1
463
1
16
1
88
1
205
1
241
1
361
1
543
1
10
1
272
1
275
1
275
1
170
1
141
1
243
1
23
1
139
1
78
1
166
1
296
1
21
1
152
1
741
1
56
1
234
1
283
1
116
1
424
1
90
1
178
1
161
1
116
1
1145
1
369
1
184
1
74
1
703
1
12
1
581
1
69
1
100
1
366
1
303
1
105
1
11
1
206
2
165
1
92
1
74
1
15
1
145
1
858
1
12
1
68
1
81
2
151
1
193
1
90
1
126
1
34
1
193
1
182
1
410
1
114
1
25
1
669
1
216
1
593
1
22
1
36
1
160
1
162
1
739
1
33
1
34
1
111
1
103
1
423
1
169
1
33
1
445
1
55
1
103
1
169
1
431
1
81
1
11
1
215
1
67
1
37
1
167
1
64
1
26
1
285
1
877
1
338
1
254
1
11
1
138
1
339
1
75
1
231
1
11
1
69
1
54
1
157
1
115
1
257
1
153
1
10
1
58
1
419
1
392
1
331
1
78
1
78
1
309
1
196
1
145
1
396
1
174
1
160
1
568
1
56
1
432
1
91
1
229
1
149
1
131
1
23
1
183
1
308
1
55
1
261
1
398
1
81
1
67
1
261
1
627
1
182
1
165
1
207
1
228
1
609
1
345
1
157
1
91
1
295
1
10
1
320
1
501
1
69
1
407
1
265
1
284
1
465
1
33
1
46
1
68
1
181
1
489
1
162
1
79
1
77
1
455
1
91
1
237
1
116
1
432
1
169
1
116
1
255
1
448
1
270
1
592
1
684
1
21
1
171
1
134
1
422
1
22
1
69
1
603
1
113
1
23
1
137
1
430
1
183
1
249
1
26
1
474
1
22
1
46
1
434
1
613
1
628
1
24
1
426
1
346
1
896
1
362
1
100
1
300
1
520
1
176
1
31
1
47
1
43
1
11
1
161
1
154
1
400
1
960
1
260
1
75
1
197
1
250
1
569
1
104
1
148
1
425
1
164
1
103
1
192
1
572
1
81
1
79
1
766
1
776
1
407
1
369
1
295
1
64
1
192
1
219
1
162
1
428
1
288
1
12
1
328
1
74
1
15
1
181
1
69
1
180
1
180
1
388
1
69
1
441
1
1800
1
125
1
30
1
173
1
125
1
374
1
275
1
697
1
79
1
203
1
235
1
113
1
243
1
57
1
161
1
62
1
469
1
185
1
232
1
101
1
197
1
69
1
349
1
11
1
388
1
1412
1
207
1
149
1
182
1
179
1
509
1
68
1
696
1
659
1
48
1
65
1
114
1
23
1
78
1
1162
1
113
1
92
1
23
1
217
1
153
1
731
1
565
1
335
1
89
1
89
1
128
1
321
1
180
1
88
1
356
1
275
1
88
1
588
1
158
1
92
1
889
1
74
1
208
1
33
1
70
1
146
1
605
1
113
1
567
1
1827
1
101
1
91
1
93
1
87
1
88
1
162
1
35
1
12
1
68
1
441
1
215
1
229
1
452
1
122
1
90
1
170
1
777
1
124
1
580
1
125
1
351
1
195
1
69
1
271
1
91
1
1
1
255
1
1354
1
88
1
87
1
229
1
71
1
738
1
58
1
66
1
90
1
593
1
217
1
976
1
180
1
914
1
83
1
35
1
328
1
1243
1
47
1
407
1
469
1
431
1
536
1
626
1
1537
1
193
1
183
1
243
1
102
1
721
1
76
1
132
1
79
1
157
1
440
1
94
1
352
1
272
1
207
1
12
1
316
1
901
1
627
1
1712
1
440
1
32
1
521
1
77
1
187
1
181
1
273
1
257
1
1102
1
156
1
2340
1
546
1
24
1
54
1
91
1
731
1
747
1
55
1
350
1
180
1
901
1
118
1
12
1
680
1
172
1
195
1
91
1
796
1
2064
1
36
1
1048
1
542
1
21
1
91
1
264
1
257
1
367
1
1241
1
172
1
46
1
239
1
1381
1
852
1
915
1
624
1
12
1
66
1
105
1
1165
1
91
3
170
1
287
1
637
1
66
1
443
1
274
1
91
1
261
1
353
1
1005
1
1607
1
274
1
456
1
261
1
461
1
10
1
25
1
330
1
259
1
285
1
706
1
1336
1
718
1
352
1
10
1
79
1
366
1
374
1
12
1
80
1
1151
1
389
1
236
1
644
1
275
1
261
1
203
1
13
1
80
1
329
1
400
1
41
1
103
1
523
1
125
1
135
1
90
1
273
1
550
1
810
1
624
1
1540
1
13
1
1403
1
106
1
90
1
196
1
78
1
155
1
180
1
538
1
468
1
104
1
252
1
257
1
300
1
157
1
262
1
309
1
144
1
261
1
2010
1
145
1
695
1
52
1
91
1
93
1
76
1
336
1
11
1
130
1
44
1
22
1
12
1
66
1
157
1
194
1
1
1
294
1
80
1
79
1
170
1
887
1
273
1
128
1
81
1
78
1
337
1
313
1
236
1
545
1
11
1
786
1
23
1
146
1
663
1
159
1
672
1
53
1
104
1
258
1
180
1
90
1
151
1
764
1
692
1
616
1
275
1
195
1
78
1
614
1
103
1
12
1
338
1
378
1
66
1
364
1
297
1
80
1
1559
2
599
1
75
1
96
1
22
1
147
1
90
1
271
1
1532
1
375
1
172
1
613
1
196
1
429
1
354
1
364
1
536
1
534
1
36
1
828
1
66
1
14
1
77
1
53
1
463
1
812
1
185
1
184
1
168
1
90
1
296
1
786
1
184
1
170
1
349
1
289
1
78
1
557
1
80
1
810
1
729
1
160
1
983
1
480
1
12
1
408
1
181
1
90
1
103
1
25
1
146
1
92
1
77
1
614
1
24
1
520
1
938
1
68
1
92
1
78
1
569
1
43
1
1528
1
898
1
32
1
718
1
104
1
328
1
91
1
390
1
237
1
490
1
55
1
79
1
260
1
1373
1
1422
1
11
1
904
1
1601
1
34
1
55
1
836
1
324
1
180
1
186
1
798
1
90
1
104
1
625
1
444
1
296
1
160
1
649
1
512
1
297
1
67
1
770
1
81
2
64
1
146
1
270
1
11
1
175
1
57
2
146
1
341
1
74
1
197
1
33
1
228
1
581
1
947
1
260
1
810
1
1186
1
159
1
718
1
863
1
44
1
286
1
397
1
82
1
878
1
250
1
465
1
12
1
496
1
90
1
1101
1
338
1
296
1
421
1
91
1
310
1
66
1
810
1
770
1
21
1
125
1
224
1
561
1
533
1
173
1
34
1
705
1
105
1
586
1
210
1
145
1
12
1
810
1
352
1
170
1
21
1
835
1
146
1
260
1
388
1
253
1
259
1
419
1
212
1
194
3
293
1
93
1
406
1
180
1
128
1
57
1
23
1
694
1
46
1
230
1
1236
1
939
1
67
1
13
1
157
1
259
1
274
1
35
1
134
1
104
1
810
1
1548
1
441
1
172
1
10
1
57
1
775
1
215
1
284
1
354
1
365
1
386
1
161
1
78
1
91
1
718
1
638
1
784
1
12
1
78
1
13
1
814
1
11
1
247
1
733
1
466
1
80
1
878
1
78
1
25
1
426
1
186
1
914
1
170
1
718
1
440
1
197
1
157
1
558
1
80
1
725
1
44
1
240
1
155
1
168
1
209
1
10
1
511
1
77
1
313
1
80
1
613
1
115
1
238
1
348
1
128
1
11
1
81
1
67
1
170
1
639
1
78
1
91
1
613
1
743
1
171
1
76
1
272
1
1045
1
81
2
314
1
103
1
296
1
228
1
271
1
323
1
202
1
361
1
186
1
32
1
161
1
170
1
978
1
458
1
12
1
78
1
91
1
1068
1
275
1
741
1
1236
1
538
1
362
1
297
1
240
1
168
1
104
1
90
1
285
1
11
1
81
1
157
1
465
1
22
1
69
1
55
1
103
1
650
1
251
1
348
1
127
1
162
1
246
1
376
1
11
1
160
1
532
1
172
1
748
1
45
1
1
1
730
1
294
1
156
1
411
1
94
1
67
1
157
1
501
1
786
1
333
1
257
1
90
1
446
1
90
1
90
1
90
1
275
1
91
1
730
1
171
1
76
1
90
1
90
1
310
1
771
1
122
1
24
2
408
1
283
1
10
1
591
1
243
1
217
1
64
1
560
1
158
1
675
1
3375
1
363
1
409
1
80
1
78
1
475
1
94
1
213
1
361
1
95
1
820
1
251
1
663
1
762
1
362
1
181
1
195
1
35
1
669
1
938
1
825
1
80
1
46
1
10
1
454
3
377
1
66
1
184
1
152
1
324
1
44
1
103
1
259
1
92
1
214
1
163
1
79
1
63
1
180
1
379
1
11
1
728
1
57
1
275
1
442
1
21
1
80
1
264
1
703
1
570
1
94
1
65
1
827
1
104
1
427
1
1
1
71
1
20
1
854
1
11
1
23
1
442
1
308
1
755
1
54
1
243
1
76
1
626
1
78
1
453
1
1075
1
103
1
569
1
240
1
76
1
90
1
431
1
23
1
831
1
183
1
258
1
156
1
24
1
127
1
320
1
167
1
180
1
278
1
157
1
180
1
402
1
161
1
258
1
307
1
398
1
180
1
242
1
69
1
1480
1
21
1
11
1
161
1
92
1
596
1
24
1
123
1
135
1
125
1
234
1
140
1
25
1
32
1
115
1
78
1
650
1
67
1
519
1
164
1
10
1
260
1
180
1
402
1
44
1
116
1
636
1
11
1
497
1
218
1
23
1
868
1
2322
1
112
1
46
1
385
1
377
1
80
1
519
1
175
1
33
1
420
1
307
1
11
1
69
1
161
1
349
1
228
1
57
1
11
1
497
1
218
1
798
1
93
1
80
1
77
1
349
1
446
1
679
1
12
2
159
2
168
1
524
1
684
1
125
1
183
1
76
1
549
1
532
1
370
1
154
1
481
1
11
1
716
1
332
1
76
1
388
1
160
1
183
1
489
1
56
1
724
1
206
2
77
1
171
1
153
1
643
1
978
1
217
1
23
1
12
1
21
1
34
1
485
1
13
1
460
1
335
1
196
1
103
1
55
1
362
1
309
1
23
1
308
1
534
1
275
1
347
1
141
1
824
1
138
1
147
1
127
1
166
1
242
1
796
1
152
1
144
1
1174
1
369
1
259
1
704
1
424
1
216
1
91
1
546
1
1504
1
167
2
66
1
252
1
75
1
167
1
553
1
154
1
11
1
218
1
105
1
123
1
591
1
658
1
96
1
90
1
622
1
128
1
424
1
522
1
195
1
639
1
170
1
256
1
207
1
11
1
56
1
91
1
13
1
245
1
578
1
79
1
719
1
11
1
670
1
58
1
241
1
166
1
90
1
90
1
161
1
207
1
168
1
409
1
11
1
34
1
262
1
91
1
352
1
194
1
337
1
643
1
453
1
356
1
165
1
392
1
158
1
76
1
761
1
649
1
149
1
169
1
456
1
22
1
11
1
383
1
355
1
115
1
671
1
401
1
479
1
682
1
114
1
236
1
14
1
256
1
90
1
116
1
345
1
74
1
991
1
246
1
16
1
157
1
472
1
173
1
70
1
11
1
215
1
182
1
284
1
103
1
56
1
1071
1
91
1
91
1
226
1
11
1
219
1
76
1
572
1
727
1
34
1
10
1
103
1
614
1
45
1
149
1
624
1
185
1
336
1
90
1
214
1
20
1
23
1
56
1
171
1
91
1
43
1
10
1
204
1
230
1
879
1
22
1
372
1
276
1
365
1
91
1
75
1
810
1
471
1
338
1
331
1
22
1
546
1
262
1
11
1
92
1
646
1
57
1
850
1
171
1
169
1
355
1
207
1
79
1
64
1
180
1
333
1
22
1
45
1
148
1
259
1
1269
1
79
1
590
1
786
1
948
1
12
1
784
1
770
1
91
1
79
1
45
1
202
1
297
1
80
1
22
1
81
1
80
1
143
1
168
1
926
1
276
1
248
1
270
1
116
1
47
1
205
1
578
1
857
1
751
1
150
1
337
1
309
1
162
1
169
1
574
1
23
1
1
1
145
1
45
1
45
1
454
1
21
1
58
1
91
1
12
1
80
1
155
1
409
1
58
1
342
1
90
1
90
1
226
1
58
1
23
1
136
1
168
1
398
1
22
1
127
1
260
1
492
1
498
1
194
1
33
1
753
1
56
1
70
1
42
1
24
1
613
1
10
1
34
1
11
1
138
1
155
1
13
1
504
1
69
1
217
1
500
1
172
1
93
1
143
1
102
1
155
1
24
1
149
1
35
1
103
1
158
1
65
1
653
1
91
1
76
1
355
1
65
1
70
1
123
1
615
1
58
1
705
1
80
1
23
1
496
1
196
1
116
1
42
1
24
1
980
1
166
1
180
1
226
1
10
1
93
1
123
1
205
1
166
1
116
1
116
1
149
1
532
1
80
1
611
1
370
1
168
1
355
1
65
1
11
1
23
1
443
1
307
1
502
1
180
1
1062
1
11
1
12
1
246
1
733
1
493
1
80
1
103
1
497
1
116
1
229
1
36
1
532
1
43
1
391
1
627
1
336
1
187
1
31
1
33
1
11
1
1
1
283
1
489
1
46
1
116
1
79
1
76
1
272
1
445
1
706
1
452
1
447
1
679
1
21
1
149
1
12
1
235
1
13
1
52
1
230
1
114
1
385
1
104
1
263
1
21
1
762
1
59
1
135
1
168
1
194
1
239
1
646
1
96
1
113
1
67
1
78
1
103
1
182
1
74
1
219
1
332
1
91
1
454
1
263
1
453
1
185
1
245
1
498
1
263
1
535
1
10
1
252
1
260
1
445
1
183
1
153
1
102
1
209
1
11
1
68
1
430
1
239
1
11
1
34
1
433
1
342
1
192
1
627
1
103
1
170
1
639
1
155
1
180
1
310
1
240
1
348
1
1068
1
94
1
57
1
593
1
260
1
102
1
477
1
93
1
316
1
182
1
239
1
11
1
114
1
247
1
13
1
166
1
208
1
186
1
783
1
660
1
240
1
581
1
56
1
695
1
71
1
986
1
111
1
46
1
234
1
252
1
35
1
148
1
10
1
22
1
236
1
298
1
535
1
181
1
60
1
87
1
454
1
655
1
556
1
238
1
547
1
35
1
213
1
180
1
378
1
92
1
260
1
180
1
272
1
202
1
158
1
479
1
58
1
206
1
167
1
65
1
334
1
150
1
155
1
66
1
113
1
902
1
113
1
174
1
314
1
11
1
413
1
293
1
356
1
76
1
11
1
103
1
1160
1
286
1
10
1
34
1
217
1
362
1
76
1
263
1
271
1
10
1
448
1
122
1
46
1
202
1
168
1
334
1
45
1
519
1
96
1
135
1
228
1
77
1
12
1
467
1
80
1
636
1
21
1
47
1
170
1
168
1
445
1
35
1
903
1
324
1
12
1
378
1
861
1
44
1
10
1
159
1
56
1
420
1
253
1
326
1
11
1
322
1
12
1
56
1
159
1
1764
1
550
1
90
1
652
1
428
1
206
1
240
1
13
1
63
1
180
1
321
1
668
1
261
1
148
1
214
1
112
1
103
1
135
1
37
1
148
1
21
1
193
1
91
1
63
1
322
1
24
1
124
1
811
1
260
1
75
1
77
1
118
1
91
1
22
1
11
1
136
1
65
1
25
1
76
1
628
1
12
1
77
1
489
1
242
1
602
1
193
1
77
1
103
1
270
1
265
1
363
1
89
1
76
1
125
1
443
1
90
1
77
1
66
1
324
1
406
1
229
1
21
1
140
1
12
1
159
1
167
1
90
1
204
1
21
1
152
1
235
1
377
1
91
1
340
1
457
1
261
1
1172
1
197
1
521
1
194
1
34
1
70
1
42
1
24
1
169
1
90
1
75
1
441
1
217
1
90
1
168
1
321
1
12
1
693
1
21
1
390
1
182
1
203
1
10
1
244
1
169
1
395
1
308
1
90
1
410
1
24
1
126
1
156
1
167
1
13
1
886
1
460
1
182
1
352
1
170
1
11
1
364
1
89
1
418
1
317
1
91
1
319
1
193
1
101
1
549
1
261
1
91
1
294
1
10
1
127
1
194
1
626
1
12
1
234
1
423
1
24
1
911
1
78
1
103
1
272
1
537
1
91
1
351
1
21
1
329
1
14
1
757
1
605
1
113
1
12
1
497
1
125
1
162
1
495
1
268
1
205
1
487
1
22
1
59
1
68
1
658
1
400
1
409
1
11
1
296
1
92
1
384
1
81
1
507
1
186
1
1203
1
13
1
77
1
77
1
66
1
798
1
417
1
144
1
168
1
14
1
165
1
150
1
195
1
360
1
265
1
207
1
567
1
69
1
174
1
601
1
857
1
238
1
1474
1
329
1
23
1
889
1
54
1
138
1
91
1
35
1
68
1
67
1
44
1
10
1
101
1
104
1
52
1
22
1
195
1
102
1
137
1
192
1
66
1
412
1
421
1
90
1
263
1
33
1
739
1
127
1
350
1
264
1
90
1
22
1
264
1
334
1
460
1
77
1
547
1
145
1
649
1
68
1
238
1
13
1
76
1
156
1
369
1
193
1
593
1
126
1
143
1
23
1
355
1
10
1
686
1
86
1
140
1
80
1
624
1
34
1
21
1
361
1
343
1
1288
1
364
1
180
1
259
1
308
1
20
1
10
1
243
1
544
1
38
1
20
1
925
1
55
1
11
1
235
1
114
1
344
1
259
1
115
1
328
1
128
1
647
1
681
1
186
1
532
1
629
1
895
1
340
1
231
1
811
1
235
1
319
1
580
1
460
1
12
1
625
1
1584
1
35
1
146
1
283
1
167
1
291
1
12
1
995
1
169
1
317
1
17
1
226
1
625
1
408
1
277
1
217
1
54
1
363
1
629
1
166
1
1051
1
35
1
91
1
337
1
321
1
216
1
639
1
182
1
451
1
247
1
162
1
250
1
455
1
11
1
203
1
583
1
263
1
63
1
390
1
810
1
173
1
77
1
76
1
258
1
140
1
334
1
75
1
180
1
276
1
261
1
512
1
193
1
581
1
81
1
326
1
13
1
89
1
89
1
315
1
184
1
66
1
435
1
351
1
361
1
357
1
743
1
79
1
589
1
104
1
36
1
716
1
11
1
303
1
12
1
167
1
325
1
212
1
12
1
90
1
180
1
253
1
114
1
65
1
103
1
90
1
421
1
34
1
987
1
282
1
66
1
229
1
501
1
13
1
628
1
53
1
492
1
136
1
113
1
77
1
562
1
647
1
22
1
46
1
249
1
90
1
181
1
381
1
155
1
362
1
209
1
329
1
255
1
199
1
92
1
927
1
170
1
66
1
25
1
76
1
378
1
79
1
262
1
550
1
77
1
260
1
433
1
25
1
52
1
23
1
92
1
407
1
58
1
80
1
78
1
77
1
272
1
90
1
276
1
13
1
79
1
258
1
90
1
239
1
126
1
169
1
92
1
90
1
89
1
89
1
137
1
11
1
644
1
141
1
228
1
92
1
584
1
58
1
43
1
80
1
55
1
194
1
143
1
108
1
30
1
80
1
184
1
144
1
11
1
235
1
301
1
617
1
192
1
93
1
170
1
255
1
116
1
138
1
21
1
534
1
160
1
46
1
1306
1
267
1
21
1
92
1
77
1
92
1
488
1
45
1
440
1
180
1
340
1
68
1
23
1
79
1
799
1
556
1
11
1
137
1
248
1
180
1
277
1
158
1
259
1
251
1
244
1
246
1
400
1
409
1
90
1
64
1
25
1
70
1
20
1
58
1
32
1
184
1
168
1
420
1
127
1
170
1
181
1
329
1
58
1
55
1
757
1
240
1
35
1
78
1
156
1
335
1
20
1
32
1
46
1
589
1
59
1
44
1
150
1
393
1
22
1
105
1
20
1
10
1
736
1
237
1
418
1
90
1
136
1
93
1
101
1
650
1
115
1
223
1
11
1
574
1
590
1
113
1
92
1
337
1
77
1
409
1
102
1
12
1
66
1
124
1
123
1
367
1
33
1
81
1
613
1
103
1
147
1
12
1
534
1
10
1
160
1
55
1
191
1
357
1
43
1
22
1
125
1
568
1
10
1
503
1
241
1
75
1
127
1
1481
1
138
1
78
1
348
1
339
1
345
1
155
1
308
1
161
1
67
1
363
1
92
1
135
1
126
1
24
1
248
1
262
1
69
1
135
1
123
1
127
1
454
1
136
1
295
1
550
1
648
1
33
1
114
1
348
1
526
1
560
1
757
1
150
1
374
1
77
1
276
1
261
1
103
1
42
1
216
1
113
1
388
1
281
1
437
1
35
1
349
1
104
1
228
1
559
1
206
1
158
1
977
1
538
1
77
1
479
1
104
1
11
1
586
1
805
1
118
1
216
1
135
1
11
1
260
1
243
1
202
1
11
1
338
1
217
1
255
1
337
1
64
1
129
1
184
1
43
1
625
1
93
1
360
1
102
1
252
1
128
1
624
1
80
1
104
1
143
1
502
1
150
1
12
1
52
1
26
1
722
1
543
1
459
1
92
1
76
1
306
1
27
1
134
1
647
1
10
1
82
1
215
1
168
1
298
1
32
1
195
1
36
1
169
1
153
1
253
1
82
1
304
1
493
1
316
1
180
1
229
1
22
1
47
1
11
1
134
1
181
1
421
1
12
1
180
1
103
1
515
1
973
1
56
1
102
1
145
1
23
1
91
1
52
1
189
1
76
1
204
1
349
1
315
1
53
1
365
1
214
1
229
1
168
1
642
1
590
1
296
1
362
1
185
1
443
1
89
1
253
1
180
1
360
1
367
1
224
1
92
1
77
1
77
1
436
1
618
1
122
1
170
1
337
1
13
1
537
1
93
1
601
1
25
1
534
1
104
1
78
1
76
1
181
1
181
1
221
1
69
1
518
1
103
1
45
1
480
1
317
1
23
1
285
1
781
1
158
1
247
1
185
1
101
1
23
1
67
1
556
1
104
1
70
1
66
1
172
1
141
1
101
1
150
1
58
1
341
1
65
1
1120
1
45
1
34
1
24
1
147
2
350
1
365
1
261
4
72
1
180
1
129
1
81
1
249
1
76
1
436
1
11
1
101
1
13
1
171
1
631
1
41
1
37
1
77
1
226
1
66
1
308
1
91
1
36
1
202
1
11
1
169
1
264
1
20
1
33
1
229
1
78
1
13
1
169
1
591
1
127
1
75
1
810
1
90
1
114
1
266
1
246
1
90
1
216
1
22
1
46
1
250
1
627
1
169
1
489
1
69
1
147
1
296
1
507
1
80
1
226
1
78
1
25
1
251
1
146
1
56
1
249
1
90
1
91
1
227
1
115
1
376
1
140
1
110
1
297
1
312
1
266
1
113
1
195
1
257
1
959
1
58
1
80
1
430
1
90
1
288
1
42
1
296
1
470
1
339
1
622
1
21
1
23
1
145
1
78
1
412
1
11
1
136
1
169
1
13
1
76
1
254
1
64
1
14
1
66
1
867
1
157
1
12
1
501
1
138
1
78
1
706
1
104
1
76
1
155
1
230
1
33
1
35
1
147
1
580
1
104
1
161
1
154
1
104
1
282
1
409
1
428
1
502
1
346
1
463
1
13
1
292
1
103
1
799
1
46
1
659
1
10
1
478
1
495
1
728
1
395
1
104
1
215
1
93
1
214
1
13
1
569
1
772
1
143
1
92
1
44
1
35
1
78
1
65
1
317
1
231
1
260
1
181
1
379
1
566
1
128
1
22
1
604
1
124
1
241
1
154
1
168
1
162
1
127
1
273
1
90
1
180
1
195
1
173
1
154
1
1439
1
270
1
89
1
225
1
182
1
184
1
144
1
480
1
92
1
79
1
156
1
90
1
90
1
206
1
160
1
91
1
169
1
91
1
318
1
34
1
532
1
164
1
136
1
212
1
101
1
194
1
125
1
150
1
55
1
206
1
90
1
74
1
346
1
649
1
114
1
418
1
367
1
838
1
286
1
555
1
321
1
77
1
296
1
252
1
1035
1
23
1
345
1
43
1
80
1
249
1
272
1
124
1
244
1
77
1
498
1
104
1
716
1
209
1
243
1
416
1
43
1
105
1
166
1
534
1
52
1
184
1
78
1
342
1
30
1
139
1
192
1
78
1
12
1
65
1
11
1
182
1
286
1
11
1
67
1
92
1
143
1
401
1
22
1
69
1
80
1
143
1
102
1
345
1
205
1
169
1
614
1
78
1
27
1
73
1
643
1
166
1
167
1
476
1
256
1
89
1
195
1
56
1
116
1
245
1
468
1
121
1
21
1
330
1
414
1
305
1
547
1
56
1
36
1
64
1
14
1
335
1
368
1
78
1
14
1
166
1
183
1
161
1
125
1
1317
1
139
1
46
1
68
1
36
1
80
1
73
1
181
1
90
1
629
1
90
1
89
1
89
1
104
1
251
1
91
1
91
1
89
1
178
1
353
1
133
1
435
1
122
1
10
1
149
1
12
1
43
1
35
1
247
1
92
1
112
1
91
1
174
1
155
1
889
1
345
1
20
1
79
1
338
1
192
1
139
1
22
1
59
1
303
1
270
1
152
1
70
1
44
1
37
1
336
4
88
1
89
1
160
1
649
1
125
1
320
3
360
1
302
1
446
1
559
1
932
1
23
1
243
1
110
1
101
1
340
1
13
1
154
1
256
1
100
1
127
1
77
1
490
1
11
1
32
1
707
1
90
1
116
1
52
1
180
1
180
1
13
1
936
1
11
1
69
1
662
1
161
1
91
1
424
1
130
1
280
1
100
1
10
1
498
1
38
1
20
1
138
1
294
1
640
1
156
1
400
1
68
1
648
1
104
1
56
1
798
1
442
1
90
1
151
1
191
1
592
1
24
1
44
1
237
1
103
1
180
1
1124
1
10
1
92
1
81
1
191
1
100
1
424
1
161
1
121
1
34
1
91
1
273
1
21
1
160
1
170
1
77
1
13
1
166
1
175
1
43
1
80
1
573
1
51
1
996
1
145
1
362
1
447
1
90
1
180
1
75
1
128
1
11
1
243
1
77
1
244
1
116
1
384
1
22
1
159
1
170
1
64
1
11
1
642
1
455
1
22
1
240
1
454
1
115
1
304
1
13
1
166
1
277
1
22
1
159
1
811
1
167
1
550
1
533
1
21
1
22
1
24
1
376
1
255
1
14
1
60
1
64
1
138
1
24
1
53
1
12
1
91
1
75
1
89
1
77
1
11
1
236
1
1326
1
444
1
33
1
240
1
245
1
300
1
328
1
734
1
51
1
191
1
382
1
350
1
183
1
69
1
101
1
23
1
694
1
22
1
508
1
289
1
507
1
1483
1
91
1
64
1
347
1
31
1
102
1
12
1
302
1
731
1
389
1
511
1
76
1
244
1
45
1
11
1
158
1
362
1
125
1
206
1
115
1
603
1
10
1
11
1
693
1
47
1
495
1
443
1
46
1
350
1
562
1
78
1
424
1
111
1
182
1
169
1
274
1
135
1
151
1
157
1
64
1
11
1
180
1
277
1
248
1
586
1
67
1
351
1
89
1
124
1
138
1
24
1
42
1
23
1
92
1
497
1
115
1
11
1
693
1
116
1
92
1
256
1
76
1
443
1
216
1
180
1
562
1
78
1
92
1
331
1
100
1
193
1
337
1
357
1
195
1
500
1
45
1
507
1
14
1
218
1
56
1
12
1
313
1
497
1
41
1
372
1
369
1
93
1
436
1
95
1
32
1
1036
1
65
1
67
1
56
1
34
1
719
1
171
1
303
1
27
1
889
1
124
1
718
1
405
1
101
1
304
1
64
1
95
1
567
1
147
1
65
1
89
1
822
1
90
1
166
1
108
1
55
1
388
1
179
1
590
1
663
1
307
1
75
1
227
1
150
1
23
1
147
1
169
1
274
1
124
1
24
1
111
1
662
1
11
1
56
1
252
1
152
1
230
1
33
1
142
1
797
1
77
2
154
1
283
1
116
1
45
1
60
1
31
1
191
1
94
2
85
2
90
2
88
1
93
1
626
1
88
1
72
