0
225998
1
14579
1
14580
1
37259
1
21869
1
145799
1
7289
1
6478
1
36449
1
79375
1
1
1
8102
1
63985
1
807
1
153904
1
51025
1
8102
1
7289
1
7289
1
7288
1
14580
2
8096
1
7287
1
1
1
6480
1
6481
1
807
1
1617
1
4953
1
2340
1
6474
1
22679
2
4952
1
2337
1
4952
1
2333
1
6484
1
1615
1
5667
1
1623
1
4861
1
808
1
1618
1
4061
1
3225
1
810
3
3250
1
3226
1
4062
1
170
1
718
1
2336
5
4058
1
170
1
2243
1
810
1
1
1
4061
1
170
1
1432
1
6576
1
3146
1
3328
1
2343
1
803
1
3
1
806
1
3331
1
4768
2
2521
1
2333
1
5
1
1618
1
807
2
4052
1
808
1
2426
1
2519
1
93
1
639
1
5654
1
822
1
811
1
77
1
2335
1
4063
1
889
1
714
1
3246
1
2437
1
76
1
93
1
3054
1
814
1
1616
1
810
1
1
1
818
1
170
1
5486
1
810
1
1
1
989
1
718
1
1524
1
2431
1
1623
1
819
1
6469
1
990
1
719
1
3143
1
4
1
1619
1
809
1
895
1
4773
1
2517
2
3144
1
4142
1
2336
1
4050
1
901
1
4767
1
2443
1
4035
1
3253
1
170
1
1530
1
3954
1
1632
1
75
1
735
1
1602
1
1626
1
1614
1
2521
1
3151
1
809
1
805
1
1708
1
7214
1
169
1
718
1
2334
1
4066
1
4843
1
815
1
1705
1
8022
1
4033
1
2444
1
889
1
1524
1
4050
1
901
1
811
1
1524
1
2430
1
3333
1
811
1
6399
1
889
1
3149
1
1614
1
993
1
640
1
4849
1
804
1
1711
1
2335
1
1620
1
815
1
1611
1
186
1
7194
1
7290
1
94
1
3862
1
1620
1
1633
1
6556
1
2
1
808
1
92
1
1529
1
2332
1
3255
1
77
1
3145
1
4048
1
91
3
4767
1
2615
1
3869
1
803
1
2518
1
633
1
2515
1
815
1
804
1
4
1
810
1
1702
1
632
2
84
1
95
1
3150
1
1620
1
2335
2
84
1
95
1
4765
1
1617
1
809
1
6571
1
95
1
7117
1
78
1
810
1
4856
1
730
1
82
1
729
1
889
1
6478
1
3954
1
3331
1
2
1
3960
2
809
1
803
1
1635
1
76
2
3150
1
1619
1
3147
3
82
1
91
1
2344
2
807
1
3957
1
1
1
83
1
2436
2
2423
1
2340
1
2
1
180
1
2340
1
808
1
809
1
3145
1
1
1
176
1
4
1
6382
1
722
2
85
1
92
1
716
1
3240
1
1620
1
809
1
813
1
7290
1
7290
1
28347
2
21862
1
814
1
809
1
809
1
4951
1
1525
1
13054
1
8002
1
1622
1
13766
1
1623
1
8098
1
4863
1
808
1
1615
1
3328
1
1535
1
808
1
2427
1
5671
1
4058
1
11327
1
1
1
3233
1
14
1
891
1
2334
1
810
1
3250
1
892
1
3149
1
808
1
3327
4
6382
1
12
1
892
2
3144
1
814
1
806
1
2517
1
3
3
3149
1
1618
1
1627
3
73
1
814
1
5578
2
2423
1
92
1
3154
1
1616
1
818
1
808
1
890
1
3147
1
815
1
806
1
1
1
985
1
1531
1
3146
1
1625
1
2516
1
4772
1
1079
1
7288
1
1436
1
1526
1
1620
1
2609
1
93
1
1357
2
77
1
3148
1
2609
1
93
1
7290
1
1354
1
85
1
7288
1
8016
1
77
1
5593
1
1698
1
4791
1
873
1
1544
1
1701
1
712
1
2455
1
79
1
886
1
625
1
825
1
4950
1
165
1
93
1
1252
1
824
1
6476
1
6112
4
87
1
89
1
356
1
1454
1
74
1
4794
1
78
1
437
1
2
1
86
1
2
1
89
1
264
1
1453
1
80
1
5306
1
89
1
89
1
1721
1
79
1
5126
1
91
2
88
3
86
1
89
1
905
1
79
1
1622
1
4320
2
271
1
87
1
271
1
2336
1
4946
1
644
1
883
1
734
1
887
1
716
1
2451
1
81
1
167
1
91
1
360
1
94
1
96
1
1699
1
635
1
811
1
76
1
734
1
1696
1
819
1
351
1
178
2
87
1
2
1
1076
1
812
1
1448
1
887
1
715
1
94
3
1545
1
80
1
349
1
89
1
88
1
89
1
113
1
247
1
718
1
1448
1
813
1
888
2
3249
1
886
1
636
1
890
1
811
4
3594
1
631
1
625
1
94
1
623
1
902
1
731
2
794
1
2451
1
519
1
89
1
89
1
361
1
722
1
1449
1
74
1
3
1
1523
1
2532
1
528
1
89
1
109
1
1
1
249
1
2166
1
1622
2
2517
1
76
1
361
1
89
1
89
1
362
3
1352
1
1625
1
76
2
2336
1
832
1
78
1
167
1
1370
1
160
1
716
1
718
1
826
1
75
1
730
1
811
1
795
1
830
2
79
2
2
1
345
1
89
1
289
1
970
1
2340
1
730
1
808
1
1707
1
350
1
1192
1
1591
1
1711
1
1541
1
899
1
259
1
179
1
178
1
268
1
92
1
1530
1
811
1
713
1
731
1
1620
1
817
1
248
1
360
1
201
1
342
1
1437
1
2336
1
731
1
810
1
77
1
1168
1
723
1
453
1
985
1
1445
1
810
1
796
1
13
1
2
1
75
1
731
1
1
1
76
1
2
1
801
1
992
1
92
1
3701
1
78
2
729
1
78
1
730
1
76
3
734
1
80
1
1071
1
1265
1
3246
1
77
1
728
1
79
3
1544
1
84
1
257
1
92
1
267
3
2529
1
804
1
82
1
731
1
77
1
808
1
1
1
1630
1
164
1
92
2
268
3
87
1
109
1
806
2
66
1
1540
1
5
1
809
1
885
1
812
1
1549
1
245
1
363
2
86
1
272
1
646
1
1691
1
805
1
1623
1
1548
1
699
3
263
1
4
1
644
1
2504
1
713
1
95
1
2066
1
1352
1
1433
1
93
1
810
1
635
1
173
1
808
2
1471
1
325
1
179
1
1086
1
14
1
250
1
1342
1
185
1
635
1
1620
1
1878
1
561
1
342
1
550
1
168
1
1529
1
1524
1
2440
1
979
1
92
1
91
1
269
1
108
1
965
1
3880
1
78
1
1078
1
269
1
282
1
351
1
89
2
88
2
86
1
111
1
248
2
543
1
172
1
1447
1
3425
1
253
1
462
1
166
1
182
1
89
1
89
1
88
1
112
2
248
2
716
4
621
1
901
1
815
1
724
1
79
1
4
1
1719
1
72
1
810
1
181
1
179
1
203
1
804
1
1688
1
1620
1
1616
1
823
1
76
1
272
1
89
1
293
1
807
1
807
1
883
1
1614
1
2357
1
82
1
259
1
179
1
2793
1
723
1
2779
1
457
1
92
1
1
4
256
1
90
3
378
1
966
1
3153
1
1625
1
350
1
365
1
93
1
261
1
359
1
93
1
12
1
251
1
560
1
155
1
94
1
714
1
626
1
182
1
717
1
1540
1
901
1
168
1
181
1
536
1
184
1
359
1
93
1
13
1
81
1
730
1
154
1
810
1
809
3
807
4
2279
1
326
1
268
1
200
1
249
1
183
1
179
1
88
1
264
1
93
1
1343
1
183
2
812
1
2333
1
820
1
439
1
178
1
111
1
80
1
260
1
181
1
88
1
198
1
794
1
798
1
90
1
92
4
3065
1
818
1
15
1
876
1
166
1
183
1
89
1
88
1
88
1
111
1
81
1
166
1
716
1
627
1
90
1
1540
1
1608
1
11
1
806
1
187
1
1445
2
82
1
165
1
1356
1
79
1
1620
1
1528
1
818
1
187
1
715
1
528
1
450
2
557
1
1
1
2496
1
1528
1
1006
1
621
1
93
1
348
1
89
1
542
2
715
1
2
3
712
1
742
1
877
1
5
1
2421
1
180
1
641
1
349
1
89
1
287
1
704
3
264
4
645
1
787
1
10
1
14
1
881
1
2341
1
91
1
888
1
361
1
299
2
690
4
102
1
12
1
151
1
650
1
4045
1
11
1
238
1
181
1
364
1
93
1
169
1
91
1
90
1
179
1
182
1
94
1
76
1
92
1
544
1
13
1
82
1
712
1
171
1
637
1
980
1
1528
1
185
2
554
1
12
1
419
1
391
1
236
1
91
1
270
1
182
1
13
1
81
1
713
1
171
1
809
1
809
1
2258
1
820
1
80
1
260
1
179
1
631
1
90
1
533
1
638
1
981
1
717
1
91
3
2
1
805
2
636
1
170
1
3
2
804
1
729
1
259
1
90
1
628
1
363
1
448
1
4675
1
92
1
634
1
27
1
63
1
797
1
274
1
91
1
88
1
88
1
88
1
266
1
92
2
1530
2
4696
1
80
1
257
1
91
1
267
1
194
1
164
1
1529
1
1
1
2256
1
79
1
2359
1
81
1
728
3
82
1
618
2
4962
1
798
1
79
1
12
2
257
1
555
1
164
3
449
1
106
1
4
1
154
1
1460
1
1
1
808
1
3937
1
97
1
10
1
86
1
167
2
357
4
199
1
2424
1
2
1
2493
1
1807
1
356
3
206
1
153
1
1453
1
814
1
1617
1
802
1
7365
1
10439
1
3
1
4136
1
3152
1
4041
1
94
1
3958
1
3328
4
2334
1
816
1
4136
1
2
1
3149
1
1614
1
3328
2
4770
1
1
1
2517
1
807
2
2344
1
1614
1
3
1
2434
2
5660
1
2
1
814
1
171
1
641
1
76
1
7212
1
890
1
3146
1
2437
1
172
1
640
1
1604
1
5682
1
893
1
3955
1
2
1
1703
1
718
1
905
3
1522
1
3244
1
2521
1
4765
1
987
1
1451
1
77
1
5
1
6399
1
806
1
82
1
806
1
3957
1
994
1
638
1
890
1
807
1
808
1
4142
1
3065
1
890
1
3252
1
1511
1
825
1
4951
1
256
2
2078
1
4952
1
885
1
3056
1
2431
1
1263
1
1174
1
79
1
3959
1
1645
1
78
1
255
1
90
1
3
1
87
2
2706
1
2
1
76
1
2
1
3980
1
77
1
165
1
90
1
90
1
3
1
86
1
90
2
183
1
1608
1
1714
1
3249
1
348
1
2
1
87
3
88
3
88
2
2524
1
84
1
726
2
794
1
2532
1
350
1
271
2
2511
1
823
1
889
1
2438
1
264
1
1434
2
1447
1
814
1
889
1
807
2
1629
3
253
1
4
1
1437
1
642
1
1618
1
807
2
887
1
1535
1
823
1
249
1
626
1
730
1
810
1
890
1
811
1
2786
1
90
1
289
1
4041
1
1
1
2773
1
271
1
93
1
188
1
259
2
1251
1
2524
1
3251
1
165
1
91
1
4510
1
1
1
2684
1
91
1
2967
1
1541
1
79
1
1
1
2155
1
542
1
626
1
3964
1
728
2
1705
1
262
2
1262
1
79
1
3242
1
731
1
1625
1
5
1
152
1
652
1
4933
1
1344
1
202
1
63
1
11
1
5
1
163
1
1531
1
1447
1
1608
1
2251
1
1076
1
12
1
888
1
638
1
2432
1
889
1
1889
1
92
2
1172
1
15
1
155
1
94
1
716
1
811
1
1525
1
730
1
830
1
160
1
74
1
641
1
351
1
628
1
93
1
467
1
156
1
811
1
716
1
2431
1
725
1
24
1
160
1
716
1
350
1
183
1
538
1
453
1
13
1
252
1
3772
1
843
1
506
1
902
1
91
2
448
1
466
1
66
1
905
1
634
1
3422
1
1698
1
93
1
4585
1
2442
1
725
1
4120
1
736
1
13
4
155
1
1530
4
884
1
3149
1
1547
1
1332
1
372
1
166
1
3
1
558
1
4842
1
10
1
1423
1
89
1
112
1
61
1
11
1
78
1
91
1
3
1
1366
2
4045
1
79
1
440
1
721
1
92
2
87
2
199
1
249
1
635
1
731
1
2417
1
810
1
910
1
715
1
12
1
510
1
90
1
90
2
262
1
734
1
261
1
549
1
167
1
624
1
91
1
1436
1
11
1
983
1
1443
1
533
1
180
1
1000
1
167
1
560
1
250
1
811
1
531
1
901
1
93
1
3417
1
91
1
720
1
1279
1
156
1
3156
1
91
1
1159
1
447
1
273
1
91
1
536
1
92
1
1252
1
25
1
971
1
1444
1
989
1
94
1
531
1
622
1
279
1
442
1
90
1
194
1
1597
1
24
1
160
2
2335
1
1724
1
646
1
1052
1
1341
1
27
1
2402
1
91
1
831
1
171
1
1342
1
25
1
144
1
182
1
90
1
180
1
1167
1
3
1
645
1
2498
1
1003
1
560
1
807
1
53
1
366
2
88
1
1259
1
3976
1
171
1
74
1
1081
1
541
3
270
1
88
1
914
1
5
1
158
1
633
1
3265
1
78
1
75
1
92
1
75
1
484
1
159
1
74
1
570
1
68
1
262
1
1
1
533
1
90
1
1465
1
4217
1
257
1
391
1
162
1
257
1
91
1
283
1
343
1
1278
1
81
1
260
1
467
1
155
1
92
1
561
1
63
1
901
1
93
1
578
1
958
1
166
1
645
1
633
1
435
1
457
1
260
1
810
1
1251
1
26
1
155
1
93
1
560
1
828
2
238
1
73
1
1081
1
89
1
632
1
1440
1
624
1
92
1
534
1
25
1
250
1
559
1
810
1
828
2
1213
1
993
1
90
1
263
1
182
1
812
1
719
1
557
1
811
1
810
1
63
1
764
1
132
1
270
1
1178
1
22
1
56
1
362
1
90
1
629
1
91
1
91
1
283
1
85
1
166
1
557
1
970
1
651
1
158
1
652
1
826
1
134
1
104
1
625
1
440
1
357
1
543
1
209
1
68
1
352
1
535
1
718
1
903
4
1458
1
826
1
68
1
78
1
92
1
640
1
425
1
720
1
377
1
11
1
3
1
235
1
274
1
89
1
1165
1
2
2
1456
1
811
1
829
2
805
2
70
3
75
1
347
1
991
1
122
1
240
1
1526
2
1458
1
1640
1
404
1
401
1
1
1
68
1
1
1
76
1
1340
1
117
1
4
1
143
1
91
1
570
1
69
1
889
3
1458
1
1878
1
556
1
13
1
808
1
499
1
89
1
89
1
362
1
638
1
725
1
878
1
743
1
2947
1
89
1
89
1
96
1
22
1
83
1
78
1
166
1
364
1
117
1
53
1
273
1
467
1
249
1
641
1
1526
1
355
1
549
1
259
1
570
1
729
1
52
1
169
1
559
1
524
1
90
1
208
1
65
1
354
1
374
1
80
1
729
1
810
1
342
1
467
1
341
1
533
1
276
1
633
1
1972
1
90
1
209
1
53
1
11
1
260
1
92
1
91
1
719
1
1185
1
248
1
561
1
65
1
182
1
93
1
716
1
578
1
240
1
556
1
160
1
1341
1
119
1
66
1
444
1
626
1
812
1
624
1
91
1
811
2
715
1
1167
1
314
3
144
1
438
1
374
1
345
1
180
1
106
1
1152
1
92
1
374
1
787
1
992
1
651
1
1068
1
346
1
292
1
78
1
814
1
434
1
186
1
625
1
90
1
117
2
66
1
262
3
1251
1
90
1
1712
1
656
1
689
1
281
1
661
1
225
1
451
1
118
1
602
1
207
1
3
1
65
1
170
4
1433
1
902
1
3
1
809
1
733
1
264
1
253
1
89
1
201
1
247
1
491
1
1491
1
192
1
736
1
865
1
92
1
2
1
807
3
808
2
664
1
137
1
450
1
198
1
21
1
814
1
1034
1
92
1
180
1
1
1
86
1
282
1
889
1
805
3
2263
1
356
1
163
1
1098
1
92
1
1
1
740
1
589
1
88
1
192
1
883
1
5
1
805
1
1
1
1445
1
851
1
46
1
798
1
197
1
254
1
89
1
186
1
37
1
41
1
24
1
338
1
181
1
89
1
173
1
365
1
390
1
1136
1
809
1
2191
1
784
1
169
1
16
1
1066
1
90
1
89
1
201
1
78
1
350
1
1435
1
809
1
550
1
258
1
550
1
747
1
148
1
905
1
974
1
90
1
90
1
89
1
118
1
877
1
354
1
455
1
354
1
456
2
257
1
456
1
96
1
1066
1
895
1
900
1
461
1
529
1
283
1
347
1
300
1
64
1
353
1
456
1
259
1
94
1
716
1
455
1
11
1
342
2
624
1
184
2
553
1
1539
1
83
1
77
1
625
1
533
1
91
1
207
2
66
1
351
1
458
1
354
1
373
1
345
1
452
1
170
1
905
1
562
1
891
1
173
1
568
3
67
1
725
1
238
1
271
1
90
1
90
1
630
1
91
1
1257
2
623
1
1548
1
262
1
557
1
148
1
270
1
553
1
704
1
633
1
95
1
352
1
90
2
89
2
90
1
90
1
118
1
69
1
165
1
2
1
637
1
77
1
718
1
741
1
159
1
753
1
80
1
74
1
92
1
453
1
21
1
408
1
990
1
267
1
271
1
270
1
723
1
88
1
280
1
738
1
67
2
795
1
741
1
914
1
247
1
91
1
269
1
126
1
56
1
79
1
730
1
82
1
435
1
208
1
511
1
89
1
222
1
226
1
2
1
360
2
87
1
121
1
808
1
66
2
82
1
712
1
96
1
1486
1
320
1
91
1
179
1
88
1
125
1
2
1
809
1
137
2
346
1
287
1
21
1
415
1
394
1
137
1
91
1
1
1
450
1
185
1
895
1
657
1
54
1
902
1
3
1
734
1
11
1
694
1
32
1
12
3
228
1
165
1
388
1
11
1
69
1
339
1
180
1
89
1
279
1
167
1
91
1
91
1
295
1
329
1
92
1
391
1
1229
1
373
1
1244
1
1524
1
180
1
89
1
221
1
148
1
440
1
89
1
631
1
296
1
163
1
257
1
1621
1
351
1
457
1
362
1
91
1
77
1
275
1
408
1
135
1
168
1
492
1
811
1
54
1
351
1
90
1
298
1
83
1
78
1
74
1
90
1
275
1
206
1
235
1
183
1
456
1
1165
1
454
1
77
1
276
1
1204
1
14
1
53
1
810
1
14
1
51
1
361
1
179
1
630
1
276
1
185
1
440
1
90
1
116
1
512
1
363
1
259
1
94
1
2076
1
3
1
163
1
90
1
94
1
394
1
14
1
795
1
797
1
13
1
314
1
566
1
77
1
346
1
90
1
91
1
116
1
511
2
365
1
351
4
1184
1
84
1
255
1
537
1
12
1
1
2
256
1
465
1
37
1
211
1
825
1
164
1
403
1
865
1
95
1
435
1
447
1
271
1
92
1
91
1
102
1
11
1
3
1
324
1
90
1
2
3
459
1
163
1
90
1
2
3
544
1
717
1
79
1
181
1
593
2
67
1
143
1
825
1
637
1
78
1
528
1
133
1
495
1
992
1
122
1
142
1
185
1
86
2
631
1
808
1
544
1
79
1
15
1
166
3
589
1
69
1
64
1
78
1
105
1
475
1
69
1
173
1
1376
1
4
1
805
2
587
1
208
1
244
1
806
1
535
1
33
1
72
1
74
1
718
1
844
1
249
1
91
1
268
1
126
1
2
1
122
1
684
2
304
1
990
1
630
1
1
1
88
3
86
1
89
1
186
1
34
1
228
1
452
2
1712
1
23
1
1
1
53
1
776
1
149
1
74
1
92
1
91
1
89
1
89
1
219
1
482
1
461
1
729
1
3
1
723
1
16
1
223
1
5
1
578
1
870
1
1522
1
26
1
52
1
16
1
713
1
78
1
2339
1
4056
1
813
1
1622
1
78
1
716
1
15
1
2415
1
1624
1
2436
1
812
1
4037
3
892
1
731
1
890
1
733
1
4036
1
2424
1
4863
1
10540
1
889
2
3952
1
3332
1
4231
1
2172
1
890
1
711
1
14
1
76
1
4
1
808
1
714
1
1628
1
264
1
1362
1
802
1
2433
1
81
1
806
1
1
1
1979
1
1163
1
11
1
173
1
2261
1
3249
1
1058
1
2980
1
4309
1
531
1
11
1
810
1
1623
2
77
1
1525
1
810
1
831
2
78
1
3962
1
3584
1
90
1
91
2
273
1
4039
1
95
1
2513
1
275
2
86
2
1164
1
2431
1
731
1
78
1
1527
1
897
1
366
1
87
2
371
1
3144
1
810
1
78
1
732
2
80
1
2065
2
372
1
169
1
2961
1
3262
1
519
1
369
6
168
2
621
1
902
1
1
2
1445
1
1621
1
813
1
814
1
2
2
607
1
184
1
95
1
171
1
1431
1
96
1
633
1
172
1
1435
1
1620
1
829
1
176
1
345
1
1099
1
158
1
1624
1
4059
1
975
1
92
1
460
1
4038
1
1624
1
95
1
526
1
539
1
1349
1
636
1
2418
1
93
1
1626
1
349
1
180
1
280
1
442
2
369
1
74
1
93
1
558
2
874
1
95
1
2242
1
824
1
80
1
908
1
1068
1
90
1
1
1
368
1
169
1
557
1
2
1
968
1
1445
1
1621
1
989
1
75
1
451
1
108
1
80
1
443
2
89
1
194
1
82
1
728
1
2
1
1603
1
2511
1
909
1
887
1
184
2
456
1
170
1
561
1
154
1
717
1
5131
1
94
1
1185
1
2
1
1778
1
1
1
2255
1
1615
1
1632
1
1780
1
1527
1
1719
1
439
1
278
1
352
1
383
1
807
1
79
1
74
1
1449
1
983
3
3250
1
3069
1
2495
1
831
1
425
1
180
1
107
1
176
1
436
1
538
1
91
1
1187
1
970
1
636
1
175
1
2273
1
255
1
719
1
435
1
90
1
539
1
91
1
368
1
1538
1
796
1
175
1
2251
1
621
1
279
1
440
1
812
1
91
1
446
1
2166
1
13
1
159
1
2358
1
891
1
345
1
180
1
449
1
90
1
90
1
90
1
2614
1
79
1
1528
1
818
1
274
1
1067
1
180
1
541
1
180
1
90
1
1885
1
810
1
811
2
622
1
922
1
705
1
713
1
266
1
732
1
1539
1
1781
1
624
1
1186
1
469
1
155
1
887
1
812
1
1355
1
2605
2
734
1
169
1
167
1
391
1
2
1
1137
1
535
1
90
1
732
1
2
1
1540
1
966
1
637
1
834
1
804
1
600
1
995
1
1791
1
655
1
154
1
1622
1
1548
1
77
1
649
1
420
1
458
1
353
1
1983
1
265
1
1434
1
1095
1
883
1
180
1
197
1
11
1
602
1
208
1
512
1
443
1
183
1
534
1
1553
1
784
1
185
1
999
1
1345
1
350
1
272
1
538
1
391
1
795
1
1596
1
835
1
159
1
906
1
91
1
75
1
1270
1
95
1
526
1
118
1
602
1
208
1
237
1
91
1
90
1
628
1
2339
1
906
1
274
1
298
2
66
1
1147
1
180
1
278
1
260
1
90
1
272
1
448
1
90
1
628
1
532
1
3076
1
89
1
892
1
623
1
721
1
538
1
1344
1
2609
1
743
1
1239
1
631
1
91
1
387
2
238
1
639
1
3245
1
261
1
272
1
275
1
174
1
553
1
165
1
526
1
451
1
545
1
173
1
3147
1
668
1
1
1
161
1
332
1
15
1
538
1
718
4
346
1
301
1
234
1
813
2
636
1
77
1
810
1
810
1
717
1
716
1
206
3
349
1
535
1
257
1
813
1
90
1
2708
2
1538
1
837
3
318
1
75
1
1215
1
783
1
96
1
963
1
574
1
795
1
1153
1
466
1
66
1
1571
1
241
1
556
1
13
1
587
1
185
1
186
1
439
1
444
1
1385
1
66
1
795
1
14
1
727
1
251
1
739
1
795
1
92
1
75
1
642
1
529
1
721
1
811
1
275
1
168
1
182
1
458
1
168
1
546
1
263
1
558
1
83
1
169
1
573
1
15
1
67
1
338
1
91
1
89
2
88
1
115
1
2120
1
90
1
90
1
720
1
194
1
12
1
68
1
442
1
353
1
994
1
557
1
83
1
758
1
148
1
888
1
976
1
367
1
1713
1
77
1
364
1
298
1
238
1
572
1
238
2
639
1
75
1
667
1
13
2
573
1
463
1
639
1
155
1
1263
1
811
1
186
1
77
1
185
1
89
1
387
1
239
1
1451
1
75
1
681
3
405
1
166
1
13
1
195
1
690
1
358
1
570
1
57
1
634
1
117
1
239
1
183
1
89
1
179
1
186
1
77
1
93
1
624
1
1540
1
95
1
826
1
247
1
90
1
180
1
344
1
103
1
437
1
130
1
1129
1
181
1
366
1
170
1
364
1
449
1
568
2
1689
1
825
1
339
1
1067
1
1260
1
92
1
90
1
178
1
173
1
2445
1
715
1
94
1
830
1
74
1
66
1
284
1
274
1
701
1
2619
1
889
1
718
1
91
1
733
1
76
1
736
1
754
2
149
1
170
1
253
1
1034
1
680
1
277
1
703
1
272
1
627
1
274
1
717
1
718
1
183
1
634
1
1450
1
66
1
452
1
277
1
92
1
349
1
182
1
92
1
535
1
810
1
284
1
13
1
1137
1
91
1
91
1
284
1
14
1
143
1
274
1
910
1
72
1
16
1
88
1
995
1
1527
1
11
1
56
1
27
1
243
1
182
1
902
1
193
1
432
1
458
1
168
1
559
1
67
1
365
1
998
1
88
1
131
2
794
1
69
1
173
1
73
1
180
1
462
1
661
1
314
1
90
1
810
1
182
1
207
1
1230
1
90
1
285
1
81
1
261
1
90
1
371
1
700
1
130
1
12
1
70
1
81
1
74
1
92
1
721
1
72
1
644
1
527
1
95
1
35
1
588
1
90
1
446
1
90
1
90
1
537
1
181
1
90
1
90
1
263
1
182
1
91
1
180
1
299
1
237
1
554
1
533
1
381
1
714
1
975
1
73
1
583
1
797
1
602
1
90
1
448
1
89
1
180
1
1019
1
238
1
1363
1
262
1
92
1
91
1
397
1
796
1
1849
1
92
1
179
1
89
1
355
1
365
1
272
1
264
1
570
1
239
2
801
1
915
1
74
1
378
1
36
1
134
1
349
1
381
1
428
1
356
1
364
1
89
1
89
1
811
1
89
1
264
1
94
2
449
1
92
1
2869
1
286
1
128
1
122
1
747
1
152
1
582
1
503
1
177
1
357
1
453
1
902
1
836
1
1786
3
1454
1
154
1
436
1
222
1
943
1
91
1
4
1
1377
1
2049
1
74
1
321
1
1479
1
373
1
347
1
90
1
536
1
377
1
173
1
1460
1
954
1
693
2
69
1
329
1
91
1
179
1
912
1
80
1
14
1
80
1
152
1
900
1
90
1
313
1
589
1
182
1
107
1
427
1
298
1
66
1
95
1
163
1
483
1
417
1
458
1
168
1
274
1
362
1
197
1
166
1
91
1
90
1
86
2
197
1
66
1
184
1
74
1
389
1
80
1
14
1
80
1
781
1
675
1
54
1
14
1
77
1
636
1
523
1
626
1
993
1
91
1
534
1
546
1
36
1
160
1
256
1
89
1
288
1
250
1
490
1
1
1
53
1
14
1
156
1
347
1
1032
1
70
1
78
1
1158
1
91
1
91
1
262
1
271
1
183
1
1018
1
509
1
363
1
36
1
416
1
89
1
289
1
80
1
335
1
395
1
795
1
740
1
71
1
80
1
527
1
719
1
810
1
627
1
90
1
182
1
263
1
181
1
90
1
90
1
90
1
240
1
932
1
13
1
168
1
183
1
271
1
106
1
157
1
165
1
389
1
25
1
1476
1
95
1
351
1
480
1
329
1
480
1
68
1
260
1
445
1
34
1
55
1
273
1
90
1
180
1
238
1
934
1
13
1
168
1
91
1
90
1
538
1
581
1
134
1
659
1
57
1
15
1
334
1
180
1
629
1
271
1
448
1
90
1
89
1
630
3
88
2
87
1
180
1
93
1
23
1
512
1
88
1
272
1
35
1
160
1
578
1
44
1
262
1
272
1
288
1
160
1
715
1
348
1
1532
1
269
1
357
1
273
1
444
1
662
1
68
1
170
1
362
1
89
1
955
1
35
1
103
1
77
1
91
1
91
1
467
1
3
1
158
2
1445
3
336
1
628
1
363
1
447
5
448
1
116
1
147
1
94
1
450
1
185
1
172
2
666
2
1
1
63
1
93
1
75
1
640
1
262
1
74
1
15
1
89
1
228
1
33
1
90
1
92
1
583
1
771
1
34
2
397
3
88
1
536
1
454
1
184
1
889
1
718
1
769
1
22
3
45
1
93
1
65
1
275
1
72
1
89
1
14
3
136
3
762
1
33
1
323
1
474
1
68
1
172
1
166
1
470
1
173
1
256
1
380
1
522
1
192
1
95
1
428
1
353
1
103
1
886
1
181
1
92
1
326
1
58
1
435
1
177
2
902
1
21
1
335
1
716
1
438
1
277
1
168
1
274
1
91
1
129
1
67
1
714
1
96
1
519
1
1179
1
675
1
492
1
90
1
86
1
185
1
11
1
706
1
21
1
1052
1
716
1
95
1
345
1
92
1
92
1
90
1
259
1
469
1
175
1
254
1
91
1
1110
1
815
1
254
1
258
1
89
1
264
1
22
1
14
1
131
1
103
1
93
1
72
1
322
1
136
1
14
1
634
1
25
2
53
1
15
1
156
1
1157
1
91
1
130
1
147
1
166
1
991
1
92
1
275
1
1251
1
306
1
93
1
236
1
90
1
446
1
530
1
369
1
185
1
560
1
322
1
401
1
69
1
786
1
26
1
79
1
1339
1
184
1
259
1
481
1
237
1
180
1
90
1
91
1
225
1
11
1
57
1
610
1
142
3
669
1
124
1
153
1
169
1
163
1
288
1
159
1
107
1
552
1
896
1
423
1
181
1
117
1
13
1
405
1
459
1
1070
1
180
1
182
1
442
1
372
1
117
1
58
1
36
1
235
1
182
1
164
1
212
1
83
1
74
1
94
1
1153
1
142
1
2
1
573
1
278
1
440
1
1179
1
1161
1
418
1
138
1
14
1
142
1
282
1
89
1
722
1
74
1
14
1
114
1
26
1
472
1
1098
1
33
1
139
1
437
1
267
1
361
1
367
1
170
1
271
1
403
2
315
1
2
1
87
4
86
1
89
1
539
3
178
2
88
1
390
1
142
1
282
1
369
1
66
1
450
1
188
1
90
1
683
1
1
1
854
1
429
1
382
1
246
1
5
1
264
1
186
1
170
1
90
1
274
2
86
1
89
1
130
1
1
1
224
1
363
1
172
1
273
1
363
1
88
1
299
1
77
1
784
1
102
1
558
1
739
1
73
1
53
1
541
1
282
1
256
1
412
1
1
1
58
1
248
1
179
1
88
1
453
1
447
1
129
1
1
1
225
4
450
1
81
1
21
1
159
1
92
4
653
1
92
1
80
1
351
1
72
1
13
1
115
1
256
1
76
1
454
1
117
1
144
1
93
1
487
1
150
1
426
1
288
1
15
1
414
1
183
1
128
1
240
1
73
1
90
1
184
1
182
1
103
1
173
1
163
1
185
1
192
1
11
1
82
1
335
1
474
1
334
1
91
1
340
2
70
1
148
1
261
1
177
2
207
1
162
1
76
1
811
1
488
1
1038
1
348
1
92
1
195
1
429
1
1920
1
838
1
84
1
408
1
90
1
86
1
139
1
34
1
197
1
715
1
517
1
370
1
811
1
256
1
90
1
91
1
130
1
133
1
453
1
93
1
171
1
752
1
603
1
367
1
441
1
467
1
259
1
89
1
229
1
948
1
77
1
582
1
135
1
15
1
714
1
172
1
165
1
471
1
78
1
665
1
68
1
424
1
91
1
93
1
102
1
173
1
1
2
436
1
1118
1
893
1
502
1
141
1
57
1
92
1
336
1
288
1
701
1
145
1
228
1
973
1
404
1
70
1
608
1
354
1
270
1
901
1
309
1
225
1
192
1
89
1
207
1
515
1
90
1
89
1
137
3
42
1
981
1
568
1
12
1
785
1
419
1
368
1
33
1
71
3
75
2
661
2
493
1
182
1
810
1
113
1
32
1
1044
1
165
1
181
1
89
1
114
1
81
1
146
1
11
1
652
1
158
1
1066
1
1179
1
15
1
153
1
360
1
629
1
1082
1
546
1
482
1
879
1
170
1
474
1
23
1
2
1
55
1
55
1
107
1
1524
1
1
1
526
1
200
1
3
1
514
1
221
1
136
1
674
3
404
1
431
1
72
1
313
1
422
3
567
1
89
1
212
1
66
1
171
1
612
1
360
1
334
1
763
1
91
1
609
1
200
1
254
1
89
1
532
1
185
1
87
2
86
1
89
1
540
1
2
1
87
1
89
4
86
1
89
1
945
1
10
1
401
1
481
1
494
1
241
1
36
1
350
1
399
1
26
1
1012
1
96
1
89
1
83
1
89
1
233
2
55
1
251
1
87
2
88
1
2
1
535
1
363
3
1085
1
441
1
369
1
795
1
2338
1
904
1
715
1
810
1
834
1
1699
1
2322
1
1620
1
2164
1
538
1
641
1
76
1
1622
1
1447
1
2439
1
794
1
906
1
1699
1
3885
1
340
1
550
1
76
1
734
1
1524
1
174
1
1446
1
1606
1
830
1
341
2
469
1
794
1
96
1
1699
1
2242
1
905
2
1077
3
466
1
79
1
812
1
1699
1
3067
1
1
1
1153
1
4
2
84
1
380
1
1779
1
813
1
633
1
797
1
1634
1
1162
1
174
1
1
1
366
1
1516
1
90
1
902
1
3
2
4585
1
107
1
5
1
805
1
82
2
805
1
76
1
627
1
90
1
906
1
3142
1
271
1
811
1
456
1
263
1
559
1
3215
1
906
1
1073
1
364
1
629
1
273
1
356
1
1278
1
2497
1
732
1
1153
1
2904
1
969
1
1433
1
824
1
1968
1
720
1
1370
2
1684
1
1541
1
79
1
909
1
636
1
435
1
456
1
170
1
640
1
729
2
873
1
905
1
2359
1
1056
1
2090
1
157
1
1621
1
1447
1
831
1
80
1
424
1
369
1
261
1
720
1
812
1
556
1
82
1
885
1
637
1
172
1
811
2
714
1
737
1
14
1
251
1
72
1
645
1
634
1
158
1
1545
1
1696
1
2282
1
248
1
719
1
258
1
626
1
813
1
1369
2
2494
1
93
1
1
1
1343
1
544
2
1171
1
1637
1
887
1
794
1
903
1
738
1
609
1
118
1
510
1
301
3
64
1
444
1
1348
1
717
1
651
1
2516
1
169
1
257
1
1112
1
237
1
90
1
90
1
721
1
2088
1
159
1
716
1
810
1
829
1
716
1
80
1
93
1
528
1
448
1
181
1
91
1
262
1
275
1
548
1
2511
1
2422
1
731
1
351
1
181
1
539
1
453
1
11
1
2433
2
157
1
636
1
1174
1
1155
1
119
1
602
1
1087
1
170
1
811
1
715
1
651
1
970
2
905
1
546
1
68
1
633
1
119
1
163
1
349
1
629
1
1434
1
93
1
532
1
107
1
1539
1
813
1
893
1
426
1
180
1
119
1
329
1
92
1
720
1
623
1
1461
1
81
1
728
1
158
1
2438
1
530
1
106
1
890
1
265
1
463
1
1063
1
638
1
172
1
1367
1
65
1
1258
1
448
1
543
1
119
1
2
2
62
1
93
1
261
1
362
1
1712
1
810
1
172
1
1449
2
75
1
816
1
15
1
257
2
628
1
558
2
157
1
260
4
373
1
345
1
2339
1
2332
1
284
1
375
1
12
1
2
1
237
1
166
1
271
1
280
1
532
1
536
1
91
1
720
1
388
1
1049
1
543
1
824
1
1339
1
524
1
548
1
21
1
1952
1
480
1
879
1
1538
1
826
1
421
1
90
1
344
1
632
1
132
1
1
1
132
1
452
1
720
1
90
1
629
1
720
1
480
1
237
1
717
1
810
1
832
1
255
1
271
1
163
1
102
1
348
1
448
1
1472
1
330
1
90
1
181
1
1004
1
81
1
704
1
277
1
543
1
1261
1
180
1
706
1
383
1
1238
1
298
1
512
1
297
1
68
1
262
1
465
1
1704
1
828
1
78
1
257
1
180
1
265
1
440
1
277
1
35
1
148
1
438
1
208
1
164
1
256
1
180
1
207
1
513
1
296
1
785
1
263
1
1436
1
91
1
93
1
904
1
90
1
458
1
428
1
299
1
14
2
1125
1
272
1
206
1
1143
1
478
1
237
1
639
1
810
1
170
1
1163
1
462
1
796
1
181
1
90
1
90
1
371
1
350
1
1345
1
810
1
2452
1
437
1
117
1
3
1
63
1
264
1
976
1
366
1
94
1
260
1
362
1
10
1
68
1
276
1
478
1
1
1
874
1
810
1
810
1
831
1
75
1
93
1
1610
1
163
1
183
1
205
1
238
1
2432
1
558
1
969
1
1272
1
289
1
81
1
887
1
1250
1
279
1
165
1
274
1
205
1
329
1
627
1
731
1
262
1
533
1
13
1
170
1
996
1
77
1
323
1
1
2
149
1
702
1
184
1
165
1
389
1
1505
1
719
1
193
1
342
1
182
1
1176
1
170
1
1177
1
1246
1
548
1
33
1
150
1
438
1
538
1
493
1
784
1
524
1
1083
1
11
1
81
1
884
1
671
1
423
1
90
1
90
1
432
1
582
1
963
1
436
1
447
1
1712
1
91
1
456
1
1438
1
106
1
176
1
257
1
180
1
205
1
227
1
15
1
435
1
96
1
21
1
11
1
963
1
436
1
447
1
362
1
538
1
271
1
183
1
23
1
330
1
91
1
89
1
366
1
169
1
587
1
244
1
435
1
106
1
525
1
89
1
89
1
115
1
149
1
258
1
270
1
130
1
589
1
277
1
754
1
225
1
2261
1
169
1
831
1
436
1
282
1
1527
1
428
1
383
1
62
1
273
1
402
1
224
1
363
1
354
1
183
1
91
1
89
1
89
1
89
1
185
1
262
1
717
1
657
1
172
1
437
1
130
1
70
1
79
1
531
1
523
1
180
1
220
1
590
1
538
1
91
1
180
1
89
1
448
1
546
1
263
1
453
1
356
1
478
1
1506
1
131
1
68
1
65
1
798
1
673
1
68
1
79
1
168
1
182
1
90
1
205
1
165
1
978
1
810
1
2081
1
37
1
143
1
157
1
27
1
345
1
202
1
245
1
92
1
976
1
220
1
2
1
144
1
260
1
92
1
460
1
165
1
456
1
79
1
276
1
544
1
743
1
773
1
37
1
65
1
768
1
3
1
148
1
704
1
446
1
163
1
448
1
506
1
484
1
810
1
902
1
220
1
69
1
78
1
348
1
91
1
626
1
91
1
272
1
24
1
67
1
444
1
291
1
69
1
101
1
350
1
77
1
369
1
365
1
294
1
83
1
969
1
165
1
1083
1
104
1
174
1
660
1
70
1
244
1
992
1
810
1
326
1
949
1
77
1
454
1
126
1
71
1
81
1
167
1
476
1
57
1
740
1
11
1
810
1
56
1
441
1
383
1
725
1
68
1
169
1
1410
1
46
1
609
1
552
1
90
1
180
1
127
1
71
1
249
1
1300
1
137
1
1542
1
738
1
134
1
362
1
90
1
719
1
90
1
90
1
101
1
43
1
578
1
233
2
395
1
471
1
157
1
347
1
278
1
765
1
950
1
73
1
991
1
271
1
447
1
180
1
810
1
283
1
31
1
11
1
153
1
424
1
233
2
783
1
318
1
16
1
253
1
629
1
414
1
57
1
715
1
80
1
14
1
245
1
1303
1
407
1
354
1
103
1
169
1
90
1
180
1
283
1
43
1
578
1
233
2
135
1
350
1
380
1
876
1
674
1
56
1
1959
1
388
1
330
1
180
1
367
1
757
1
11
1
57
1
79
1
14
1
659
1
305
1
456
1
105
1
1690
1
527
1
94
1
107
1
153
1
453
1
448
1
901
1
89
1
89
1
276
1
261
1
91
1
89
1
302
1
22
1
35
1
115
1
64
1
798
1
375
1
288
1
157
1
582
3
665
1
281
1
257
1
400
1
318
1
362
1
184
1
535
1
193
1
80
1
263
1
442
1
808
1
64
1
3
1
65
1
508
1
1029
1
69
1
4
1
249
1
1065
1
206
1
11
1
318
1
184
1
89
1
89
1
183
1
262
1
478
1
1597
1
1079
1
361
1
301
1
328
1
91
1
91
1
214
1
150
1
625
1
356
1
612
1
362
1
311
1
55
1
185
1
716
1
810
1
441
1
206
1
67
1
169
1
685
1
65
1
66
1
1265
1
1259
1
1530
1
611
1
836
1
63
1
14
1
439
1
91
1
91
1
37
1
69
1
972
1
106
1
473
1
11
1
71
1
741
1
305
1
76
1
484
1
81
1
168
1
345
1
928
1
161
1
439
1
291
1
245
1
900
1
1266
1
180
1
105
1
74
1
411
1
46
1
24
1
160
1
256
1
180
1
140
1
307
1
91
1
91
1
305
1
948
1
94
1
1447
1
64
1
661
1
419
1
272
1
718
1
389
1
705
1
1164
1
181
1
203
1
242
1
2260
1
517
1
90
1
117
1
879
1
78
1
704
1
137
1
170
1
475
1
58
1
186
1
332
1
243
1
491
1
320
1
43
1
13
1
1549
1
774
1
80
1
350
1
180
1
208
1
84
1
1145
1
455
1
180
1
569
1
256
1
717
1
168
1
91
1
362
1
46
2
219
1
634
1
752
1
58
1
246
1
468
1
36
1
58
1
154
1
991
1
719
1
270
1
250
1
216
1
66
1
549
1
34
1
418
1
76
1
289
1
264
1
74
1
196
1
228
2
111
1
1529
1
24
1
337
1
628
1
181
1
719
1
180
1
298
1
12
1
407
1
270
1
561
1
962
1
230
1
11
1
35
1
181
1
168
1
484
2
702
1
91
1
430
1
323
1
57
1
338
1
180
1
89
1
265
1
90
1
91
1
91
1
89
1
89
1
89
1
129
1
226
1
91
1
91
1
809
1
427
1
2
1
134
1
170
1
888
1
90
1
180
1
448
1
562
1
63
1
1252
1
218
1
412
2
89
1
178
1
448
2
271
1
538
1
545
1
78
1
91
1
92
1
360
1
308
1
633
1
163
1
325
1
13
1
181
1
370
1
152
1
270
1
141
1
45
1
23
1
716
1
11
1
1690
1
337
1
472
1
612
1
717
1
386
1
14
1
233
1
377
1
615
1
89
1
138
1
232
1
1352
1
80
1
429
1
380
1
66
1
11
1
662
1
55
1
185
1
568
1
224
1
455
1
115
1
82
1
518
1
560
1
486
1
308
1
90
1
90
1
76
1
103
1
372
1
74
1
184
1
319
1
55
1
80
1
169
1
1357
1
519
1
234
1
1203
1
181
1
91
1
93
1
10
1
11
1
147
1
180
1
180
1
296
1
31
1
11
1
798
1
70
1
509
1
301
1
420
1
318
1
308
1
92
1
453
1
13
1
53
1
672
1
69
1
174
1
565
1
12
1
213
1
548
1
714
1
186
1
94
1
758
1
405
1
320
1
152
1
504
1
152
1
138
1
352
1
90
1
630
1
253
1
129
1
69
1
13
1
159
1
345
1
232
1
57
1
247
1
1172
1
143
1
949
1
344
1
340
1
811
1
125
1
13
1
634
1
228
1
916
1
452
1
105
1
1406
1
142
1
139
1
811
1
728
1
1577
1
140
1
78
1
784
1
375
1
1039
1
774
1
162
1
528
1
284
1
632
1
94
1
426
1
299
1
329
1
476
1
114
1
406
1
473
1
656
1
12
1
1
1
43
1
147
1
285
1
317
1
46
1
79
1
745
1
504
1
372
2
975
1
468
1
95
1
154
1
180
1
474
1
742
1
500
1
472
1
65
1
12
1
439
1
150
1
194
1
195
1
74
1
15
1
304
1
47
1
182
1
167
1
486
1
51
1
823
2
1
1
254
1
180
1
232
1
58
1
337
1
377
1
341
1
90
1
719
1
589
1
83
1
63
1
15
1
243
1
15
1
362
1
1229
1
16
1
178
1
102
1
890
1
718
1
21
1
153
3
344
1
381
1
338
5
87
1
178
1
105
1
96
1
245
1
93
1
88
1
88
1
89
1
129
1
226
1
91
1
91
1
178
1
89
1
165
1
72
1
799
1
499
1
89
1
104
1
103
1
81
1
646
1
13
1
383
1
16
1
441
1
181
1
734
1
517
1
718
1
355
1
11
1
91
1
93
1
532
1
259
1
509
1
22
1
73
1
303
1
421
1
71
1
134
1
181
1
90
1
90
1
89
1
539
1
397
1
961
1
76
1
570
1
68
1
264
1
346
1
627
1
299
1
252
1
570
1
895
1
252
1
1068
1
76
1
12
1
127
1
894
1
726
1
227
1
639
1
170
1
718
1
92
1
812
1
344
1
91
1
967
1
47
1
79
1
638
1
102
1
254
1
164
1
812
1
91
1
261
1
102
1
169
1
560
1
66
1
14
1
63
1
1800
1
416
1
134
1
530
1
95
1
34
1
496
1
318
1
590
1
197
1
102
1
80
1
145
1
526
2
55
1
67
1
14
1
78
1
75
1
273
1
90
1
445
1
643
1
644
1
25
1
217
1
1390
1
213
1
570
1
509
1
318
1
319
1
105
1
254
1
151
1
71
1
496
1
300
1
162
1
74
1
90
1
482
1
329
1
91
1
316
1
764
1
46
1
773
1
23
1
948
1
647
1
25
1
136
1
256
1
430
1
297
1
104
1
255
1
465
1
639
1
426
1
240
1
23
1
35
1
133
1
103
1
256
1
462
3
650
1
594
1
280
1
672
1
138
1
810
2
698
1
45
1
25
1
1294
1
240
1
127
1
442
1
194
1
32
1
58
1
81
1
65
1
107
1
472
1
22
1
46
1
429
1
396
1
322
1
270
1
953
1
774
1
93
1
986
1
274
1
74
1
288
1
521
1
299
1
811
1
726
1
138
1
671
1
951
1
670
1
811
1
213
1
270
1
409
1
331
1
166
1
15
1
364
1
669
1
12
1
1
1
375
1
419
1
59
1
135
1
616
2
372
1
423
1
1467
1
142
1
486
1
629
1
270
1
225
1
334
1
545
1
10
1
239
1
90
1
90
1
179
1
150
1
138
1
55
1
741
1
519
1
225
1
691
1
183
1
169
1
493
1
316
1
75
1
181
1
91
1
535
1
390
1
147
1
361
1
307
1
421
1
420
1
219
1
14
1
412
1
12
1
151
1
1
1
385
1
76
1
16
1
292
1
93
1
66
1
14
1
730
1
876
1
168
1
348
1
368
1
93
1
347
1
462
1
347
1
462
1
72
1
430
1
83
1
715
1
58
1
186
1
78
1
452
1
32
1
308
1
184
1
387
1
812
1
234
1
94
1
253
1
129
1
798
1
691
1
906
1
79
1
10
1
182
1
166
1
272
1
170
1
2
1
216
1
336
1
89
1
198
1
105
1
80
1
51
1
479
1
44
1
71
1
315
1
91
1
92
1
363
1
810
1
626
1
33
1
320
1
346
1
267
1
360
1
553
1
534
1
33
1
678
1
172
3
68
1
32
1
114
1
717
1
94
1
1146
1
241
1
124
1
15
1
78
1
62
1
11
1
184
1
293
1
161
1
797
1
185
1
474
1
84
1
713
1
788
1
47
1
54
1
886
1
34
1
79
1
170
1
395
1
58
1
821
1
160
1
349
1
90
1
104
1
329
1
195
1
91
1
298
1
330
1
972
1
232
1
13
1
1561
1
46
1
135
1
806
1
34
1
157
1
91
1
407
1
12
3
32
1
834
1
1310
1
299
1
132
1
105
3
472
1
23
1
57
1
56
1
102
1
2
3
588
1
58
1
1044
1
458
1
32
1
850
1
71
1
33
1
34
1
157
1
156
1
26
1
386
1
241
1
474
1
10
1
23
3
1186
1
181
1
89
1
172
1
36
1
67
3
74
1
707
1
755
3
1501
1
32
1
12
1
56
1
886
1
777
1
54
1
741
1
151
1
62
1
283
1
367
1
170
1
274
1
298
1
144
1
4
2
585
1
115
1
682
1
397
1
551
1
659
1
588
1
260
1
71
1
149
1
260
1
90
1
90
1
171
1
46
1
692
1
43
1
130
1
81
1
633
1
252
2
570
3
143
1
557
1
46
1
22
1
1609
1
106
2
667
1
395
1
719
1
1281
1
173
1
3852
1
1720
1
623
1
721
1
195
1
158
1
902
1
4605
1
810
1
173
1
167
1
627
1
810
1
625
1
2430
1
92
1
1524
1
288
1
345
1
372
1
980
1
2088
1
968
1
2605
1
362
1
106
1
174
1
1446
1
1622
1
3233
1
702
1
2
2
278
1
1699
1
557
1
80
1
730
1
782
1
184
1
810
1
811
1
658
1
78
1
76
1
258
1
180
1
4
1
88
1
449
1
441
1
275
1
638
1
77
1
94
1
810
1
558
1
1684
1
904
1
737
1
172
1
1604
1
1370
1
79
1
173
1
557
1
891
1
1697
1
657
1
603
1
442
1
1358
1
262
1
814
1
1368
2
2435
1
65
1
169
1
995
1
551
1
165
1
2064
1
835
1
811
2
76
1
1980
1
166
1
90
1
122
2
233
1
575
1
64
1
534
1
209
1
144
1
182
1
1253
1
1806
1
1899
1
378
3
249
1
255
1
287
1
15
1
809
1
65
1
810
1
810
1
2417
1
1257
1
301
1
67
1
92
1
348
1
301
2
65
1
93
1
167
1
90
1
90
1
90
1
209
1
65
1
1515
1
1646
1
2597
1
348
1
462
1
350
1
298
2
1605
1
810
1
66
1
2715
1
452
1
68
1
25
1
427
1
462
1
648
1
1688
1
704
1
105
1
170
1
640
1
1889
1
1157
1
929
1
1594
1
1620
1
171
1
93
1
1549
1
168
1
720
1
437
3
277
1
811
1
2322
1
184
1
533
1
276
1
624
1
14
1
749
2
158
1
167
1
548
1
610
2
200
1
77
1
650
1
330
1
3694
1
265
1
577
2
222
1
270
1
554
1
346
1
90
1
2
1
540
1
387
3
327
1
2086
1
79
1
1516
1
276
1
580
1
1045
1
558
1
81
1
730
3
155
1
983
1
2975
1
171
1
576
1
163
1
439
1
982
1
104
1
811
1
337
1
90
1
1894
1
25
1
864
1
1734
1
438
1
253
1
542
1
720
1
298
1
83
1
64
1
272
1
376
1
11
1
422
1
1199
1
796
1
253
1
556
1
832
1
808
1
145
1
718
1
12
1
609
1
117
1
83
1
337
1
376
1
525
1
296
1
68
1
1515
1
276
1
1373
1
174
1
244
1
193
1
254
1
361
1
402
1
2
1
66
1
727
1
83
1
609
1
630
1
352
1
741
1
159
1
91
1
92
1
441
1
275
1
640
1
170
1
562
1
94
1
518
1
1155
1
362
1
1532
1
1173
1
24
1
67
1
705
1
1650
1
93
1
338
1
76
1
103
1
207
1
776
1
21
1
692
1
1807
1
78
1
994
1
810
1
465
1
816
1
613
1
89
1
282
1
333
1
381
1
520
1
446
1
183
1
91
1
363
1
15
1
339
1
717
1
1291
1
1612
1
24
1
1
1
676
1
254
1
916
1
256
1
182
1
445
1
92
1
549
1
979
1
1264
1
25
1
1638
3
313
1
1883
1
91
1
924
1
83
1
77
1
168
1
1453
1
648
1
144
1
718
1
1719
1
1252
1
174
1
32
1
893
1
727
1
160
1
811
1
649
2
1953
1
271
1
90
1
630
1
1177
1
611
1
104
1
834
1
135
1
15
1
977
1
91
1
373
1
81
1
263
1
479
1
66
1
171
1
590
1
236
1
245
1
322
1
2
1
148
1
440
1
447
1
534
1
261
1
733
1
795
1
15
1
645
1
13
1
225
1
182
1
387
1
55
1
994
1
1086
1
368
1
93
1
76
1
362
1
90
1
130
1
1023
1
361
1
629
1
271
1
200
1
337
1
401
1
317
1
2267
1
92
1
256
1
1121
1
811
2
575
1
1182
1
438
1
1257
1
182
1
719
1
645
1
92
1
256
1
462
1
439
1
89
1
128
1
34
1
37
1
64
1
673
2
853
1
1162
1
457
1
14
1
63
1
15
1
438
1
720
1
261
1
182
1
182
1
646
1
349
1
368
1
170
1
581
1
45
1
26
1
739
1
55
1
79
1
349
1
286
1
704
1
116
1
512
1
180
1
129
1
1127
1
467
1
80
1
771
3
226
1
2422
1
531
1
184
1
660
1
69
1
520
1
445
1
901
1
182
1
261
1
22
1
2153
1
90
1
217
1
151
1
169
1
254
1
538
1
363
1
115
1
330
1
810
1
91
1
181
1
2065
1
183
1
350
1
20
1
45
1
44
1
105
1
244
1
401
1
502
1
380
1
968
1
348
1
90
1
127
1
409
1
364
1
37
1
878
1
78
1
635
1
798
1
354
1
736
1
184
1
1269
1
967
1
350
1
218
1
315
1
185
1
375
1
342
1
468
1
64
1
13
1
716
1
15
1
873
1
690
1
217
1
180
1
484
1
159
2
152
1
193
1
369
1
168
1
167
1
15
1
164
1
212
1
251
1
474
1
1493
1
184
1
728
1
1245
1
814
1
412
1
2
1
68
1
160
1
885
1
489
1
71
1
1317
1
219
1
499
1
275
1
443
1
272
1
128
1
70
1
1057
1
906
1
270
1
140
1
72
1
144
1
593
1
139
1
440
1
90
1
125
1
230
1
347
1
304
1
1549
1
667
1
447
1
271
1
90
1
1277
1
476
1
11
1
58
1
13
1
506
1
218
1
138
1
544
1
126
1
13
1
21
1
22
1
824
1
65
1
93
1
542
1
703
1
719
1
371
1
75
1
271
1
355
1
26
1
711
1
90
1
10
1
751
1
937
1
182
1
90
1
165
1
245
1
44
1
890
1
636
1
173
1
348
1
180
1
538
1
180
1
371
1
75
1
271
1
719
1
465
1
22
1
343
1
395
1
233
1
255
1
321
1
45
1
968
1
14
1
976
1
180
1
219
1
150
1
672
1
137
1
1158
1
298
1
163
1
256
1
180
1
193
1
56
2
43
1
79
1
12
1
169
1
488
1
476
1
474
1
531
1
1701
1
33
1
12
1
137
1
716
1
93
1
348
1
180
1
984
1
781
1
12
1
204
1
195
1
977
1
231
2
111
1
287
1
468
1
64
1
93
1
636
1
79
1
168
1
491
1
13
1
796
1
810
1
317
1
181
1
990
1
158
1
1
1
305
1
91
1
978
1
184
1
447
1
383
1
84
1
157
1
581
1
213
1
181
1
400
1
501
1
180
1
197
1
1150
1
90
1
310
1
133
1
935
1
259
1
282
1
58
1
37
1
506
1
90
1
126
1
216
1
559
1
34
1
72
1
1408
1
629
1
90
1
719
1
308
1
409
1
374
1
94
1
79
1
167
1
518
1
2
1
149
1
78
1
169
1
1173
1
33
1
233
1
348
1
215
1
151
1
155
1
516
1
215
1
1379
1
1492
1
172
1
363
1
181
1
91
1
121
1
33
1
46
1
185
2
243
1
459
1
12
1
172
1
164
1
180
1
127
1
245
1
347
1
90
1
92
1
32
1
307
1
104
1
91
1
459
1
728
1
796
1
2528
1
261
1
410
1
311
1
557
1
43
1
270
1
270
1
13
1
126
1
11
1
46
1
248
1
104
1
397
1
882
1
863
1
685
1
762
1
10
1
23
1
1045
1
193
1
92
1
316
1
35
1
22
1
237
1
457
1
57
1
566
1
229
1
140
1
168
1
181
1
306
1
323
1
474
1
83
1
596
1
117
1
1632
1
150
1
1088
1
409
1
811
1
373
1
12
1
180
1
229
1
401
1
396
1
231
1
566
1
776
1
914
1
727
1
11
1
498
1
327
1
218
1
193
1
182
1
226
1
35
1
441
1
436
1
23
1
246
1
103
1
461
1
153
1
106
1
269
1
125
1
71
1
160
1
164
1
400
1
1219
1
180
1
538
1
562
1
1168
1
409
1
798
1
13
1
44
1
970
1
556
1
821
1
11
1
12
1
21
1
37
1
862
1
13
1
810
1
166
1
180
1
180
1
142
1
395
1
568
1
798
1
91
1
626
1
25
1
1214
1
1897
1
21
1
162
1
716
1
93
1
1248
1
262
1
56
1
146
1
90
1
1147
1
140
1
84
1
235
1
91
1
91
1
459
1
334
1
394
1
324
1
90
1
810
1
379
1
891
1
529
1
447
1
361
1
310
1
414
1
553
1
560
2
63
1
673
1
138
1
517
1
140
1
72
1
160
1
254
1
90
1
287
1
755
1
42
1
352
1
91
1
284
1
93
1
339
1
271
1
128
1
680
1
81
1
110
1
1084
1
257
1
242
1
774
1
58
1
10
1
24
1
66
1
169
1
183
1
251
1
542
1
287
1
10
1
148
1
287
1
718
1
74
1
272
1
128
1
12
1
70
1
414
1
367
1
12
1
611
1
725
1
312
1
239
1
76
1
168
1
312
1
81
1
246
1
424
1
57
1
161
1
74
1
274
1
299
1
584
1
117
1
35
1
855
1
264
1
559
1
680
1
288
1
582
1
505
1
704
1
422
1
194
1
464
1
151
1
45
1
158
1
364
1
90
1
91
1
262
1
274
1
628
1
475
1
11
1
137
1
92
1
346
1
266
1
37
1
159
1
1064
1
398
1
25
1
133
1
67
1
113
1
397
1
670
1
371
1
348
1
229
1
58
1
613
1
137
1
12
1
127
1
657
1
11
1
218
1
92
1
163
1
334
1
22
1
196
1
650
1
65
1
167
1
491
1
498
1
351
1
72
1
146
1
168
1
182
1
74
1
210
1
80
1
170
1
76
1
410
1
153
1
426
1
369
1
441
1
721
1
537
1
255
1
719
1
471
1
13
1
702
1
173
1
347
1
180
1
243
1
224
1
90
1
257
1
164
2
784
1
1120
1
181
1
631
1
1368
1
505
1
1710
1
136
1
106
1
133
1
12
1
168
1
90
1
166
1
14
1
149
1
12
1
32
1
80
1
813
1
51
1
283
1
378
1
67
1
365
1
89
1
240
1
2383
1
35
1
126
1
347
1
180
1
538
1
488
1
238
1
193
1
90
1
75
1
163
1
823
1
33
1
83
1
516
1
115
1
334
1
345
1
140
1
11
1
221
1
1155
1
900
1
1091
1
643
1
625
1
75
1
107
1
114
1
67
1
248
1
180
1
384
1
78
1
649
1
239
1
497
1
58
1
55
1
361
1
180
1
213
1
737
1
12
1
44
1
877
1
271
1
1250
1
72
1
239
1
258
1
75
1
150
1
569
1
383
1
518
1
210
1
132
1
103
2
475
1
23
1
217
1
2
2
254
1
334
1
1666
1
80
1
439
1
232
1
395
1
180
1
492
1
79
1
75
1
93
1
163
1
149
1
84
1
67
1
158
1
499
1
218
1
93
1
347
1
796
1
210
1
79
1
673
1
123
1
824
1
260
1
74
1
181
1
446
1
492
1
68
1
611
1
155
1
165
1
122
1
37
1
75
1
375
1
160
1
182
1
93
1
242
1
475
1
256
1
217
1
23
1
45
1
172
1
567
1
11
1
57
1
174
1
74
1
91
1
386
1
11
1
150
1
168
1
76
1
271
1
106
1
1331
1
538
1
13
1
92
1
254
1
414
1
159
1
167
1
364
1
36
1
147
1
577
1
58
1
419
1
308
1
593
1
286
1
12
1
133
1
1171
1
369
1
275
1
384
1
24
1
216
1
1417
1
71
1
56
1
185
1
166
1
92
1
295
1
13
1
147
1
53
1
191
1
331
1
13
1
44
1
80
1
695
1
47
1
68
1
78
1
704
1
530
1
165
1
127
1
260
1
90
1
629
1
544
1
1649
1
306
1
205
1
91
1
205
1
13
1
317
1
420
1
45
1
147
1
603
1
221
1
256
1
319
1
139
1
442
1
90
1
278
1
888
1
74
1
1326
1
59
1
52
1
270
1
500
1
57
1
659
1
106
1
148
1
168
1
614
1
591
1
84
1
852
1
365
1
305
1
23
1
130
1
242
1
646
1
1063
1
277
1
351
1
590
1
602
1
114
1
92
1
407
1
287
1
55
1
46
1
147
1
12
1
603
1
11
1
21
1
798
1
536
1
214
1
23
1
209
1
163
1
484
1
1406
1
118
1
81
1
850
1
241
1
142
1
205
1
184
1
982
1
439
1
105
1
57
1
376
1
90
1
89
1
89
1
280
1
679
1
1609
1
126
1
810
1
686
1
400
1
90
1
90
1
311
1
68
1
65
1
14
1
553
1
162
1
429
1
723
1
351
1
181
1
439
1
963
1
475
1
310
1
150
1
257
1
378
1
34
1
836
1
70
1
82
1
80
1
76
1
65
1
168
1
24
1
379
1
157
1
639
1
146
1
523
1
12
1
45
1
604
1
209
1
64
1
1
1
2
1
679
1
101
1
757
1
63
1
660
1
24
1
21
1
633
1
129
1
498
1
180
1
249
1
25
1
43
1
161
1
603
1
47
1
65
1
545
1
91
1
11
1
45
1
116
1
245
1
180
1
222
1
66
1
173
1
152
1
105
1
284
1
12
1
159
1
261
1
251
1
632
1
245
1
1192
1
14
1
342
1
466
1
257
1
216
1
21
1
36
1
125
1
250
1
397
1
34
1
169
1
191
1
343
1
220
1
52
1
837
1
165
1
183
1
288
1
63
1
90
1
168
1
368
1
10
1
25
1
160
1
553
1
148
1
78
1
11
1
639
1
717
1
354
1
91
1
532
1
205
1
169
1
386
1
68
1
648
1
10
1
58
1
185
1
77
1
812
1
256
1
91
1
136
1
231
1
351
1
214
1
69
1
433
1
306
1
411
1
91
1
271
1
354
1
465
1
600
1
217
1
149
1
45
1
80
1
340
1
534
1
258
1
218
1
10
1
95
1
1513
1
69
1
957
1
102
1
560
1
13
1
67
1
260
1
73
1
460
1
15
1
168
1
463
1
36
1
802
1
92
1
13
1
134
1
157
1
102
1
183
1
922
1
33
1
141
1
80
1
424
1
209
1
419
1
356
1
21
1
95
1
412
1
105
1
208
1
54
1
12
1
729
1
13
1
238
1
474
1
11
1
396
1
1336
1
486
1
90
1
446
1
66
1
410
1
92
1
68
1
171
1
510
1
128
1
337
1
286
1
57
1
11
1
750
1
22
1
11
1
59
1
54
1
183
1
272
1
214
1
84
1
69
1
75
1
256
1
310
1
23
1
220
1
73
1
360
1
154
1
125
1
770
1
960
1
77
1
547
1
22
1
241
1
719
1
424
1
175
1
60
1
497
1
369
1
680
1
46
1
162
1
564
1
47
1
270
1
360
1
200
1
863
1
22
1
45
1
66
1
78
1
582
1
149
1
77
1
258
1
324
1
55
1
14
1
159
1
781
1
360
1
461
1
273
1
370
1
1453
1
47
1
35
1
750
1
564
1
238
1
48
1
284
1
486
1
117
1
467
1
308
1
70
1
414
1
251
1
35
1
95
1
142
1
102
1
181
1
89
1
208
1
67
1
428
1
106
1
356
1
601
1
798
1
60
1
876
1
850
1
80
1
647
1
149
1
262
1
90
1
191
1
69
1
117
1
63
1
590
1
71
1
71
1
142
1
195
1
89
1
89
1
147
1
857
1
159
1
978
1
412
1
73
1
503
1
232
1
138
1
347
1
430
1
11
1
391
1
373
1
34
1
23
1
192
1
569
1
12
1
148
1
156
1
398
1
256
1
336
1
92
1
148
1
70
1
41
1
169
1
194
1
614
1
196
1
533
1
15
1
74
1
1069
1
90
1
277
1
78
1
286
1
251
1
247
1
319
1
241
1
168
1
54
1
12
1
81
1
490
1
40
1
171
1
92
1
78
1
258
1
311
1
162
1
336
1
92
1
922
1
879
1
186
1
61
1
491
1
498
1
288
1
352
1
684
1
66
1
66
1
12
1
170
1
304
1
21
1
234
1
79
1
243
1
277
1
101
1
92
1
65
1
361
1
163
1
102
1
117
1
77
1
166
1
90
1
90
2
220
1
483
1
15
1
625
1
412
1
56
1
433
1
974
1
142
1
56
1
428
1
16
1
701
1
399
1
31
1
245
1
413
1
382
1
172
1
417
1
34
1
599
1
12
1
138
1
11
1
569
1
92
1
135
1
35
1
21
1
95
1
1055
1
92
1
73
1
302
1
80
1
260
1
91
1
293
1
69
1
170
1
91
1
92
1
483
1
512
1
92
1
133
1
37
1
363
1
93
1
431
1
259
1
26
1
383
1
106
1
54
1
172
1
256
1
253
1
45
1
12
1
147
1
258
1
90
1
91
1
103
1
341
1
90
1
182
1
204
1
331
1
91
1
91
1
458
1
168
1
255
1
232
1
12
1
44
1
737
1
194
1
646
1
164
1
160
1
495
1
140
1
251
1
417
1
58
1
68
1
14
1
158
1
637
1
79
1
602
1
11
1
259
1
360
1
15
1
183
1
24
1
54
1
90
1
91
1
93
1
394
1
24
1
128
1
75
1
638
1
428
1
308
1
194
1
418
1
90
1
136
1
10
1
153
1
420
1
628
1
405
1
70
1
12
1
868
1
336
1
319
1
70
1
330
1
90
1
89
1
215
1
23
1
59
1
43
1
10
1
12
1
670
1
810
1
45
1
173
3
72
1
590
1
92
1
252
1
62
1
412
1
12
1
69
1
302
1
116
1
192
1
102
1
11
1
152
1
75
1
557
1
24
1
43
1
91
1
156
1
577
1
725
1
238
3
614
1
26
2
1232
1
244
1
896
1
137
1
259
1
11
1
307
1
595
1
342
1
729
1
46
1
55
1
79
1
168
1
432
1
378
2
92
1
87
1
297
1
705
1
254
1
1376
1
23
1
825
1
165
1
66
1
78
1
92
1
63
1
11
1
156
1
220
1
91
1
508
1
138
1
163
1
326
1
447
1
362
1
180
1
115
1
319
1
583
1
153
1
621
1
183
1
346
1
302
1
416
1
1193
1
440
1
90
1
706
1
181
1
186
1
442
1
90
1
210
1
79
1
429
1
299
1
876
1
170
1
91
1
547
1
170
1
2267
1
441
1
90
1
183
1
249
1
362
1
90
1
371
1
559
1
79
1
729
1
328
1
534
1
12
1
170
1
91
1
1344
1
184
1
1362
1
1060
1
181
1
1203
1
79
1
339
1
389
1
876
1
170
1
558
1
810
1
969
1
658
4
338
1
345
1
124
1
808
1
79
1
729
1
783
1
26
1
1593
1
79
1
743
1
891
1
734
1
79
1
811
1
247
1
183
1
272
1
79
1
11
1
889
1
665
1
3214
1
13
1
250
1
1073
1
1258
1
184
1
479
1
237
1
573
1
329
1
1527
1
533
1
11
1
171
1
1642
1
170
1
1436
1
1698
1
558
1
2512
1
1626
1
173
1
258
1
364
1
13
1
729
1
160
1
886
1
1528
1
2295
1
325
1
444
1
276
1
165
1
183
1
287
1
65
1
650
1
343
1
812
1
543
1
95
1
1603
1
1483
1
1400
1
364
1
260
1
2
1
387
1
81
1
63
1
823
1
169
1
641
1
75
1
536
1
102
1
95
1
1445
1
817
1
173
1
693
1
271
1
180
1
1713
1
720
1
379
1
796
1
78
1
91
1
639
1
1977
1
167
1
187
1
10
1
68
1
452
1
180
1
2162
1
2010
1
1787
1
154
1
375
1
984
1
442
1
629
1
90
1
444
1
822
1
3134
1
112
1
352
1
90
1
446
1
184
1
2417
1
2087
1
80
1
262
1
547
1
750
1
80
1
726
2
586
1
357
1
661
1
331
1
626
1
662
1
797
1
343
1
1264
1
79
1
183
1
984
1
629
1
570
1
12
1
2
1
314
1
274
1
286
1
341
1
548
1
731
1
727
1
1607
1
909
1
157
1
90
1
90
1
537
1
14
1
703
1
444
1
310
1
316
1
561
1
1685
1
650
1
14
1
328
1
442
1
274
1
634
1
453
1
3
1
86
1
276
1
248
1
719
1
585
2
65
1
248
1
2088
1
824
1
65
1
1572
1
1
1
675
1
95
1
10
1
11
1
82
1
249
1
1068
1
983
1
363
1
718
1
91
1
810
1
480
1
811
1
159
1
75
1
591
1
586
1
292
1
795
1
95
1
428
1
352
1
11
1
94
1
979
1
715
1
562
1
247
1
547
1
15
1
246
1
481
1
2320
1
199
1
339
1
362
1
265
1
438
1
198
1
968
1
733
1
259
1
1198
1
895
1
1332
1
291
1
248
1
476
1
57
1
351
1
180
1
289
1
66
1
673
1
591
1
537
1
718
1
639
1
170
1
713
1
360
1
539
1
465
1
200
1
702
1
903
1
810
1
248
1
90
1
444
1
365
1
387
1
810
1
793
1
159
1
671
1
589
1
104
1
185
1
13
1
714
1
81
1
520
1
1828
1
513
1
459
1
634
1
1650
1
3
1
53
1
262
1
490
2
32
1
102
1
14
1
334
1
460
1
259
1
457
1
261
1
90
1
271
1
939
1
853
1
365
1
810
1
542
1
529
1
646
1
163
1
188
1
765
2
228
1
438
1
104
1
433
1
90
1
90
1
367
1
351
1
90
1
218
1
68
1
796
1
13
1
247
1
479
1
238
1
534
1
217
1
1609
1
659
1
762
1
277
1
1378
1
958
1
731
1
78
1
259
1
417
1
2
1
42
1
621
1
280
1
93
1
152
1
470
1
171
1
582
2
69
1
324
1
182
1
1255
1
584
1
67
1
728
1
81
1
796
1
13
1
247
1
91
1
417
1
150
1
169
1
887
1
470
1
812
1
63
1
15
1
427
1
460
1
259
1
1120
1
145
1
261
1
455
1
1164
1
802
1
482
1
339
1
721
1
433
1
43
1
84
1
51
1
454
1
460
1
555
1
13
1
66
1
1059
1
1278
1
172
1
644
1
69
1
1172
1
366
1
250
1
102
1
272
1
287
1
2039
1
274
1
47
1
761
1
537
1
271
1
92
1
770
1
149
1
247
1
12
1
92
1
164
1
117
1
161
1
440
1
77
1
140
1
58
1
92
1
259
1
398
1
70
1
67
1
183
1
346
1
95
1
44
1
669
1
140
1
669
1
538
1
810
1
90
1
90
1
218
1
55
1
14
1
758
1
146
1
353
1
261
1
31
1
12
2
69
3
2334
1
868
1
25
1
796
1
876
1
454
1
289
1
247
1
507
1
138
1
273
1
385
1
15
1
228
1
75
1
502
1
1
1
487
1
321
1
124
1
659
1
228
1
665
1
159
1
165
1
180
1
231
1
1207
1
271
1
185
1
2450
1
752
1
1286
1
286
1
106
1
325
1
1997
1
23
1
56
1
92
1
349
1
740
1
705
1
501
1
46
1
11
1
417
1
357
1
10
1
441
1
309
1
11
1
488
1
180
1
140
1
71
1
143
1
90
1
1451
1
660
1
408
1
430
2
2009
1
396
1
12
1
203
1
271
1
180
1
140
1
34
1
729
1
117
1
739
1
577
1
288
1
716
1
23
1
135
1
181
1
90
1
501
1
160
1
51
1
23
1
91
1
91
1
376
1
599
1
139
1
401
1
396
1
13
1
1027
1
257
1
181
1
211
1
416
1
90
1
445
1
90
1
363
1
938
1
317
1
90
1
90
1
262
1
147
1
302
1
24
1
411
2
56
1
236
1
15
1
346
1
938
1
963
1
729
1
158
1
532
1
277
1
257
1
90
1
1028
1
148
1
532
1
144
1
84
1
325
1
65
1
25
1
242
1
41
1
22
1
12
2
137
1
170
1
488
1
203
1
102
1
1069
1
90
1
141
1
69
1
969
1
166
1
810
1
183
1
443
1
274
1
1300
1
75
1
798
1
734
1
63
1
663
1
237
1
181
1
391
1
329
1
408
1
45
1
79
1
615
1
181
1
105
1
256
1
355
1
1083
1
90
1
272
1
155
1
2
1
148
3
41
1
590
1
150
1
275
1
62
1
1003
1
266
1
272
1
257
1
128
1
95
1
237
1
523
1
1006
1
437
1
116
1
1719
1
94
2
52
1
101
1
501
1
72
1
329
1
164
1
186
1
56
2
809
1
821
1
47
1
1536
1
1574
1
10
1
35
1
980
1
245
1
167
1
289
1
25
1
494
1
242
1
220
1
589
1
478
1
721
1
549
1
611
1
44
1
216
1
1982
1
318
1
68
1
13
1
337
1
76
1
241
1
568
1
289
1
340
1
422
1
46
1
67
1
182
1
90
1
433
1
10
1
275
1
640
1
633
1
254
1
810
1
74
1
1307
1
21
1
70
1
82
1
42
1
371
1
13
1
173
1
912
1
763
1
46
1
810
1
159
1
717
1
440
1
356
1
672
1
243
1
1417
1
1
1
55
1
68
1
616
1
90
1
10
1
171
1
258
1
1907
1
34
1
58
1
81
1
77
1
92
1
345
1
152
1
58
1
235
1
457
1
843
1
83
1
714
1
23
1
577
1
318
1
81
1
78
1
168
1
537
1
183
1
334
1
291
1
93
1
75
1
719
1
184
1
73
1
309
1
164
1
728
1
810
1
703
1
22
1
69
1
79
1
77
1
362
1
207
1
420
1
499
1
253
1
257
1
240
2
192
1
580
1
82
1
328
1
182
1
182
1
44
1
57
1
14
1
41
1
23
1
518
1
370
1
811
1
1249
1
127
1
681
1
141
1
750
1
225
1
247
1
90
1
65
1
116
1
136
1
12
1
60
1
1216
1
365
1
170
1
168
1
16
1
702
1
733
1
349
1
217
1
12
1
230
1
74
1
90
1
366
1
534
1
90
1
1114
1
10
1
603
1
368
1
261
1
165
1
138
1
964
1
669
1
126
1
351
1
390
1
54
1
182
1
76
1
105
1
271
1
104
1
704
1
10
1
23
1
70
1
81
1
169
1
462
1
11
1
12
1
70
1
158
1
609
2
762
1
91
1
93
1
54
1
349
1
229
1
22
1
311
1
166
1
180
1
720
1
184
1
262
1
90
1
348
1
14
1
113
1
94
1
133
1
180
1
423
1
58
1
797
1
877
1
90
1
361
1
648
1
258
1
12
1
150
2
139
1
338
1
331
1
33
1
171
1
258
1
331
1
810
1
465
1
332
1
11
1
59
1
314
1
195
1
368
1
77
1
76
1
537
1
1006
1
606
1
70
1
961
1
350
1
62
1
175
1
58
1
44
1
195
1
510
1
59
1
69
1
78
1
588
1
35
1
23
1
405
1
13
1
318
1
11
1
59
1
68
1
169
1
271
1
239
1
11
1
102
1
168
1
490
1
82
1
54
1
104
1
437
1
279
1
645
1
41
1
219
1
568
1
176
1
79
1
75
1
966
1
343
1
47
1
11
1
509
1
240
1
128
1
169
1
90
1
270
1
149
1
193
1
196
1
419
1
34
1
79
1
797
1
742
1
12
1
754
1
219
1
67
1
203
1
180
1
372
1
153
1
104
1
705
1
77
1
192
1
163
1
34
1
1948
1
423
1
46
1
79
1
14
1
77
1
533
1
170
1
105
1
810
1
1559
1
79
1
153
1
13
1
407
1
72
1
68
1
78
1
534
1
444
1
90
1
306
1
307
1
106
1
372
1
1598
1
56
1
113
1
1581
1
80
1
339
1
629
1
91
1
91
1
315
1
388
1
537
1
90
1
168
1
105
1
329
1
205
1
568
1
69
1
787
1
196
1
255
1
554
1
565
1
589
1
330
1
239
1
234
1
406
1
340
1
315
1
140
1
78
1
981
1
91
1
374
1
418
1
552
1
591
1
58
1
507
1
243
1
58
1
726
1
69
1
725
1
207
1
481
1
221
1
238
1
11
1
66
1
101
1
331
1
139
1
145
1
27
1
242
1
254
1
774
1
96
1
41
1
649
1
1076
1
623
1
752
1
499
1
264
1
190
1
296
1
406
1
25
1
127
1
159
1
410
1
73
1
12
1
45
1
329
1
180
1
254
1
773
1
47
1
545
1
461
1
424
1
210
1
12
1
42
1
102
1
568
1
69
1
520
1
231
1
320
1
599
1
320
1
523
1
196
1
166
1
388
1
162
1
154
1
377
1
69
1
169
1
23
1
92
1
256
1
206
1
175
1
78
1
154
1
538
1
23
1
533
1
195
1
80
1
336
1
405
1
67
1
64
1
12
1
732
1
169
1
255
1
411
1
146
1
467
1
251
1
11
1
93
1
638
1
234
1
421
1
47
1
92
1
811
1
155
1
77
1
284
1
447
1
455
1
445
1
75
1
180
1
140
1
503
1
282
1
69
1
260
1
15
1
471
1
126
1
148
1
1135
1
13
1
90
1
355
1
14
1
575
1
11
1
301
1
152
1
343
1
11
1
363
1
12
1
365
1
55
1
660
1
114
1
22
1
218
1
257
1
14
1
180
1
172
1
350
1
565
1
768
1
33
1
34
1
213
1
389
1
69
1
282
1
258
1
240
1
84
1
69
1
248
1
406
1
71
1
148
1
167
1
77
1
343
1
11
1
92
1
37
1
232
1
446
1
286
1
90
1
270
1
114
1
163
1
531
1
161
1
47
1
313
1
538
1
104
1
724
1
285
1
422
1
541
1
13
1
631
1
417
1
454
1
448
1
555
1
149
1
299
1
90
1
373
1
33
1
312
1
344
1
140
1
138
1
258
1
400
1
82
1
713
1
272
1
183
1
682
1
386
1
207
1
750
1
35
1
11
1
855
1
193
1
91
1
1081
1
148
1
925
1
258
1
367
1
622
1
206
1
136
1
68
1
79
1
65
1
559
1
92
1
431
1
252
1
285
1
570
1
69
1
52
1
580
1
46
1
22
1
356
1
179
1
298
1
714
1
833
1
385
1
180
1
464
1
1007
1
524
1
102
1
66
1
78
1
23
1
273
1
91
1
329
1
25
1
640
1
967
1
1157
1
1348
1
367
1
170
1
689
1
104
1
23
1
294
1
479
1
242
1
555
1
946
1
14
1
259
1
388
1
785
1
26
1
67
1
1236
1
1529
1
499
1
11
1
498
1
1087
1
147
1
270
1
240
1
23
1
71
1
68
1
657
1
205
1
105
1
463
1
106
1
589
1
207
1
145
1
14
1
75
1
90
1
182
1
299
1
739
1
112
1
102
1
586
1
129
1
55
1
81
1
79
1
335
1
115
1
115
1
56
1
79
1
590
1
776
1
682
1
162
1
206
1
246
1
344
1
23
1
169
1
592
1
11
1
11
1
220
1
152
1
286
1
208
1
236
1
272
1
216
1
83
1
835
1
82
1
798
1
80
1
1044
1
15
1
549
1
564
1
82
1
68
1
172
1
346
1
265
1
25
1
772
1
270
1
482
1
80
1
155
1
194
1
75
1
105
1
70
1
66
1
71
1
919
1
715
1
409
1
90
1
721
1
153
1
173
1
846
1
521
1
887
1
13
1
524
1
13
1
180
1
90
1
137
1
11
1
388
1
385
1
425
1
269
1
224
1
823
1
44
1
105
1
245
1
812
1
523
1
361
1
252
1
35
1
340
1
433
1
130
1
1147
1
900
1
193
1
58
1
47
1
239
1
269
1
89
1
153
1
82
1
881
1
158
1
53
1
113
1
90
1
994
1
183
1
172
1
544
1
23
1
738
1
389
1
270
1
209
1
239
1
180
1
89
1
89
1
209
1
240
1
253
1
15
1
354
1
781
1
412
1
443
1
24
1
1140
1
601
1
535
1
764
1
149
1
275
1
89
1
703
1
643
1
810
1
1570
1
494
1
209
1
93
1
80
1
169
1
477
1
214
1
373
1
161
1
13
1
33
1
83
1
245
1
432
1
290
1
343
1
163
1
11
1
118
1
243
1
400
1
880
1
428
1
457
1
43
1
729
1
12
1
135
1
92
1
720
1
170
1
254
1
127
1
10
1
82
1
147
1
602
1
380
2
268
1
124
1
965
1
242
1
400
1
82
1
162
1
634
1
79
1
698
1
48
1
115
1
159
1
463
1
128
1
45
1
158
1
144
1
494
1
80
1
76
1
94
1
463
1
68
1
11
1
877
1
90
1
1385
1
147
2
647
1
597
1
1016
1
53
1
150
1
159
1
488
1
82
1
225
1
183
1
202
1
103
1
413
1
326
1
285
1
105
1
165
1
551
1
167
1
90
1
90
1
126
1
11
1
11
1
57
1
12
1
212
1
361
1
128
1
23
1
306
1
90
1
182
1
91
1
182
1
106
1
645
1
45
1
90
1
90
1
90
1
181
1
76
1
570
1
12
1
78
1
572
1
879
1
78
1
170
1
466
1
79
1
65
1
105
1
640
1
589
1
126
1
65
1
78
1
448
1
30
1
104
1
327
1
90
1
167
1
278
1
454
1
809
1
556
1
56
1
100
1
329
1
389
1
286
1
133
1
245
1
78
1
76
1
92
1
374
1
92
1
66
1
603
1
375
1
1427
1
283
1
90
1
229
1
11
1
58
1
585
1
14
1
150
1
58
1
313
1
103
1
181
1
262
1
100
1
10
1
24
1
65
1
78
1
502
1
24
1
297
1
488
1
229
1
168
1
316
1
58
1
92
1
250
1
244
1
474
1
75
1
493
1
148
1
76
1
258
1
12
1
90
1
265
1
362
1
181
1
614
1
405
1
67
1
735
1
58
1
659
1
447
1
256
1
1180
1
245
1
414
1
70
1
158
1
452
1
32
1
36
1
543
1
383
1
245
1
433
1
194
1
257
1
321
1
11
1
46
1
11
1
342
1
382
1
123
1
149
1
13
1
78
1
637
1
252
1
256
1
276
1
24
1
419
1
459
1
76
1
65
1
26
1
74
1
342
1
71
1
56
1
681
1
59
1
316
1
180
1
217
1
127
1
374
1
721
1
395
1
83
1
68
1
440
1
89
1
262
1
123
1
13
1
78
1
463
1
254
1
428
1
288
1
79
1
169
1
419
1
47
1
68
1
24
1
223
1
101
1
551
1
426
1
188
1
634
1
126
1
22
1
59
1
44
1
10
1
183
1
91
1
89
1
900
1
251
1
647
1
111
1
123
1
126
1
101
1
13
1
463
1
128
1
125
1
660
1
56
1
956
1
14
2
62
1
410
1
93
1
149
2
256
1
167
1
12
1
277
1
262
3
178
1
215
1
151
1
77
1
603
1
798
1
24
1
47
1
69
1
513
1
263
1
45
1
104
1
156
1
91
1
91
1
181
1
69
1
31
1
707
1
31
1
117
1
47
1
65
1
876
1
78
1
421
1
152
1
728
1
241
1
1
1
483
1
34
1
116
1
693
1
119
1
75
3
565
1
34
1
12
1
34
1
162
1
754
1
754
1
112
1
23
1
555
1
176
1
681
1
339
1
491
1
12
1
68
2
77
2
352
1
248
1
285
1
258
1
300
1
83
2
886
1
437
1
1234
1
647
1
57
1
93
1
133
1
102
1
91
1
224
1
893
1
577
1
116
1
91
1
601
1
208
1
12
1
54
1
183
1
258
1
91
1
150
1
567
1
217
1
786
1
10
1
330
1
168
1
267
1
70
1
185
1
148
1
66
1
78
1
560
1
185
1
167
1
295
1
499
1
322
1
396
1
256
1
110
1
21
1
24
1
485
1
797
1
103
1
126
1
162
1
624
1
34
1
229
1
441
1
102
1
10
1
228
1
374
1
91
1
246
1
82
1
67
1
124
1
409
1
113
1
46
1
238
1
204
1
92
1
296
1
214
1
115
1
411
1
229
1
51
1
24
1
466
1
317
1
1450
1
558
1
600
1
104
1
964
1
70
1
10
1
94
1
54
1
170
1
93
1
164
1
380
1
13
1
416
1
299
1
146
1
78
1
103
1
354
1
784
1
46
1
23
1
149
1
245
1
402
1
304
1
192
1
266
1
194
1
625
1
36
1
314
1
180
1
242
1
58
1
417
1
76
1
389
1
429
1
250
1
480
1
481
1
80
1
65
1
90
1
183
1
262
1
126
1
773
1
996
1
61
1
422
1
232
1
75
1
180
1
367
1
68
1
10
1
26
1
516
1
115
1
162
1
931
1
249
1
53
1
310
1
102
1
56
1
194
1
64
1
319
1
320
1
90
1
66
1
115
1
91
1
171
1
79
1
376
1
550
1
552
1
410
1
493
1
151
1
1246
1
115
1
424
1
89
1
475
1
718
1
159
1
579
1
161
1
79
1
13
1
78
1
76
1
273
1
172
1
79
1
33
1
250
1
64
1
27
1
281
1
346
1
507
1
376
1
433
1
557
1
276
1
262
1
92
1
418
1
300
1
253
1
15
1
337
1
35
1
1228
1
402
1
79
1
14
1
337
1
90
1
445
1
93
1
416
1
467
1
319
1
847
1
367
1
88
1
87
1
89
1
209
1
55
1
545
1
148
1
554
1
106
1
304
1
24
1
316
1
91
1
224
1
81
1
69
1
316
1
389
1
10
1
22
1
216
1
182
1
316
1
235
1
74
1
156
1
101
1
277
1
79
1
542
1
116
1
176
1
232
1
17
1
175
1
540
1
521
1
116
1
77
1
615
1
48
1
146
1
677
1
409
1
180
1
617
1
436
1
112
1
440
1
15
1
192
1
92
1
741
1
55
1
430
1
298
1
245
1
86
1
271
1
158
1
61
1
132
1
90
1
348
1
268
1
23
4
887
4
634
1
1162
1
76
1
720
1
13
1
352
1
23
1
601
1
90
1
197
1
797
1
729
1
342
1
454
1
355
1
1431
1
743
1
247
1
1439
1
718
1
456
1
2157
1
1989
1
631
1
375
1
159
1
532
1
927
1
252
1
1528
1
624
1
185
1
1626
1
351
1
90
1
274
1
248
1
902
1
388
1
80
1
1595
1
2363
1
342
1
541
1
531
1
448
1
1438
1
1085
1
91
1
1995
1
1626
1
93
1
156
1
15
1
168
1
1345
1
169
1
1358
1
742
1
1622
1
144
1
183
1
442
1
853
1
328
1
77
1
14
2
388
2
79
1
250
1
349
1
289
1
965
1
560
1
65
1
1474
1
811
1
158
1
636
1
173
1
76
1
657
1
891
1
522
1
126
1
316
1
810
1
479
1
330
1
455
1
170
1
183
1
466
1
94
1
155
1
574
1
1138
1
461
1
22
1
420
1
92
1
88
1
207
1
147
1
12
1
337
1
287
1
107
1
728
2
131
1
90
1
15
1
167
1
1279
1
875
1
665
1
795
1
79
1
78
1
726
1
118
1
339
1
72
1
289
1
12
1
157
1
91
1
479
1
83
1
323
1
181
1
1
1
220
2
236
1
637
1
66
1
274
3
373
1
798
1
104
1
693
1
36
1
144
1
666
1
79
1
154
1
648
1
12
1
156
1
640
1
157
1
180
1
1213
1
161
1
716
1
171
1
349
1
219
1
797
1
1141
1
466
1
67
1
999
1
13
1
166
1
378
1
68
1
635
1
253
1
90
1
745
1
155
1
467
1
172
1
3068
1
67
1
841
1
171
1
639
1
144
1
103
1
90
1
353
1
533
1
367
1
25
1
79
1
155
1
90
1
400
1
148
1
648
1
786
1
1256
1
1181
1
182
1
92
1
347
1
290
1
326
1
14
1
90
1
364
1
430
1
473
1
337
1
296
1
422
1
181
1
1072
1
741
1
159
1
901
1
634
1
543
1
89
1
1263
1
463
1
11
1
82
1
80
1
246
1
272
1
937
1
501
1
309
1
54
1
12
1
340
1
363
1
23
1
81
1
1150
1
406
2
161
1
76
1
167
1
77
1
448
1
102
1
258
1
392
1
508
1
813
1
181
1
10
1
92
1
249
1
91
1
386
1
254
1
569
1
316
1
640
1
636
1
923
1
730
1
302
1
506
1
53
1
79
1
185
1
977
1
295
1
515
1
625
1
493
1
877
1
340
1
363
1
79
1
25
1
1335
1
1156
1
672
1
13
2
67
1
80
1
154
1
491
1
56
1
11
1
434
1
1119
1
239
1
555
1
1232
1
633
1
617
1
21
1
26
1
131
1
26
1
873
1
560
1
825
1
79
1
339
1
260
1
857
2
1217
1
1229
1
961
1
77
1
244
1
15
1
294
1
824
2
319
1
255
1
3
1
299
1
155
1
557
1
252
1
523
1
21
1
25
2
237
1
637
1
157
1
14
1
167
1
810
1
406
1
162
1
624
1
10
1
692
1
164
1
114
1
1458
1
57
1
91
1
1972
1
90
1
193
1
11
1
973
1
76
1
1640
1
257
1
77
1
232
1
34
1
114
1
156
1
12
1
490
1
306
1
180
1
367
1
442
1
180
1
810
1
538
1
387
1
239
1
273
1
1193
1
14
1
77
1
260
1
456
1
787
1
103
1
78
1
77
1
284
1
172
1
114
1
418
1
321
1
69
1
67
1
350
1
321
1
797
1
682
1
127
1
880
1
339
1
554
1
182
1
1276
1
162
1
78
1
182
1
180
1
74
1
14
1
1426
1
180
1
127
1
82
1
159
1
76
1
90
1
387
1
1414
1
218
1
828
1
147
1
615
1
114
1
82
1
142
1
283
1
89
1
186
1
751
1
798
1
11
1
868
1
79
1
532
1
446
1
272
1
367
1
648
1
56
1
11
1
443
1
330
1
64
1
251
1
641
1
645
1
12
2
843
1
104
1
427
1
185
1
102
1
752
1
881
1
417
1
627
1
467
1
1249
1
629
1
168
1
193
1
229
1
70
1
2303
1
45
1
397
1
992
1
90
1
183
1
753
1
226
1
90
1
475
1
32
1
296
1
23
1
424
1
41
1
10
1
58
1
22
1
600
1
197
1
752
1
57
1
80
1
171
1
557
1
236
1
181
1
182
1
138
1
69
1
418
1
182
1
125
1
136
1
742
1
172
1
258
1
1935
1
47
1
21
1
11
1
695
1
611
1
243
1
855
1
171
1
350
1
230
1
396
1
446
1
36
1
954
1
273
1
901
1
234
1
11
1
137
1
92
1
258
1
296
1
23
1
57
1
80
1
144
1
585
1
81
1
51
1
538
1
375
1
166
1
298
1
345
1
256
1
93
1
273
1
13
1
64
1
12
1
352
1
379
1
337
1
92
1
379
1
634
1
806
1
20
1
1325
1
262
1
44
1
151
1
324
1
320
1
82
1
740
1
113
1
696
1
935
1
888
1
272
1
308
1
909
2
123
1
293
1
308
1
47
1
79
1
284
1
91
1
537
1
614
1
260
1
193
1
180
1
209
1
43
1
11
1
440
1
185
1
196
1
623
1
172
1
717
1
261
1
640
1
1535
1
365
1
549
1
517
1
175
1
260
1
374
1
209
1
55
1
274
1
719
1
346
1
292
1
657
1
230
1
795
1
598
1
13
1
149
2
246
1
721
1
166
1
473
1
414
1
102
1
707
1
13
1
89
1
82
1
126
1
330
1
613
1
452
1
370
1
167
1
399
1
11
1
45
1
24
1
417
1
321
1
230
1
572
1
26
1
226
1
440
1
138
1
70
1
1
1
392
1
320
1
164
1
337
1
344
1
856
1
1608
1
727
1
69
1
611
1
944
1
173
1
44
1
34
1
336
1
358
1
670
1
308
1
525
1
114
1
259
1
458
1
260
1
457
1
867
1
566
1
382
1
154
1
1329
1
26
1
124
1
878
1
258
1
77
1
253
1
646
1
554
1
384
1
1632
1
137
1
13
1
427
1
195
1
264
1
439
1
185
1
351
1
753
1
333
1
164
1
45
1
11
1
124
1
602
1
84
1
31
1
101
1
13
1
76
1
77
1
825
1
255
1
1749
1
11
1
488
1
90
1
1111
1
681
1
30
1
125
1
407
1
182
1
207
1
162
1
76
1
335
1
129
1
46
1
22
1
22
1
13
1
67
1
338
1
1941
1
124
1
672
1
34
1
10
1
533
1
287
1
12
1
54
1
1570
1
23
1
473
1
324
1
238
1
500
1
12
1
374
1
90
1
91
1
183
1
56
1
140
1
63
1
168
1
481
1
237
1
271
1
90
1
139
1
13
1
796
1
228
1
350
1
230
1
774
1
35
1
214
1
363
1
90
1
237
1
1
1
65
1
136
1
21
1
102
1
445
1
103
1
55
1
579
1
128
1
33
1
170
1
91
1
256
1
138
1
12
1
465
1
287
1
56
1
70
1
69
1
414
1
254
1
57
1
68
1
603
1
101
1
104
1
716
1
158
1
605
1
112
1
668
1
20
1
96
1
212
1
22
1
488
1
58
1
341
1
1208
1
70
1
81
1
325
1
379
1
22
1
727
1
23
1
23
1
34
1
511
1
239
1
938
1
64
1
271
1
264
1
43
1
46
1
195
1
584
1
24
1
13
1
169
1
215
1
503
1
32
1
718
1
159
1
195
1
394
1
478
1
415
1
751
1
647
1
1062
1
836
1
1088
1
408
3
809
1
56
1
727
1
894
1
407
1
991
1
524
1
14
1
384
1
776
1
115
1
598
1
156
1
11
1
36
1
170
1
195
1
165
1
240
1
140
1
66
1
272
1
458
1
66
1
674
1
407
1
318
1
47
1
79
1
78
1
465
1
173
1
365
1
180
1
215
1
765
1
32
1
137
1
754
1
713
1
41
1
219
1
568
1
105
1
135
1
602
1
647
1
436
1
374
1
448
1
181
1
317
1
11
1
206
1
91
1
166
1
180
1
139
1
23
1
298
1
442
1
32
1
137
1
271
1
377
1
104
1
837
1
163
1
41
1
533
1
482
1
433
1
23
1
681
1
129
1
668
1
298
1
465
1
10
1
47
1
773
1
151
1
613
1
32
1
69
1
264
1
452
1
104
1
145
1
620
1
70
1
82
1
157
1
640
1
603
1
520
1
320
1
34
1
115
1
981
1
639
1
246
1
411
1
11
1
1028
1
650
1
598
1
114
1
123
1
12
1
33
1
101
1
183
1
373
1
515
1
327
1
184
1
559
1
127
1
31
1
10
1
181
1
2146
1
21
1
25
1
145
1
93
1
164
1
333
1
657
1
116
1
35
1
57
1
766
1
70
1
12
1
148
1
427
1
357
1
78
1
102
1
91
1
603
1
25
1
166
1
331
1
72
1
67
1
247
1
365
1
353
1
558
1
891
1
172
1
346
1
1075
1
271
1
427
1
94
1
55
1
238
1
398
1
33
1
151
1
80
1
155
1
641
1
156
1
78
1
482
1
263
1
511
1
180
1
1003
1
525
1
375
1
227
1
296
1
513
1
45
1
355
1
701
1
686
1
32
1
124
1
349
1
721
1
214
1
23
1
46
1
46
1
47
1
65
1
183
1
465
1
695
1
126
1
69
1
65
1
13
1
76
1
511
1
35
1
520
1
196
1
44
1
11
1
206
1
363
1
239
1
389
1
255
1
216
1
102
1
173
1
441
1
113
1
83
1
403
1
460
1
12
1
77
1
363
1
447
1
76
1
258
1
11
1
95
1
125
1
798
1
68
1
658
1
22
1
11
1
286
1
257
1
1087
1
366
1
917
1
457
1
79
1
91
1
167
1
77
1
347
1
21
1
454
1
75
1
1182
1
600
1
764
1
33
1
47
1
341
1
444
1
260
1
104
1
270
1
125
1
35
1
102
1
12
1
756
1
217
1
113
1
354
1
52
1
558
1
251
1
95
1
21
1
104
1
425
1
14
1
81
1
137
1
228
1
63
1
192
1
1039
1
233
1
257
1
341
1
47
1
763
1
285
1
271
1
89
1
184
1
11
1
55
1
793
1
149
1
44
1
10
1
22
1
182
1
364
1
148
1
115
1
496
1
142
1
403
1
198
1
1525
1
291
1
518
1
277
1
246
1
14
1
419
1
390
1
522
1
103
1
257
1
296
1
134
1
35
1
113
1
224
1
179
1
472
1
510
1
72
1
319
1
352
1
90
1
183
1
439
1
149
1
822
1
286
1
465
1
10
1
149
1
78
1
196
1
442
1
774
1
11
1
59
1
42
1
103
1
257
1
180
1
115
1
532
1
318
1
219
1
363
1
237
1
72
1
112
1
613
1
71
1
33
1
649
1
66
1
115
1
810
1
156
1
180
1
332
1
11
1
46
1
252
1
638
1
171
1
345
1
128
1
69
1
79
1
530
1
493
1
168
1
304
1
27
1
123
1
146
1
78
1
191
1
251
1
72
1
69
1
234
1
421
1
71
1
55
1
12
1
705
1
186
1
1386
1
567
1
900
1
128
1
163
1
1009
1
76
1
91
1
76
1
186
1
41
1
165
1
234
1
66
1
353
1
15
1
56
1
485
1
812
1
90
1
206
1
13
1
31
1
670
1
821
1
11
1
312
1
254
1
207
1
106
1
53
1
718
1
105
1
154
1
446
1
120
1
57
1
489
1
389
1
728
1
228
1
954
1
101
1
217
1
105
1
56
1
263
1
361
1
32
1
787
1
319
1
102
1
493
1
148
1
439
1
102
1
10
1
410
1
417
1
116
2
2557
1
77
1
182
1
272
1
126
1
715
1
70
1
419
1
77
1
357
1
555
1
221
1
55
1
518
1
151
1
11
1
193
1
284
1
180
1
249
1
44
1
22
1
159
1
475
1
81
1
161
1
877
1
993
1
387
1
11
1
564
1
139
1
93
1
33
1
716
1
798
1
786
1
58
1
353
1
393
1
126
1
272
1
524
1
69
1
657
1
48
1
34
1
70
1
158
1
154
1
193
1
706
1
277
1
116
1
667
1
743
1
114
1
11
1
135
1
638
1
105
1
427
1
447
1
625
1
76
1
68
1
237
1
90
1
446
1
627
1
367
1
153
1
12
1
306
1
505
1
352
1
103
1
1239
1
447
1
579
1
94
1
122
1
194
1
374
1
10
1
58
1
635
1
172
1
227
1
391
1
449
1
112
1
13
1
166
1
323
1
774
1
93
1
80
1
575
1
83
1
21
1
114
1
811
1
257
1
318
1
22
1
195
1
77
1
194
1
329
1
47
1
11
1
68
1
65
1
285
1
165
1
13
1
137
1
1072
1
338
1
172
1
181
1
23
1
134
1
101
1
641
1
260
1
90
1
309
1
112
1
719
1
704
1
222
1
152
1
13
1
719
1
181
1
89
1
250
1
379
1
89
1
388
1
239
1
74
1
285
1
247
1
216
1
12
1
260
1
172
1
419
1
37
1
681
1
677
1
324
1
77
1
394
1
79
1
244
1
471
1
78
1
183
1
90
1
628
1
545
1
79
1
349
1
344
1
23
1
276
1
73
1
603
1
55
1
364
1
365
1
92
1
523
1
69
1
282
1
183
1
304
1
165
1
158
1
165
1
342
1
129
1
784
1
276
1
361
1
55
1
46
1
12
1
67
1
729
1
12
1
404
1
1267
1
31
1
103
1
544
1
903
1
56
1
91
1
169
1
92
1
342
1
127
1
158
1
74
1
181
1
90
1
160
1
46
1
161
1
260
1
181
1
219
1
1384
1
151
1
11
1
464
1
321
1
23
1
963
1
263
1
454
1
91
1
11
1
80
1
251
1
396
1
307
1
14
1
153
1
12
1
226
1
37
1
56
1
22
1
180
1
361
1
220
1
11
1
56
1
248
1
561
1
93
1
623
1
147
1
192
1
422
1
555
1
368
1
792
1
15
1
65
1
147
1
13
1
247
1
203
1
129
1
1092
1
14
1
232
1
24
1
206
1
514
1
307
1
319
1
1173
1
44
1
58
1
600
1
104
1
33
1
35
1
46
1
785
1
24
1
68
1
414
1
12
1
305
1
102
1
205
1
2100
1
750
1
93
1
486
1
196
1
69
1
440
1
414
1
44
1
617
1
41
1
138
1
670
1
106
1
55
1
78
1
348
1
12
1
245
1
243
1
214
1
217
1
227
1
230
1
42
1
399
1
171
1
103
1
171
1
978
1
308
1
69
1
416
1
240
1
47
1
264
1
463
1
10
1
93
1
407
1
342
1
35
1
173
1
977
1
166
1
340
1
58
1
79
1
194
1
132
1
10
1
115
1
92
1
30
1
389
1
1313
1
82
1
418
1
90
1
91
1
69
1
783
1
153
1
159
1
473
1
163
1
247
1
257
1
12
1
209
1
11
1
56
1
12
1
65
1
271
1
274
1
91
1
519
1
308
1
170
1
338
1
78
1
497
1
52
1
23
1
91
1
468
1
80
1
246
1
470
1
249
1
364
1
196
1
158
1
244
1
1633
1
184
1
262
1
797
1
374
1
408
1
511
1
134
1
94
1
283
1
78
1
341
1
139
1
105
1
77
1
53
1
527
1
137
1
533
1
183
1
717
1
173
1
257
1
180
1
539
1
364
1
262
1
91
1
487
1
70
1
146
1
104
1
564
1
90
1
68
1
465
1
229
1
400
1
303
1
858
1
185
1
169
1
255
1
106
1
183
1
145
1
192
1
1107
1
33
1
391
1
179
1
182
1
43
1
311
1
271
1
432
1
12
1
596
1
186
1
66
1
171
1
259
1
205
1
331
1
144
1
576
1
244
1
368
1
169
1
489
1
48
1
44
1
214
1
374
1
291
1
154
1
184
1
89
1
89
1
124
1
82
1
55
1
638
1
831
1
69
1
24
1
68
1
64
1
12
1
347
1
217
1
122
1
47
1
284
1
260
1
134
1
48
1
159
1
10
1
105
1
169
1
397
1
56
1
158
1
14
1
75
1
168
1
14
1
364
1
95
1
74
1
66
1
572
1
248
1
182
1
90
1
159
1
379
1
430
1
34
1
250
1
2
1
1
1
507
1
46
1
751
1
1056
1
79
1
169
1
11
1
91
1
615
1
11
1
92
1
292
1
267
1
79
1
567
1
149
1
248
1
333
1
78
1
69
1
392
1
229
1
37
1
31
1
68
1
285
1
342
1
65
1
13
1
270
1
24
1
558
1
159
1
77
1
271
1
90
1
1004
1
52
1
58
1
183
1
33
1
123
1
91
1
284
1
115
1
192
1
21
1
11
1
168
1
965
1
657
1
342
1
47
1
159
1
168
1
165
1
719
1
644
1
453
1
11
1
80
1
54
1
603
1
151
1
505
1
342
1
385
1
249
1
70
1
80
1
238
1
11
1
91
1
315
1
48
1
102
1
251
1
167
1
216
1
92
1
35
1
259
1
191
1
719
1
719
1
641
1
77
1
361
1
74
1
87
1
12
1
33
1
1545
1
49
1
226
1
79
1
122
1
124
1
194
1
59
1
79
1
67
1
32
1
10
1
181
1
66
1
411
1
36
1
691
1
81
1
787
1
22
1
319
1
76
1
342
1
140
1
54
1
628
1
169
1
282
1
286
1
80
1
91
1
753
1
149
1
153
1
12
1
749
1
225
1
354
1
150
1
157
1
55
1
516
1
146
1
91
1
363
1
113
1
162
1
576
1
36
1
33
1
11
1
282
1
101
1
14
1
523
1
26
1
531
1
197
1
402
1
102
1
719
1
217
1
70
1
23
1
69
1
156
1
516
1
256
1
79
1
64
1
236
1
10
1
24
1
124
1
59
1
261
1
274
1
681
1
505
1
81
1
716
1
250
1
75
1
15
1
628
1
255
1
196
1
43
1
47
1
340
1
167
1
1123
1
329
1
89
1
179
1
248
1
243
1
64
1
12
1
259
1
184
1
261
1
12
1
65
1
195
1
181
1
136
1
309
1
488
1
398
1
181
1
263
1
105
1
63
1
12
1
93
1
73
1
471
1
625
1
43
1
1290
1
89
1
630
1
89
1
427
1
15
1
20
1
126
1
65
1
13
1
77
1
259
1
93
1
535
1
273
1
136
1
70
1
496
1
301
1
328
1
181
1
145
1
47
1
93
1
325
1
180
1
538
1
271
1
105
1
115
1
498
1
89
1
126
1
94
1
319
1
89
1
178
1
93
1
127
1
227
1
74
1
106
1
88
1
272
1
145
1
499
1
459
1
77
1
91
1
76
1
66
1
129
1
101
1
34
1
12
1
659
1
601
1
251
1
142
1
324
1
471
1
78
1
259
1
90
1
630
2
1
1
178
1
214
1
22
1
35
1
23
1
55
1
182
1
1
2
452
1
115
1
146
1
167
1
286
1
452
1
206
1
454
1
11
1
67
1
12
1
593
1
42
1
94
1
622
1
21
1
154
1
301
1
309
1
115
1
227
1
510
1
210
1
260
2
87
2
88
1
159
1
377
1
397
1
150
1
171
1
639
1
245
1
488
1
250
1
46
1
212
1
24
1
305
1
69
1
22
1
12
1
11
1
123
1
45
1
100
1
339
1
7
1
51
1
10
1
240
1
12
1
43
1
203
1
90
1
184
1
273
1
262
1
432
1
591
1
149
1
185
1
451
1
10
1
58
1
708
1
79
1
56
1
810
1
661
1
80
1
231
1
68
1
33
1
34
1
358
1
418
1
79
1
77
1
513
1
45
1
66
1
12
1
247
1
205
1
437
1
557
1
159
1
169
1
154
1
471
1
477
1
69
1
262
1
887
1
168
1
254
1
138
1
1259
1
204
1
195
1
486
1
472
1
78
1
489
1
566
1
394
1
324
1
357
1
47
1
53
1
182
1
245
1
139
1
255
1
169
1
395
1
94
1
69
1
414
1
165
1
122
1
11
1
837
1
104
1
384
1
78
1
252
1
400
1
305
1
150
1
79
1
103
1
337
1
196
1
10
1
104
1
407
1
320
1
150
1
532
1
160
1
103
1
65
1
916
1
242
1
316
1
143
1
270
1
241
1
58
1
328
1
487
1
194
1
55
1
23
1
171
1
41
1
125
1
103
1
101
1
488
1
1120
1
777
1
79
1
206
1
142
1
309
1
330
1
104
1
91
1
703
1
270
1
949
1
139
1
169
1
486
1
217
1
55
1
170
1
168
1
55
1
402
1
11
1
236
1
67
1
261
1
974
1
240
1
431
1
67
1
219
1
75
1
273
1
101
1
126
1
33
1
169
1
105
1
394
1
670
1
150
1
140
1
247
1
257
1
385
1
593
1
242
1
339
1
643
1
63
1
329
1
402
1
92
1
51
1
1099
1
79
1
113
1
156
1
104
1
327
1
223
1
76
1
154
1
331
1
399
1
421
1
798
1
1070
1
56
1
10
1
271
1
216
1
241
1
91
1
156
1
549
1
11
1
13
1
143
1
468
1
116
1
42
1
363
1
90
1
173
1
55
1
23
1
284
1
418
1
141
1
797
1
79
1
155
1
192
1
240
1
83
1
395
1
89
1
228
1
402
1
89
1
88
1
419
1
408
1
216
1
490
1
104
1
224
1
139
1
23
1
67
1
171
1
500
1
140
1
245
1
65
1
25
1
90
1
286
1
80
1
588
1
83
1
762
1
23
1
148
2
154
1
731
1
91
2
180
1
537
1
273
1
211
1
90
1
261
1
169
1
181
1
616
1
104
1
75
1
312
1
239
1
500
1
33
1
670
1
58
1
172
2
76
1
511
1
25
1
429
1
354
1
72
1
55
1
235
1
104
1
89
1
311
1
229
1
714
1
91
1
481
1
1
1
131
1
23
1
77
1
195
1
243
1
120
1
13
1
507
1
180
1
120
1
66
1
12
1
53
1
375
1
299
1
146
1
730
1
729
1
774
1
456
1
388
1
878
1
12
1
723
1
14
1
248
1
166
1
258
1
135
1
52
1
350
1
484
1
248
1
90
1
76
1
180
1
461
1
349
1
264
1
718
1
116
1
649
1
67
1
1608
1
261
1
488
2
596
1
212
2
156
1
246
1
180
1
104
1
104
1
13
1
809
1
407
1
90
1
297
1
12
1
408
1
456
1
24
1
79
1
65
1
558
1
11
1
12
1
761
1
274
1
626
1
737
1
27
1
873
1
339
1
180
1
222
1
773
1
22
1
1633
1
80
1
66
1
12
1
649
1
865
1
729
1
172
1
260
1
360
1
544
1
1874
1
272
1
274
1
272
1
22
1
12
1
43
1
23
1
12
1
66
1
353
1
389
1
784
1
717
1
354
1
1471
1
244
1
181
1
1
2
170
1
181
1
276
1
546
1
65
1
12
1
259
1
628
1
445
1
364
1
573
1
1765
1
571
1
67
1
78
1
645
1
159
1
467
1
87
2
370
1
76
1
478
1
80
1
891
1
78
1
625
1
91
1
637
1
24
1
81
1
52
1
676
1
53
1
12
1
341
1
640
1
717
1
654
1
68
1
103
1
78
1
93
1
346
1
2
1
540
1
624
1
93
1
347
1
104
1
526
1
469
1
810
1
247
1
401
1
238
1
1514
1
1258
1
236
1
407
1
165
1
234
1
65
1
67
1
1162
1
445
1
661
1
798
1
341
1
733
1
168
1
375
1
265
1
574
1
408
1
258
1
11
1
117
1
94
1
79
1
875
1
91
1
559
1
774
1
36
1
875
1
14
1
715
1
94
1
76
1
810
1
522
1
194
1
818
1
13
1
154
1
12
1
270
1
185
1
68
1
194
1
438
1
358
1
439
1
12
1
105
1
68
1
103
1
169
1
455
1
914
1
1503
1
184
1
1071
1
568
1
154
1
103
1
180
1
616
1
77
1
311
1
68
1
170
1
181
1
180
1
76
1
291
1
648
1
1492
1
172
1
901
1
104
1
638
1
962
1
206
1
165
1
708
1
368
1
103
1
78
1
363
1
1073
1
23
1
67
1
351
1
445
1
730
1
717
1
104
1
1705
1
638
1
148
1
465
1
206
1
254
1
63
1
572
1
237
1
90
1
641
1
91
1
1356
1
79
1
705
1
753
1
832
1
954
1
92
1
64
1
376
1
126
1
242
1
77
1
91
1
74
1
322
1
44
1
183
1
440
1
811
1
139
1
55
1
2326
1
262
1
565
1
10
1
343
1
245
1
278
1
34
1
80
1
613
1
33
1
1481
1
126
1
149
1
169
1
182
1
273
1
46
1
149
1
704
1
444
1
377
1
741
1
55
1
919
1
507
1
210
1
172
1
168
1
92
1
164
1
896
1
54
1
82
1
54
1
91
1
810
1
887
1
573
1
327
1
901
1
444
1
1105
1
361
1
37
1
201
1
605
1
1
1
66
1
1937
1
183
1
273
1
183
1
731
1
730
1
79
1
888
1
259
1
326
1
162
1
247
1
76
1
309
1
595
1
272
1
355
1
1066
1
209
1
252
1
257
1
299
1
236
1
15
1
74
1
355
1
126
1
773
1
90
1
272
1
91
1
1172
1
45
1
80
1
65
1
12
1
652
1
211
1
192
1
184
1
80
1
55
1
385
1
424
1
136
1
1058
1
273
1
139
1
320
1
258
2
534
1
446
1
545
1
536
1
181
1
91
1
465
1
11
1
337
1
288
1
91
1
11
1
146
1
193
1
180
1
76
1
13
1
357
1
91
1
464
1
93
1
797
1
328
1
180
1
218
1
947
1
822
1
260
1
90
1
308
1
69
1
431
1
326
1
1026
1
180
1
482
1
55
1
11
1
518
1
96
1
820
1
2453
1
241
1
544
1
80
1
747
1
22
1
241
1
718
1
262
1
796
1
270
1
127
1
69
1
1139
1
493
1
497
1
446
1
593
1
124
1
545
1
103
1
524
1
90
1
918
1
242
1
695
1
1
1
214
1
168
1
103
1
321
1
21
1
10
1
116
1
79
1
425
1
357
1
362
1
195
1
10
1
879
1
11
1
79
1
12
1
78
1
556
1
93
1
509
1
230
1
69
1
907
3
52
1
23
1
260
1
91
1
203
1
334
1
638
1
430
1
89
1
103
1
266
1
63
1
1325
1
56
1
80
1
338
1
642
1
348
1
937
1
12
1
214
1
363
1
90
1
648
1
375
1
80
1
79
1
168
1
366
1
113
1
239
1
167
1
14
1
180
1
206
1
56
1
707
1
10
1
22
1
80
1
247
1
366
1
56
1
774
1
330
1
272
1
217
1
973
1
679
1
42
1
444
1
242
1
78
1
123
1
25
1
633
1
24
2
282
1
103
1
91
1
316
1
58
1
93
1
415
1
241
1
70
1
727
1
35
1
729
1
32
1
137
1
24
1
78
1
580
1
69
1
236
1
90
1
90
1
366
1
11
1
171
1
680
1
66
1
67
1
11
1
93
1
243
1
394
1
42
1
614
1
206
1
273
1
550
1
565
1
217
1
104
1
499
1
70
1
224
1
363
1
1086
1
91
1
441
1
289
1
337
1
351
2
112
1
169
1
25
1
166
1
90
1
228
1
310
1
423
1
63
1
584
1
73
1
235
1
31
1
22
1
824
1
505
1
127
1
23
1
70
1
877
1
156
1
457
1
716
1
126
1
333
1
257
1
569
1
499
1
71
1
54
1
170
1
92
1
395
1
23
1
58
1
55
1
260
1
181
1
163
1
191
1
24
1
1540
1
314
1
481
1
251
1
476
1
57
1
182
1
350
1
91
1
288
1
677
1
25
1
123
1
519
1
293
1
312
1
320
1
880
1
24
1
67
1
416
1
218
1
332
1
77
1
422
1
126
1
182
1
348
1
461
1
487
1
786
1
94
1
760
1
21
1
42
1
433
1
166
1
140
1
104
1
46
1
313
1
191
1
12
1
209
1
239
1
245
1
241
1
58
1
68
1
23
1
79
1
555
1
10
1
230
1
168
1
12
1
536
1
78
1
103
1
443
1
195
1
78
1
534
1
21
1
22
1
764
1
10
1
172
1
13
1
518
1
182
1
20
1
351
1
12
1
257
1
209
1
81
1
66
1
78
1
11
1
488
1
12
1
567
1
255
1
101
1
272
1
492
1
575
1
221
1
44
1
194
1
499
1
58
1
11
1
693
1
704
1
151
1
45
1
521
1
203
1
125
1
330
1
888
1
180
1
103
1
33
1
69
1
408
1
167
1
163
1
13
1
645
1
150
1
139
1
339
1
317
1
12
1
57
1
727
1
138
1
274
1
362
1
116
1
238
1
639
1
337
1
422
1
53
1
182
1
594
1
191
1
194
1
63
1
116
1
422
1
11
1
582
1
136
1
557
1
32
1
70
1
81
1
520
1
81
1
207
1
234
1
410
1
413
1
547
1
65
1
1435
1
65
1
57
1
23
1
80
1
565
1
12
2
68
1
136
1
12
1
169
1
244
1
108
1
101
1
105
1
633
1
93
1
227
1
362
1
162
1
44
1
56
1
24
1
157
1
511
1
23
1
116
1
143
1
457
1
457
1
384
1
69
1
1718
1
147
1
34
1
465
1
173
1
250
1
91
1
261
1
65
1
71
1
292
1
102
1
389
1
161
1
168
1
796
1
1372
1
78
1
706
1
660
1
239
1
12
1
596
1
94
2
281
1
37
1
165
1
239
1
70
1
306
1
105
1
326
1
71
1
305
1
1244
1
1019
1
635
1
251
1
257
1
185
1
854
1
57
1
79
1
12
1
170
1
919
1
256
1
95
1
329
1
206
1
399
1
44
1
24
1
80
1
587
1
469
1
627
1
167
1
390
1
600
1
277
1
822
1
729
1
327
1
417
1
128
1
32
1
718
1
265
1
75
1
492
1
576
1
161
1
775
1
35
1
798
1
1015
1
580
1
35
1
21
1
24
1
405
1
181
1
94
1
127
1
802
1
21
1
80
1
522
1
137
1
184
1
202
1
424
1
67
1
23
1
44
1
339
1
77
1
299
1
24
1
68
1
249
1
395
1
207
1
373
1
526
1
180
1
641
1
77
1
103
1
283
1
820
1
82
1
724
1
612
1
103
1
333
1
601
1
12
1
115
1
22
1
225
1
191
1
393
1
145
1
12
1
257
1
228
1
24
1
1829
1
154
1
284
1
148
1
23
1
365
1
341
1
101
1
23
1
599
1
167
1
298
1
511
1
36
1
115
2
144
1
168
1
308
1
139
1
259
1
378
1
136
1
69
1
250
1
383
1
10
1
491
1
285
1
56
1
273
1
500
1
22
1
24
1
22
1
750
1
798
1
35
1
285
1
167
1
365
1
65
2
102
1
43
1
443
1
123
1
81
1
25
1
56
1
1023
1
295
1
148
1
70
1
715
1
26
1
361
1
270
1
176
1
44
1
750
1
13
1
10
1
22
1
890
1
247
1
493
1
238
1
533
1
64
1
35
1
68
1
137
1
154
1
12
1
263
1
41
1
81
1
25
1
564
1
255
1
284
1
76
1
13
1
399
1
203
1
538
1
632
1
12
1
104
1
58
1
44
1
68
1
532
1
447
1
181
1
329
1
140
1
65
1
349
1
312
1
43
1
728
1
100
1
206
1
76
1
478
1
13
1
55
1
605
1
63
1
300
1
167
1
401
1
11
1
229
1
568
1
753
1
44
1
11
1
123
1
375
1
310
1
226
1
167
1
484
1
669
1
58
1
43
1
829
1
46
1
159
1
168
1
142
1
313
1
249
1
77
1
12
1
264
1
181
1
182
1
509
1
59
1
576
1
139
1
684
1
162
1
44
1
497
1
104
1
183
1
79
1
182
1
535
1
845
1
238
1
597
1
82
1
329
1
52
1
835
1
90
1
1017
1
499
1
720
1
90
1
459
1
168
1
396
1
36
1
113
1
93
1
153
1
14
1
256
1
209
1
822
1
238
1
515
1
324
1
245
1
798
1
104
1
113
1
591
1
299
1
160
1
259
1
90
1
90
1
705
1
735
1
522
1
26
1
334
1
218
1
69
1
763
1
70
1
238
1
166
1
348
1
245
1
339
1
171
1
205
1
236
1
66
1
990
1
460
1
548
1
34
1
501
1
213
1
35
1
272
1
361
1
986
1
45
1
67
1
170
1
348
1
139
1
11
1
884
1
308
1
137
1
292
1
242
1
352
1
53
1
405
1
427
1
164
1
67
1
69
1
54
1
90
1
337
1
117
1
20
1
104
1
23
1
33
1
262
1
406
1
82
1
715
1
23
1
58
1
11
1
786
1
11
1
123
1
602
1
11
1
71
1
213
1
284
1
750
1
352
1
275
1
155
1
103
1
887
1
289
1
12
1
212
1
420
1
93
1
151
1
52
1
605
1
137
1
168
1
365
1
353
1
455
1
126
1
56
1
681
1
11
1
59
1
43
1
919
1
10
1
260
1
469
1
432
1
64
1
243
1
13
1
55
1
81
1
77
1
65
1
282
1
370
1
144
1
101
1
12
1
328
1
222
1
52
1
11
1
12
1
497
1
1018
1
590
1
47
1
79
1
616
1
53
1
34
1
59
1
213
1
547
1
51
1
24
2
43
1
102
1
524
1
627
1
224
1
48
1
761
1
106
1
465
1
193
1
331
1
104
1
75
1
318
1
164
1
797
1
66
1
12
1
336
1
207
1
160
1
363
1
295
1
45
1
35
1
23
1
213
1
12
1
167
1
442
1
56
1
263
1
42
1
89
1
89
1
35
1
946
1
153
1
159
1
496
1
83
1
1273
1
565
1
166
1
719
1
180
1
216
1
138
1
753
1
238
1
90
1
383
1
319
1
89
1
47
1
1193
1
10
1
96
1
475
1
64
1
108
1
63
1
222
1
260
1
326
1
196
1
613
1
858
1
866
1
24
1
693
1
34
1
848
1
308
1
90
1
167
1
187
1
113
1
972
1
431
1
41
1
21
1
117
1
338
1
719
1
193
1
367
1
741
1
11
1
226
1
466
1
56
1
1
1
466
1
75
1
241
1
35
1
116
1
1089
1
244
1
278
1
22
1
844
1
10
1
284
1
263
1
63
1
953
1
159
1
347
1
125
1
243
1
636
1
11
1
421
1
305
1
36
1
57
1
134
1
274
1
316
1
567
1
842
1
91
1
252
1
21
1
946
1
205
1
91
1
235
1
208
1
91
1
92
1
351
1
701
1
221
1
147
1
90
1
258
1
105
1
288
1
340
1
341
1
796
1
46
1
943
1
54
1
260
1
265
1
51
1
480
1
318
1
48
1
102
1
79
1
353
1
235
1
141
1
43
1
697
1
55
1
248
1
182
1
183
1
90
1
445
1
340
1
378
1
465
1
94
1
52
1
569
1
10
1
149
1
259
1
531
1
240
1
34
1
522
1
26
1
100
1
33
1
432
1
411
1
281
1
166
1
383
1
271
1
194
1
229
1
113
1
272
1
64
1
138
1
33
1
82
1
399
1
271
1
196
1
54
1
557
1
103
1
23
1
32
1
36
1
66
1
168
1
432
1
896
1
275
1
111
1
101
1
205
1
172
1
126
1
32
1
103
1
383
1
105
1
753
1
148
1
10
1
612
1
15
1
54
1
501
1
90
1
217
1
11
1
798
1
396
1
401
1
11
1
229
1
508
1
286
1
180
1
167
1
167
1
129
1
238
1
135
1
721
1
258
1
134
1
70
1
23
1
543
1
171
1
48
1
185
1
143
1
514
1
70
1
509
1
252
1
821
1
157
1
25
1
421
1
158
1
934
1
439
1
167
1
59
1
182
1
535
1
49
1
30
1
113
1
136
1
374
1
92
1
136
1
70
1
21
1
21
1
193
1
91
1
303
1
10
1
82
1
398
1
1095
1
344
1
718
1
65
1
102
1
270
1
197
1
821
1
68
1
66
1
193
1
682
1
65
1
182
1
53
1
113
1
368
1
12
1
752
1
21
1
730
1
417
1
251
1
59
1
46
1
204
1
465
1
43
1
222
1
521
1
1085
1
245
1
331
1
22
1
59
1
44
1
873
1
45
1
10
1
327
1
239
1
174
1
113
1
397
1
81
1
90
1
148
1
124
1
246
1
322
1
149
1
92
1
63
1
284
1
195
1
68
1
104
1
64
1
168
1
309
1
115
1
33
1
195
1
166
1
341
1
59
1
1037
1
361
1
185
1
79
1
104
1
348
1
203
1
203
1
68
1
104
1
155
1
13
1
52
1
310
1
91
1
93
1
53
1
67
1
125
1
354
1
56
1
309
1
153
1
218
1
229
1
193
1
257
1
209
1
787
1
79
1
196
1
624
1
351
1
180
1
208
1
786
1
79
1
530
1
217
1
112
1
159
1
13
1
155
1
66
1
198
1
111
1
21
1
69
1
93
1
211
1
423
1
23
1
57
1
80
1
324
1
103
1
333
1
204
1
561
1
158
1
1253
1
195
1
65
1
90
1
523
1
129
1
429
1
89
1
125
1
488
1
180
1
342
1
81
1
249
1
142
1
24
1
83
1
69
1
529
1
380
1
115
1
246
1
77
1
299
1
92
1
134
1
114
1
92
1
152
1
268
1
46
1
65
1
259
1
90
1
90
1
232
1
382
1
180
1
107
1
20
1
409
1
1096
1
124
1
36
1
192
1
678
1
184
1
249
1
549
1
144
1
247
1
119
1
147
1
44
1
316
1
652
1
91
1
547
1
13
1
159
1
165
1
389
1
329
1
183
1
273
1
10
1
11
1
162
1
647
1
727
1
150
1
66
1
804
1
183
1
55
1
66
1
11
1
223
1
70
1
503
1
90
1
91
1
310
1
473
1
148
1
59
1
21
1
93
1
497
1
230
1
69
1
67
1
78
1
349
1
289
1
327
1
24
1
252
1
41
1
847
1
204
1
1147
1
297
1
69
1
63
1
148
1
24
1
21
1
227
1
468
1
66
1
12
1
156
1
90
1
1699
1
104
1
31
1
48
1
21
1
22
1
11
1
568
1
355
1
649
1
92
1
341
1
165
1
383
1
510
1
205
1
338
1
365
1
396
1
615
1
24
1
111
1
490
1
250
1
23
1
261
1
1129
1
139
1
553
1
10
1
70
1
125
1
569
1
54
1
14
1
193
1
12
1
155
1
270
1
266
1
35
1
145
1
270
1
195
1
32
1
82
1
11
1
69
1
132
1
26
1
75
1
612
1
716
1
47
1
249
1
23
1
259
1
380
1
647
1
229
1
325
1
744
1
183
1
207
1
67
1
65
1
103
1
90
1
90
1
236
1
300
1
603
1
114
1
258
1
413
1
473
1
237
1
80
1
126
1
22
1
843
1
214
1
124
1
90
1
616
1
104
1
886
1
164
1
136
1
509
1
434
1
180
1
401
1
34
1
463
1
206
1
21
1
324
1
717
1
335
1
227
1
240
1
294
1
354
1
1128
1
34
1
424
1
739
1
20
1
423
1
181
1
75
1
209
1
22
1
69
1
80
1
245
1
1118
1
175
1
235
1
270
1
448
1
270
1
419
1
35
1
44
1
731
1
798
1
134
1
25
1
335
1
165
1
77
1
22
1
194
1
349
1
93
1
20
1
186
1
121
1
206
1
375
1
174
1
77
1
166
1
330
1
466
1
320
1
243
1
154
1
193
1
184
1
54
1
221
1
76
1
90
1
384
1
214
1
80
1
327
1
216
1
186
1
43
1
363
1
683
1
481
1
443
1
90
1
92
1
53
1
275
1
1002
1
77
1
300
1
92
1
247
1
90
1
458
1
169
1
653
1
156
1
181
1
89
1
89
1
113
1
40
1
129
1
180
1
193
1
354
1
159
1
1428
1
297
1
258
1
273
1
10
1
159
1
14
1
413
1
173
1
71
1
486
1
323
1
136
1
555
1
10
1
245
1
258
1
89
1
89
1
630
1
178
1
112
1
40
1
108
1
76
1
240
1
169
1
456
1
171
1
168
1
296
1
331
1
259
1
147
1
16
1
439
1
24
1
328
1
83
1
281
1
389
1
54
1
195
1
180
1
562
1
78
1
260
2
328
1
35
1
35
1
69
1
248
3
253
1
107
1
43
1
58
1
847
1
91
1
104
1
91
1
489
1
204
1
56
1
22
1
146
1
503
1
81
1
314
1
14
1
201
1
103
1
162
1
157
1
235
1
171
1
139
1
11
1
328
1
90
1
706
1
12
1
65
1
101
1
14
1
146
1
219
1
260
1
549
1
260
1
456
1
519
1
489
1
515
1
52
1
388
1
193
1
525
1
102
1
812
1
314
1
151
1
214
1
204
1
90
1
147
1
663
1
123
1
81
1
68
1
11
1
134
1
500
1
22
1
297
1
12
1
464
1
345
1
688
1
46
1
10
1
182
1
247
1
322
1
294
1
24
1
513
1
10
1
272
1
91
1
224
1
107
1
191
1
78
1
409
1
21
1
128
1
237
1
204
1
65
1
172
1
47
1
185
1
490
1
51
1
92
1
798
1
173
1
245
1
342
1
140
1
985
1
516
1
144
1
68
1
91
1
66
1
11
1
44
1
46
1
332
1
282
1
662
1
160
1
53
1
388
1
31
1
10
1
232
1
171
1
153
1
12
1
1270
1
78
1
245
1
26
1
251
1
377
1
330
1
373
1
690
1
173
1
291
1
21
1
278
1
56
1
214
1
103
1
479
1
135
1
11
1
169
1
410
1
217
1
66
1
502
1
93
1
393
1
472
1
604
1
137
1
31
1
206
1
362
1
91
1
185
1
1554
1
22
1
68
1
12
1
43
1
101
1
12
1
1183
1
173
1
147
1
90
1
66
1
640
1
11
1
13
1
131
1
665
1
245
1
103
1
447
1
363
1
287
1
251
1
511
1
46
1
506
1
303
1
235
1
1399
1
92
1
79
1
65
1
78
1
25
1
479
1
32
1
34
1
145
1
11
1
66
1
78
1
219
1
20
1
185
1
67
1
78
1
627
1
184
1
167
1
76
1
13
1
237
1
82
1
138
1
77
1
65
1
282
1
106
1
102
1
253
1
579
1
137
1
348
1
1148
1
161
1
67
1
90
1
182
1
64
1
11
1
218
1
10
1
36
1
32
1
605
1
443
1
66
1
319
1
103
1
228
1
350
1
207
1
396
1
101
1
105
1
182
1
185
1
63
1
12
1
167
1
538
1
452
1
149
1
47
1
340
1
387
1
255
1
437
1
247
1
16
1
52
1
22
1
81
1
32
1
125
1
77
1
91
1
76
1
229
1
675
1
181
1
183
1
169
1
76
1
196
1
136
1
57
1
12
1
145
1
876
1
106
1
73
1
299
1
68
1
24
1
668
1
59
1
82
1
64
1
812
1
257
1
76
1
13
1
205
1
10
1
164
1
155
1
167
1
14
1
363
1
30
1
112
1
499
1
245
1
146
1
54
1
102
1
525
1
194
1
169
1
76
1
66
1
129
1
90
1
33
1
11
1
113
1
24
1
313
1
116
1
300
1
143
1
259
1
323
1
229
1
485
1
82
1
498
1
367
1
13
1
337
3
91
1
88
1
113
1
10
1
229
1
182
2
483
1
192
1
103
1
12
1
67
1
223
1
332
1
161
1
159
1
168
1
285
1
22
1
80
1
44
1
114
1
171
1
282
1
10
1
47
1
112
1
91
1
66
1
104
1
166
1
185
1
58
1
54
1
659
1
94
1
43
1
56
1
614
1
126
1
11
1
225
1
114
1
306
1
11
1
150
1
12
1
392
1
368
1
883
1
92
1
319
1
53
1
10
1
288
1
125
1
55
1
24
1
212
1
114
1
52
1
268
1
55
1
171
1
433
1
623
1
299
1
45
1
695
1
11
1
216
1
92
1
153
1
78
1
25
1
445
1
435
1
52
1
175
1
236
1
396
1
94
1
68
1
54
1
194
1
90
1
63
1
26
1
271
1
237
1
832
1
569
1
126
1
135
1
798
1
902
1
245
1
12
1
312
1
67
1
492
1
73
1
81
1
45
1
116
1
402
1
232
1
93
1
633
1
11
1
232
1
64
1
104
1
90
1
655
1
261
1
295
1
103
1
81
1
43
1
115
1
143
1
11
1
90
1
135
1
186
1
612
1
185
1
293
1
24
1
615
1
103
1
433
1
831
1
317
1
24
1
90
1
481
1
146
1
272
1
213
1
70
1
988
1
10
1
659
1
412
1
43
1
100
1
230
1
21
1
242
1
78
1
144
1
425
1
318
1
561
1
53
1
639
1
327
1
309
1
409
1
101
1
104
1
422
1
450
1
11
1
127
1
335
1
75
1
406
1
129
1
315
1
1163
1
112
1
80
1
92
1
419
1
134
1
162
1
330
1
53
1
22
1
346
1
831
1
35
1
68
1
79
1
76
1
90
1
328
1
36
1
33
1
81
1
212
1
101
1
105
1
89
1
956
1
59
1
81
1
160
1
611
1
121
1
114
1
340
1
91
1
341
1
835
1
143
1
194
1
134
1
323
1
65
1
447
1
79
1
297
1
141
1
415
1
67
1
442
1
540
1
487
1
683
1
54
1
36
1
68
1
668
1
111
1
160
1
103
1
248
1
91
1
308
1
113
1
499
1
266
1
158
1
64
1
411
1
46
1
115
1
65
1
13
1
170
1
341
1
79
1
785
1
137
1
263
1
325
1
300
1
475
1
10
1
151
1
428
1
288
1
737
1
111
1
319
1
23
1
261
1
308
1
319
1
167
1
125
1
411
1
14
1
639
1
591
1
79
1
205
1
154
1
103
1
378
1
79
1
170
1
874
1
331
1
151
1
428
1
288
1
340
1
180
1
430
1
14
1
53
1
11
1
237
1
366
1
170
1
442
1
206
1
228
1
10
1
11
1
169
1
92
1
75
1
312
1
673
1
79
1
680
1
245
1
166
1
155
1
219
1
343
1
348
1
138
1
22
1
14
1
169
1
463
1
105
1
523
1
1
3
86
2
88
1
73
