0
240578
1
59130
1
35638
1
73710
1
13769
1
14578
1
810
1
7289
1
6478
1
810
1
6478
1
21869
1
810
1
13769
1
166855
2
153902
1
51834
1
809
1
21058
1
16201
1
6481
1
808
1
6480
1
805
1
5675
1
2424
1
1
1
6480
1
6479
1
809
1
5664
1
1621
1
4953
1
3147
1
8098
1
3331
1
1524
1
1624
1
4139
1
3145
1
1621
2
2520
1
3959
1
807
1
2522
1
3149
1
1616
1
2523
1
2332
1
6
1
2425
1
1
1
4854
1
6
1
2427
1
2424
1
2429
1
1625
1
807
2
2518
1
1525
1
4862
1
3
1
1708
1
4770
1
1628
1
5660
1
1704
1
94
1
717
1
1524
1
1620
1
4143
1
3151
1
2425
1
1711
1
5577
1
822
1
889
1
10440
1
3324
1
3147
1
816
1
2426
1
1
1
896
1
3146
1
1626
1
805
1
811
1
897
1
93
1
717
1
811
1
8002
1
4051
1
1634
1
76
1
6476
1
94
1
716
1
13861
1
1531
1
3143
1
2613
1
641
1
6477
1
7290
1
8175
1
1
2
6399
1
2414
1
4952
1
1622
1
5588
1
888
1
7288
1
2336
1
1620
1
2427
1
826
1
888
1
5573
1
997
1
716
1
6384
1
91
1
95
1
716
1
5852
1
531
1
15
1
75
1
717
1
13
1
79
2
2335
1
3254
1
811
1
791
1
14
1
77
4
1
1
726
1
808
1
4052
1
1602
1
14
1
77
2
730
1
809
1
4940
1
714
1
809
1
809
1
4954
1
2334
1
4141
1
1623
1
1523
1
13054
1
5589
1
793
1
16
1
74
1
812
1
5590
1
810
1
886
1
2336
1
1620
1
1633
1
261
1
548
1
792
1
93
1
5761
1
91
1
548
1
74
1
731
2
77
2
715
1
14
1
807
1
1
1
808
2
3316
1
717
1
17
1
803
1
2
1
77
5
1538
1
1618
1
3225
1
16
1
1602
1
809
1
809
1
2523
2
2431
1
1522
1
3240
1
902
1
1622
1
1522
1
2430
1
1805
1
717
1
7211
1
74
3
811
1
5589
1
792
1
6496
1
980
1
716
1
3956
1
1634
1
73
1
1528
1
92
3
6402
1
169
1
714
3
714
1
12
2
808
1
1
1
809
1
795
1
13
1
2414
1
186
1
714
1
729
1
1
1
78
4
1539
1
3225
1
12
1
1
1
793
1
94
1
631
1
178
1
1523
1
3239
1
904
1
2334
1
809
1
809
1
809
1
10622
1
1
1
7284
1
810
2
3147
1
4048
1
95
1
811
1
2332
1
3256
1
169
1
535
2
6582
1
704
2
895
1
92
2
7288
2
1
1
713
1
2444
1
809
1
796
1
13
1
2425
2
79
2
2
1
724
1
1
1
795
1
825
1
1617
1
2
1
8897
1
14581
1
14574
2
8910
1
809
1
13770
1
2429
1
3239
1
809
1
2430
1
809
1
3331
1
9628
1
806
2
6481
1
6473
1
815
1
1615
1
15389
1
4864
1
3235
1
1
1
4051
1
802
1
8106
1
3323
2
716
1
5675
1
1710
1
3144
1
1621
1
2
1
1629
1
889
1
7286
4
3954
1
1621
1
805
1
5677
1
1625
1
7288
1
810
1
7275
1
822
2
77
1
2
1
2335
1
3238
1
824
1
82
1
711
1
903
1
4781
3
72
1
733
1
81
1
1535
2
77
1
4780
1
1
1
75
1
730
1
78
1
730
1
797
1
94
1
808
1
4137
1
2344
1
5584
1
797
1
14
1
2
1
887
1
12327
2
2
1
622
1
730
1
813
1
81
1
5759
1
2335
1
4949
2
1434
1
16
1
79
1
805
1
731
1
4217
1
2
1
1530
1
1536
1
1
1
3497
1
1
3
2248
1
808
1
729
1
78
1
715
1
4066
1
808
1
79
1
808
1
729
1
4941
1
808
1
724
1
813
1
887
1
2608
1
719
1
1528
1
732
2
1699
1
4141
1
2257
2
76
1
810
1
2362
1
78
1
73
1
182
3
625
1
718
1
95
1
2260
1
806
3
77
1
2
1
2694
1
1443
1
2255
1
4
1
805
1
82
1
728
2
1629
1
78
1
347
1
2
2
86
2
88
2
89
2
1078
3
2259
1
74
1
813
1
727
1
79
2
2070
2
86
1
1
1
87
1
2
1
359
1
715
2
2262
1
1697
1
730
1
819
1
153
1
363
1
1
2
86
1
2
1
86
1
2
1
1076
1
635
1
798
1
97
1
729
1
78
1
2349
1
820
1
77
1
256
1
91
1
90
3
87
3
87
1
1
1
3339
1
78
1
805
1
810
1
732
1
78
1
819
2
164
1
184
2
3609
1
78
1
1616
1
811
1
1078
2
1435
1
2265
1
78
1
1537
1
890
1
818
1
258
1
360
2
111
1
79
1
73
1
94
1
716
1
1435
1
822
1
3250
1
247
1
182
4
176
3
86
1
3
1
109
1
247
1
544
1
171
1
813
1
3877
1
78
1
739
1
523
1
89
1
445
1
4599
1
2148
1
89
1
89
1
112
1
80
1
165
1
1437
1
94
2
622
1
3333
1
1077
1
3699
1
2511
1
818
1
812
1
261
1
2963
1
3870
1
108
1
82
1
261
1
624
1
5849
1
180
1
633
2
1277
1
794
1
12
1
1693
1
804
1
4
1
1974
1
463
1
1538
1
156
1
1
1
1434
1
1717
1
809
1
1435
1
191
1
806
2
83
1
643
1
3
1
4121
1
1255
1
178
1
192
1
2510
1
634
1
175
1
1444
1
1969
1
269
1
200
1
249
1
813
1
2163
1
175
1
713
1
1528
1
898
1
12
1
349
1
629
1
94
1
468
1
80
1
168
1
1528
1
4225
1
470
1
342
1
467
1
83
1
166
1
1530
2
2255
1
1628
1
699
1
191
1
167
1
91
1
553
1
165
1
559
2
5286
1
179
1
89
1
543
3
459
1
165
1
1370
1
1606
1
2519
1
619
1
450
1
91
1
628
1
562
1
873
1
718
1
24
1
2497
1
1168
1
720
1
91
1
460
1
167
1
723
1
1457
1
875
1
1620
1
914
1
713
1
353
1
627
1
1
2
1369
1
3305
1
818
1
259
1
719
1
185
1
361
1
10
1
6
1
73
1
173
1
636
2
1526
1
79
1
3186
1
325
1
268
1
358
1
1448
1
16
1
154
1
717
1
92
1
811
1
809
1
808
1
1615
1
90
1
642
1
261
1
549
1
168
1
561
1
1777
1
635
1
174
1
809
1
635
1
172
1
1076
1
537
1
184
1
467
1
967
1
1622
1
812
1
1432
1
1006
1
433
1
449
1
185
1
266
4
104
1
1064
1
542
1
983
2
635
1
3317
1
12
1
351
1
90
3
86
4
85
1
922
1
806
1
970
2
2256
1
806
1
186
1
702
1
363
1
179
1
1007
1
5
1
964
1
626
1
3249
1
809
1
79
1
453
1
1257
1
1448
1
824
1
1594
1
818
1
10
1
878
1
729
1
23
1
957
1
811
1
1462
1
808
1
784
1
829
1
68
1
106
1
645
1
1
1
508
1
89
1
211
1
794
1
84
1
731
1
5
1
151
1
714
1
1555
1
2314
1
122
1
688
1
1888
1
2
1
2255
1
824
1
818
1
418
1
721
1
359
1
358
1
559
1
156
1
94
1
542
1
171
1
717
1
91
1
809
1
1619
1
663
1
326
1
179
1
88
1
281
1
168
1
452
1
106
1
157
1
653
1
251
1
542
1
889
1
91
1
809
1
2349
1
259
1
179
1
178
1
453
1
91
1
179
1
1007
1
250
1
543
1
2602
1
626
1
910
1
259
1
269
1
634
1
89
2
87
1
87
1
108
1
157
1
91
1
94
1
465
1
250
1
716
1
1621
1
810
4
807
3
1794
1
91
1
89
1
88
1
280
1
260
2
1277
1
156
1
1621
1
2
2
713
1
1548
1
175
1
622
1
91
1
811
1
167
1
92
1
1281
1
782
1
10
1
11
1
2
1
807
2
796
1
798
1
2161
1
369
1
168
1
91
1
719
1
563
1
965
1
2
1
649
1
1618
1
821
1
1614
1
147
1
90
1
91
1
549
1
3
1
166
1
2
1
1363
1
68
1
93
1
2269
1
1684
1
751
1
4
1
64
1
78
1
183
1
2099
1
774
1
2519
1
106
1
702
1
452
1
632
2
1273
1
15
1
65
1
2
1
1524
1
2441
1
432
1
177
1
88
1
86
1
10
1
25
1
53
1
275
1
270
1
87
1
83
1
10
1
79
1
718
1
10
1
12
1
66
1
718
1
10
1
79
1
91
1
637
1
79
1
2613
1
557
1
249
1
182
1
88
1
302
1
236
1
91
1
270
1
87
1
107
1
251
1
558
1
1685
1
3185
1
326
1
90
1
88
1
88
1
199
1
81
1
352
1
89
1
88
1
196
1
250
1
560
1
250
1
714
1
718
1
1540
1
170
1
1979
1
370
1
260
1
91
1
89
1
88
1
196
1
82
1
74
1
91
1
94
1
466
1
248
2
2976
1
798
1
1350
1
630
1
551
1
166
1
93
2
465
1
84
1
164
1
560
2
249
2
557
1
968
1
638
1
798
1
909
1
718
1
260
1
90
1
181
1
369
1
260
1
362
1
103
1
85
1
728
1
246
3
1369
1
161
1
646
2
160
1
623
1
183
3
660
1
322
1
359
1
1262
1
272
2
86
1
190
2
2506
1
2
1
807
2
1471
1
158
1
1064
1
269
1
450
1
93
2
177
1
1
1
275
1
1703
1
632
1
16
1
156
2
1445
1
11
1
67
1
914
1
523
1
123
2
415
1
179
1
214
1
326
1
92
2
176
1
2
1
85
1
122
1
236
1
639
3
887
1
660
1
3241
1
52
1
757
1
142
1
90
1
91
2
269
4
273
1
172
2
543
1
92
1
810
1
1
1
77
1
2
1
644
1
14
1
4013
1
3243
1
2
1
9808
1
1523
1
3242
1
2523
1
5576
1
6482
1
808
1
4853
1
3243
2
8995
2
5584
1
3324
1
3148
1
810
1
819
1
1618
1
1699
1
1528
1
2440
1
814
1
887
1
3957
1
1800
3
641
1
887
1
5761
1
621
1
17
1
887
2
6382
1
13
2
2
1
885
1
2
2
2332
1
1620
1
1629
1
171
1
642
2
806
1
82
1
5756
1
636
1
813
1
806
1
82
1
728
1
78
2
4136
1
645
1
1617
1
809
1
79
1
728
1
3410
1
641
1
889
1
808
1
1536
1
1
1
889
1
1525
1
993
1
634
1
5
1
890
1
1618
1
804
1
732
2
889
1
2517
1
2262
1
73
1
735
1
79
1
809
1
713
1
2611
1
2260
1
892
1
2334
1
1079
1
93
1
2886
1
813
1
77
1
3511
1
87
1
365
1
4055
1
2869
1
3685
1
734
1
75
1
2
1
728
1
1711
1
344
1
90
1
2
1
1163
1
5685
1
73
1
271
1
4
1
176
1
5035
1
824
2
77
2
819
1
346
1
93
1
90
1
87
1
1
1
1074
1
2
1
3066
1
810
1
83
1
729
1
895
1
263
1
84
1
2
1
87
3
88
3
88
3
3333
1
889
1
1542
1
82
1
814
1
3
1
254
1
4
1
85
1
1
1
628
1
6311
1
1
1
253
1
3
1
86
2
445
1
12
2
6920
1
287
1
1782
1
2256
1
890
1
730
1
1342
1
368
1
1697
1
3865
1
898
1
180
1
456
1
187
1
257
1
2
1
467
1
2496
1
2338
1
12
1
817
1
248
1
361
1
281
1
166
1
560
1
3
1
154
1
652
1
3307
1
1548
1
248
1
810
1
183
1
2783
1
3261
1
79
1
729
1
1624
1
806
1
1
1
64
1
3980
1
67
1
1551
1
81
2
731
1
2414
1
1700
1
738
1
175
1
1449
1
77
1
730
1
1683
1
3344
3
974
1
3
2
468
1
245
1
1
1
637
2
83
1
647
1
159
1
3054
1
1002
4
639
1
1614
1
82
1
727
1
2
1
967
1
625
1
2463
4
63
1
94
1
715
1
729
1
82
1
167
1
718
1
95
1
2151
1
2467
1
503
1
369
1
1625
1
168
1
4603
1
15
2
156
1
716
1
350
1
90
1
91
2
538
2
718
1
716
1
1463
1
158
1
2280
1
323
1
270
1
905
1
913
1
84
1
168
1
2178
1
160
1
1
1
648
1
1628
1
157
1
166
1
2174
2
169
2
1352
1
172
1
811
2
648
1
1
1
1627
1
324
1
1439
1
183
1
552
1
1534
1
160
1
811
2
714
1
1563
1
324
1
1082
1
541
3
549
1
723
1
1621
1
161
1
651
1
1629
1
322
1
1268
1
1713
1
77
1
1437
1
23
1
160
2
649
1
1
1
1879
1
72
1
270
1
278
1
92
2
348
1
299
1
865
1
183
1
1532
1
713
1
93
2
635
1
13
1
1694
1
185
2
714
1
2
1
74
1
273
1
91
2
88
1
116
1
66
1
262
2
454
1
901
1
3
1
890
1
650
1
157
1
650
1
874
1
832
1
727
1
328
1
90
1
90
1
90
1
89
4
91
1
91
1
811
1
728
1
252
1
1369
1
810
1
810
1
813
1
1048
1
452
1
95
1
91
1
355
1
1436
1
811
1
1526
1
717
1
1723
1
623
1
444
1
535
1
184
1
549
1
980
1
2178
1
158
1
912
1
973
1
395
1
507
1
628
1
549
1
4059
1
335
1
553
1
1251
2
536
1
548
1
170
1
1367
1
1621
1
1235
1
459
1
1435
2
447
3
477
1
795
1
3249
1
81
1
170
1
165
1
1081
1
813
1
263
1
1543
1
715
1
2450
1
1500
1
187
1
443
1
181
1
1000
1
805
1
1
1
714
1
1633
1
66
1
95
1
653
1
80
1
170
1
93
1
545
2
336
1
395
1
415
1
387
1
810
1
74
1
804
1
1704
1
646
1
162
1
999
1
469
1
413
1
180
1
371
1
258
1
2
1
389
1
240
1
541
1
10
1
159
1
1543
1
82
1
645
1
159
1
3
1
806
1
2
1
982
1
642
1
348
1
629
1
92
1
391
1
63
1
169
1
93
1
624
1
91
1
94
1
547
1
810
1
167
1
642
1
701
1
24
1
250
1
580
2
64
1
78
1
94
1
1879
1
299
1
1139
1
1434
1
92
1
534
1
1732
1
337
1
390
1
974
1
73
1
90
1
182
1
91
1
182
1
23
1
422
1
533
1
184
1
548
1
262
1
716
1
810
1
811
1
644
1
171
1
639
1
77
1
348
1
992
1
539
1
389
1
1
1
876
1
263
1
548
1
885
1
94
1
1388
1
493
1
629
1
270
1
901
1
175
1
363
1
92
1
1107
2
237
1
641
3
168
2
554
1
1642
1
1124
1
270
1
278
1
94
1
703
1
363
1
91
1
629
3
544
1
171
1
2
1
639
1
1695
1
1002
1
479
1
313
1
270
1
223
1
149
1
1067
1
91
1
91
1
181
1
837
1
793
1
12
1
1
1
66
1
811
2
886
1
669
1
496
1
900
1
294
1
76
1
76
1
271
1
312
1
316
1
91
4
383
1
245
1
1363
1
892
1
1
1
809
1
749
2
63
1
170
1
573
1
879
1
75
1
77
1
452
1
128
1
324
1
531
1
90
1
91
1
3
1
1364
1
892
1
810
2
746
2
134
1
287
1
883
1
379
1
4
1
516
1
288
1
249
1
491
1
231
1
570
1
874
1
706
1
833
1
81
1
77
1
656
1
96
1
157
1
567
1
1219
1
273
1
929
1
327
1
810
1
546
1
810
1
167
1
536
1
23
1
80
1
747
1
812
1
405
1
473
1
78
1
75
1
90
1
182
1
90
1
90
1
280
1
648
1
1044
1
93
1
810
1
453
1
94
1
166
1
560
1
81
1
988
1
570
2
494
1
299
1
161
1
886
1
276
1
624
1
811
1
548
1
716
1
11
1
82
1
260
1
549
1
166
1
93
1
553
1
171
1
346
1
223
1
67
1
78
1
95
1
1529
1
347
1
296
1
422
1
388
4
233
1
91
1
467
1
343
1
454
1
79
1
13
1
262
1
547
1
831
1
968
1
567
2
676
1
630
1
91
1
91
1
91
1
537
1
625
1
93
1
386
3
329
2
532
1
823
1
170
1
576
1
84
1
79
1
74
1
93
1
463
1
11
1
814
1
805
1
1
1
54
1
169
1
992
1
92
1
627
1
718
1
571
1
1
1
52
1
184
3
554
1
159
1
1722
1
636
1
79
1
1250
1
219
1
1
1
316
1
182
3
363
1
170
1
718
1
93
1
533
1
90
1
755
2
899
1
246
1
92
1
521
1
649
1
820
1
16
1
313
1
271
1
222
1
42
1
181
1
91
1
3
1
715
1
568
1
776
1
90
1
754
1
815
1
424
1
253
1
268
1
104
1
578
2
796
1
410
1
457
1
718
1
33
1
230
1
2177
1
12
1
981
1
349
1
305
2
124
1
821
1
259
1
377
1
33
1
1
1
55
1
83
1
528
1
199
1
156
1
584
1
2418
1
804
1
879
1
186
1
566
1
499
1
90
1
629
1
1527
1
810
1
1265
1
11
1
340
1
476
1
94
1
65
1
730
1
338
1
403
1
406
1
90
1
90
1
291
1
78
1
258
1
92
1
351
1
757
1
324
1
1256
1
363
1
549
1
259
1
476
1
94
1
875
1
349
1
89
1
89
1
201
1
727
1
84
1
77
1
885
1
90
1
93
1
389
2
1135
1
1279
1
67
1
12
1
725
1
105
1
80
1
1592
1
542
1
280
1
349
1
91
1
91
1
91
1
1255
1
716
1
94
1
715
1
549
1
77
1
90
1
91
1
570
1
251
1
462
1
11
1
68
1
810
1
428
1
312
2
69
1
335
1
90
1
90
1
90
1
629
1
92
1
625
1
627
1
90
1
94
1
387
3
64
1
1072
2
648
1
63
1
559
1
969
1
672
1
4
1
145
1
659
1
1
1
43
1
180
1
456
1
113
1
514
2
1071
1
33
1
332
2
715
1
741
1
731
1
701
1
21
1
961
1
705
1
635
1
93
1
35
1
134
1
181
1
90
1
92
2
363
1
889
1
91
1
810
1
590
3
66
1
80
1
63
1
593
1
2
1
69
1
1512
1
34
1
138
1
528
1
200
1
1
1
517
1
90
1
448
1
2
1
488
1
55
1
175
1
807
1
1397
1
3
1
66
1
65
1
14
1
351
1
179
1
129
1
67
1
157
1
717
1
168
1
560
1
158
1
451
1
128
1
13
1
56
1
3
1
426
1
1096
1
2465
1
148
1
441
1
202
1
16
1
66
1
2
1
739
1
573
1
1355
1
266
2
1
1
86
1
174
1
23
2
65
1
91
1
4
1
579
1
2423
1
10
1
71
1
145
1
593
1
487
1
276
1
183
1
440
1
184
1
35
1
68
1
79
1
259
1
811
1
373
1
1700
1
888
1
276
1
476
1
797
1
173
1
793
1
90
1
90
1
90
1
312
1
53
1
13
1
155
1
182
1
92
1
352
1
180
1
90
1
92
2
374
1
11
1
237
1
90
1
95
1
713
1
2192
1
54
1
672
1
83
1
64
1
529
1
131
1
812
1
67
1
337
1
91
1
461
1
350
1
282
1
432
2
1345
1
276
1
454
1
353
1
477
1
65
1
14
1
634
1
11
1
68
1
14
1
862
1
11
1
95
1
72
1
494
1
67
1
611
1
93
1
90
1
92
2
349
1
1111
2
1227
2
455
1
353
1
409
1
42
1
169
1
107
1
451
1
106
1
80
1
632
1
11
1
810
1
959
1
348
1
92
1
205
1
512
2
716
1
390
1
420
2
389
3
52
1
365
1
394
1
68
1
93
1
170
1
624
1
16
1
332
1
555
1
434
1
118
1
81
1
609
1
133
1
146
1
530
1
721
2
192
1
159
1
271
1
356
1
32
1
329
1
91
4
362
1
10
1
68
1
272
1
500
1
149
1
169
1
489
1
2
1
67
1
64
1
439
1
465
1
564
1
798
1
86
1
76
4
1154
1
90
1
92
2
126
1
866
1
261
1
627
1
183
2
496
1
69
1
80
1
532
1
702
1
236
1
228
1
579
1
303
1
490
1
12
1
140
2
525
1
629
1
181
1
448
1
3
1
487
1
55
1
981
1
576
1
11
1
151
1
168
1
183
1
178
1
450
1
252
1
219
1
84
3
158
1
163
1
1188
1
175
1
669
1
44
1
11
1
3
1
154
1
181
2
1
1
86
1
3
1
85
1
290
1
157
1
584
1
53
1
175
1
807
2
737
1
168
1
362
1
183
1
266
1
252
1
242
1
59
1
1317
1
372
3
255
1
89
1
179
1
117
1
10
1
47
1
545
2
87
1
358
1
579
1
811
1
1
1
773
1
355
1
454
1
889
1
1543
1
890
1
4043
1
94
1
1448
1
811
1
77
1
3965
1
2433
1
889
1
3146
1
991
1
1448
1
4037
1
1804
1
1445
1
814
1
807
2
77
1
811
1
5585
1
4
1
805
1
2
1
807
2
77
1
3
1
2333
1
818
1
172
1
1453
1
1614
1
78
1
731
1
83
1
727
2
79
1
2517
1
3864
1
97
1
809
1
727
2
888
1
712
1
828
1
163
1
3075
1
809
1
809
1
79
1
3140
1
182
1
1455
1
803
1
1621
1
813
1
897
1
74
1
273
1
630
1
1355
1
175
1
2256
1
2521
1
346
1
1987
1
3243
1
81
1
1628
1
164
1
273
1
1883
1
2523
1
730
1
1711
1
164
1
274
1
5123
1
824
2
898
1
346
1
4
1
177
2
1168
1
3066
1
1621
1
82
1
739
1
76
1
262
1
88
1
89
1
89
1
1166
1
2245
1
3266
1
334
1
5
1
174
1
90
1
2
1
88
2
5753
1
12
1
822
1
428
1
89
1
89
1
88
3
1885
1
2
2
3144
1
1555
1
242
1
95
1
84
1
271
1
1
1
983
1
906
1
4682
1
356
1
465
2
81
1
169
1
556
2
80
1
807
2
1701
1
2335
1
988
1
271
1
91
1
1
1
1817
4
967
1
3067
1
80
1
1440
2
354
1
90
1
94
1
626
1
562
1
5913
1
812
1
2154
1
25
1
160
2
3593
1
539
1
272
1
2
1
367
1
75
1
92
1
717
1
1464
1
3408
1
1160
1
88
1
447
1
3152
1
1444
1
886
1
1173
1
90
1
2
1
88
2
1087
3
724
1
877
1
718
1
24
1
970
2
1626
1
705
1
367
1
2964
1
1463
1
2224
1
631
3
2080
1
2348
1
1
1
155
1
717
1
95
1
1441
1
260
1
182
2
1345
1
1542
1
1
1
75
1
1463
1
1
1
2595
2
259
1
1437
1
1
1
1367
1
83
1
808
1
729
1
1
1
62
1
91
1
810
1
742
1
74
1
653
1
161
1
437
1
445
1
1454
1
2348
3
63
1
1644
1
514
1
214
2
159
1
344
1
90
1
91
2
263
1
181
1
550
1
811
1
2323
1
835
1
1069
3
531
1
79
1
753
1
1
1
144
1
364
3
628
2
546
1
170
1
640
1
2509
2
737
1
168
1
436
1
539
1
180
1
213
1
143
1
455
1
207
2
330
2
1342
1
3599
1
448
1
361
1
395
1
506
1
90
1
210
1
808
1
145
1
1460
1
2507
1
13
1
335
1
368
1
260
1
180
1
395
1
324
1
182
1
90
2
205
1
2
1
235
1
572
1
66
1
810
1
796
1
13
1
811
2
793
1
727
1
366
1
884
1
180
1
209
1
4
1
324
1
92
1
387
1
2
1
808
1
238
1
3148
1
1001
1
1280
1
806
1
1
1
1048
1
2
1
553
1
1597
1
104
1
77
1
734
1
734
1
341
1
471
1
686
1
121
1
158
2
647
2
864
1
90
1
96
1
1523
1
1449
1
834
1
75
1
811
1
608
1
930
1
1052
1
3066
1
746
1
5
1
402
1
389
1
1140
1
549
1
354
1
387
1
67
1
169
1
718
1
903
1
1367
1
159
1
737
1
263
3
1154
1
282
1
438
1
184
1
91
1
260
1
811
1
626
1
91
1
93
1
479
1
782
1
11
1
253
1
716
1
2970
1
538
1
812
1
534
1
184
1
717
1
545
1
25
1
67
1
171
1
1386
1
135
1
193
1
91
3
629
1
72
1
1268
1
534
1
1441
2
716
1
570
1
811
1
815
1
135
1
284
1
90
1
90
1
449
1
73
1
270
1
294
1
77
1
528
1
721
1
91
1
539
1
1436
1
717
1
92
1
1523
1
555
1
119
2
584
1
278
1
622
1
117
1
57
1
637
1
447
1
717
1
557
1
252
1
810
1
571
1
66
1
1440
1
265
1
732
1
155
1
901
1
183
2
89
1
181
1
1073
1
557
1
891
1
171
1
1389
1
65
1
533
1
89
1
996
1
1059
1
536
1
821
1
171
1
1622
2
1714
1
1438
1
442
1
369
1
2510
1
1
1
568
2
238
2
714
1
831
1
442
1
89
1
999
1
518
1
89
1
2550
1
63
1
172
4
634
1
810
1
759
2
68
1
157
1
91
1
166
1
552
1
569
1
498
1
298
1
84
1
2678
1
480
1
329
1
1377
1
79
1
716
1
1778
1
181
1
183
1
370
1
256
1
718
1
903
1
1991
1
105
1
246
1
91
1
165
1
900
1
1013
1
78
1
439
1
628
1
91
1
296
1
514
1
364
1
261
1
91
1
1173
1
840
1
83
1
64
1
272
1
90
1
705
1
401
1
679
1
281
1
75
1
362
1
90
1
116
1
12
1
499
1
311
2
498
1
627
1
91
1
374
1
251
1
1471
1
1134
1
900
1
368
1
93
1
75
1
271
1
902
1
811
1
219
1
408
1
374
1
11
1
332
2
476
1
68
1
170
1
1255
1
539
1
900
1
310
1
70
1
1422
1
127
1
501
1
90
1
204
1
13
2
318
1
464
1
1062
1
725
1
362
1
166
1
371
1
92
1
1437
1
439
1
538
1
182
1
629
1
476
1
798
1
822
1
899
1
595
1
940
1
680
1
357
1
453
1
939
1
2
1
794
1
240
1
569
1
68
1
171
1
1614
1
450
1
13
1
904
1
159
1
105
3
974
1
272
1
199
1
725
1
12
1
1
1
42
1
752
1
240
1
717
1
903
1
657
1
173
1
346
1
75
1
108
1
186
2
73
1
91
1
76
1
719
1
271
1
224
1
497
3
179
1
276
1
167
1
4
1
1284
1
798
1
787
1
35
1
1240
1
163
1
236
1
319
1
451
1
91
1
173
1
703
1
455
1
91
1
129
1
146
1
166
1
903
1
1527
1
1721
1
398
3
133
1
259
1
470
1
877
1
545
1
184
1
14
1
521
1
261
1
900
1
1711
1
183
1
405
1
149
1
260
1
91
2
88
3
86
1
130
2
148
1
169
1
545
1
740
1
69
1
797
1
754
1
71
1
427
1
91
1
204
1
14
1
223
1
90
1
183
1
1993
1
622
1
130
1
69
1
80
1
168
1
1066
1
208
1
601
1
277
1
1253
1
310
1
55
1
260
1
182
1
91
1
219
1
315
1
182
1
627
1
182
1
905
1
219
1
136
1
14
1
261
1
72
1
288
1
34
1
1
2
1756
1
438
1
292
1
713
1
23
1
56
1
534
1
445
1
570
1
56
1
365
1
90
1
724
1
720
1
166
1
322
1
73
1
1686
1
347
1
382
3
1419
1
114
1
12
1
409
1
90
1
310
1
42
1
182
1
91
1
566
1
79
1
797
1
182
1
91
1
74
1
16
1
179
1
198
2
701
1
33
1
811
2
137
1
729
1
1
2
335
1
811
1
90
1
89
1
538
1
443
1
47
1
42
1
276
1
494
1
680
1
723
1
286
4
503
1
1181
1
167
1
490
1
70
1
341
3
88
1
179
1
449
2
474
1
776
1
33
1
56
1
2176
1
89
1
182
1
16
1
154
1
978
1
719
1
272
1
538
1
3
1
1297
1
227
1
535
1
10
1
91
1
171
1
906
1
271
1
265
1
272
1
536
1
767
1
52
1
340
1
377
1
36
1
304
1
95
1
715
3
453
1
901
1
171
1
1375
1
20
1
414
1
454
1
1240
1
379
1
174
1
164
1
90
1
311
1
134
1
365
1
311
1
145
1
259
1
473
1
77
1
258
1
551
1
1487
2
55
1
147
1
194
1
269
3
172
1
22
1
158
1
582
1
135
1
15
1
714
1
611
1
129
1
135
1
363
1
92
1
204
1
13
1
147
1
258
1
903
1
460
1
883
1
835
1
256
2
88
2
87
1
128
1
216
1
270
1
393
1
1607
1
429
1
91
1
91
1
183
1
92
1
733
1
334
1
184
1
219
1
53
1
741
1
328
1
583
1
234
1
90
1
90
1
89
1
633
1
719
1
486
1
229
1
555
1
693
1
185
1
12
1
79
1
647
1
12
1
152
1
1469
1
497
1
1173
1
22
1
342
1
164
1
231
1
323
1
560
1
156
1
579
1
948
1
257
1
273
1
93
1
33
1
71
2
2139
1
468
1
613
1
272
1
91
1
91
1
180
1
262
1
15
1
729
1
158
1
543
1
33
1
57
1
248
1
180
1
323
1
395
1
272
1
719
1
628
1
181
1
219
1
226
1
90
1
90
1
421
1
68
1
416
1
356
1
272
1
182
1
90
1
273
1
79
1
15
1
169
1
557
1
54
1
1171
1
298
1
163
4
725
1
429
1
181
1
719
1
206
1
148
1
273
1
405
1
12
1
152
1
334
1
887
1
230
1
153
1
170
1
498
1
113
1
451
1
230
1
1118
1
503
1
1
1
213
1
272
1
180
1
127
1
71
2
247
1
91
2
88
1
179
1
264
1
183
1
661
1
334
1
902
1
367
1
172
1
73
1
1620
1
180
1
371
2
347
1
537
1
95
1
268
1
216
1
71
2
155
1
454
1
263
1
91
1
599
1
153
1
727
1
703
1
251
1
93
1
501
1
122
1
92
3
255
1
333
1
936
1
3
1
257
1
181
2
87
1
141
1
42
1
170
1
653
2
1532
1
42
1
2
1
388
1
269
4
274
1
797
1
660
1
13
2
150
1
632
1
11
1
68
1
339
1
91
1
92
1
352
1
745
1
714
1
11
1
56
1
362
1
390
1
977
1
13
1
341
1
317
1
33
1
820
1
753
1
70
1
64
1
905
1
347
1
92
1
194
1
66
1
180
1
90
1
185
1
203
1
68
1
444
1
284
1
96
1
75
1
1161
1
397
1
81
1
339
1
88
3
203
1
821
1
216
1
11
1
94
1
1528
1
438
1
720
1
183
1
79
1
10
1
91
1
350
1
383
1
76
1
75
1
366
1
352
1
15
1
347
1
92
1
387
1
78
1
167
1
90
1
296
1
331
1
93
1
465
1
811
1
704
1
21
1
12
1
229
1
555
1
160
1
661
1
56
1
91
1
734
1
76
3
659
1
589
1
388
1
659
3
1675
1
83
1
513
1
373
1
164
1
414
1
854
1
11
1
520
1
290
1
80
3
436
1
627
1
90
1
91
1
91
1
145
1
578
1
230
1
57
1
525
1
88
1
140
1
305
1
546
1
751
1
126
1
1496
1
667
1
265
1
361
1
381
1
428
1
182
1
112
1
612
1
196
1
267
1
165
1
181
1
89
1
541
1
532
1
91
1
592
1
57
1
3
1
322
1
378
1
702
1
141
1
142
1
253
1
180
1
90
1
143
1
575
1
810
1
237
1
579
1
89
1
374
1
256
1
317
1
404
1
532
1
1481
1
787
1
58
1
106
1
164
1
270
1
232
1
215
1
90
1
180
1
180
1
448
1
180
1
180
1
377
1
348
1
368
1
95
1
979
1
371
1
91
1
328
1
410
1
58
1
249
1
516
1
772
1
163
2
256
1
270
1
128
1
320
1
91
3
87
1
536
1
91
1
182
1
88
1
305
1
81
1
172
1
498
1
55
1
163
1
423
1
975
1
57
1
69
2
76
1
626
1
79
1
1481
1
592
1
217
1
137
1
545
1
810
1
153
1
11
1
60
1
412
1
176
3
183
1
79
1
25
1
80
1
552
1
26
1
111
1
196
1
715
1
568
1
15
1
68
1
156
1
350
1
92
1
112
1
11
1
243
1
568
1
498
2
353
1
101
1
353
1
715
1
92
1
294
1
31
1
11
1
2
1
55
1
68
1
262
1
92
1
176
1
196
1
94
1
658
2
69
1
584
1
292
1
336
1
309
1
14
1
69
1
63
1
91
1
442
1
114
1
11
1
243
1
532
1
532
1
381
1
887
1
350
1
295
1
117
1
315
1
91
2
88
3
629
1
407
2
69
1
132
1
104
1
638
1
65
1
11
1
95
1
72
1
180
1
197
1
34
1
71
1
966
3
255
1
185
1
91
1
33
1
592
1
219
1
880
1
424
1
329
1
230
1
168
1
90
1
89
1
1016
1
23
1
71
1
236
1
166
1
368
1
22
1
253
1
344
1
141
1
71
1
143
1
361
1
235
1
392
1
272
1
128
1
684
1
442
1
273
1
290
2
518
1
1013
1
265
1
565
1
320
1
477
1
24
2
32
1
274
1
487
1
1040
1
347
1
267
1
1261
1
90
1
93
1
103
1
92
1
337
1
181
1
238
1
84
1
494
1
722
1
180
1
102
1
105
1
330
1
394
1
47
1
274
1
545
1
79
1
1470
1
12
1
34
1
101
1
439
1
90
1
1622
1
545
1
481
1
420
1
90
1
629
1
254
1
118
1
69
1
103
1
65
1
105
1
254
1
461
1
1248
1
998
1
91
1
348
1
380
1
80
1
692
2
54
1
13
1
240
1
61
1
434
3
218
1
166
1
181
1
89
1
149
1
1
1
295
1
92
1
91
1
162
1
225
2
65
1
173
1
611
1
103
1
648
1
4
1
322
1
1891
1
199
1
84
1
73
1
180
1
806
1
492
1
82
1
64
1
14
1
63
1
102
1
397
1
414
1
1183
1
91
1
57
1
670
1
319
1
468
1
103
1
507
1
231
1
143
1
724
1
81
1
1
1
256
1
89
1
89
1
321
1
67
1
235
1
432
1
73
2
132
1
181
1
90
1
457
1
67
1
287
1
89
1
89
1
133
1
140
1
337
1
404
1
54
1
1340
1
214
1
880
1
255
1
2
1
86
1
901
1
354
1
363
1
275
1
262
1
643
1
701
1
11
1
2431
1
810
1
1709
1
257
1
457
1
263
1
1344
1
2443
1
79
1
1541
1
79
1
1259
1
446
1
1448
1
173
1
810
1
3967
1
351
1
535
1
3069
1
3594
1
2883
1
4064
1
62
1
90
1
1623
1
5508
2
1777
1
1624
1
1431
1
3343
1
3
1
2505
2
2
1
1443
1
2439
1
520
1
90
1
200
1
81
1
165
2
559
1
1777
1
4
1
809
1
806
1
1
1
1446
1
1162
1
85
1
2
1
89
1
89
1
89
1
191
1
808
1
726
1
785
1
103
1
1
1
82
1
2428
1
1627
1
438
1
92
1
185
1
2434
1
713
1
13
1
3409
1
255
1
272
1
630
1
368
1
715
1
3241
1
797
1
92
1
805
1
1265
1
368
1
2509
1
651
2
157
1
2333
1
822
1
352
1
91
1
1094
1
254
1
715
1
1461
1
65
1
92
1
2786
1
632
1
720
1
3800
2
156
1
2425
1
183
1
2981
1
1538
1
1787
1
437
1
1261
1
813
1
635
1
810
1
810
3
1538
2
780
1
193
1
2326
1
187
1
1523
1
651
1
810
1
80
1
1
1
727
1
963
1
730
1
96
1
254
2
1442
1
634
1
1699
1
1449
1
93
1
1
1
3403
1
811
2
2964
1
90
1
756
1
76
1
607
1
118
1
3
1
691
1
114
1
2
1
510
2
1987
1
171
1
639
1
701
1
821
1
175
1
736
2
725
1
4
1
687
1
121
1
416
1
391
1
329
1
534
1
1712
1
717
1
92
1
636
1
912
1
168
1
563
1
685
1
929
1
147
1
183
1
465
1
13
2
66
1
2433
1
713
1
898
1
1972
1
181
1
211
1
64
1
741
1
811
1
795
1
253
1
1354
1
898
1
12
1
263
1
72
1
1201
1
68
1
1074
1
480
1
807
1
784
1
903
1
171
2
637
1
1080
1
442
1
183
1
648
1
421
1
92
1
534
1
810
1
573
1
143
1
1713
1
3159
1
166
1
93
1
2010
1
2415
1
1326
1
383
1
795
1
356
1
623
1
94
1
480
1
51
1
90
1
664
3
1856
1
810
1
532
1
467
2
627
1
255
1
460
1
264
1
389
1
159
1
167
2
452
1
26
1
1045
1
810
1
558
1
79
1
706
1
90
1
988
1
193
1
629
1
438
1
123
1
76
1
341
3
384
1
3
1
156
1
168
1
467
1
13
2
64
1
1540
1
2454
1
416
1
391
1
237
1
569
2
148
1
532
1
628
1
536
1
184
1
1196
1
68
1
742
2
238
1
638
1
751
1
131
1
101
1
364
1
209
1
852
1
729
1
2441
1
1063
1
556
1
13
2
1325
1
303
1
64
1
518
1
901
1
132
1
587
1
91
1
446
1
90
1
536
1
995
1
545
1
170
1
1456
1
1555
1
66
1
517
1
224
1
495
1
311
2
316
1
90
1
90
1
91
1
2601
1
1732
1
786
1
542
1
224
1
782
1
26
1
315
1
182
1
90
1
204
1
13
1
944
1
718
1
276
1
624
1
2290
1
56
1
12
1
740
1
2
1
67
1
337
1
401
3
69
1
79
1
884
1
1620
1
92
1
1295
1
84
1
153
1
1385
1
494
1
180
1
131
2
67
1
430
1
90
1
290
1
78
1
978
1
1620
1
1380
1
1536
2
587
1
630
1
386
1
84
2
77
1
634
1
159
1
730
1
1075
1
441
1
90
1
762
1
83
1
592
1
132
3
404
1
470
1
173
1
256
1
182
1
445
1
92
1
469
4
1058
1
810
1
2106
4
248
1
346
1
90
1
73
1
191
1
902
1
350
1
92
1
193
1
341
1
468
1
3
1
245
1
641
4
168
2
1353
1
981
1
1270
1
2
1
124
1
71
1
82
1
2265
1
45
1
547
1
273
1
15
1
429
1
309
1
224
1
902
1
811
1
493
1
319
1
490
1
72
1
53
1
27
1
242
1
14
1
255
1
1440
1
994
1
91
1
91
1
443
1
91
1
444
1
274
1
308
1
410
1
718
1
645
1
664
1
149
1
348
2
306
2
2289
1
199
1
80
1
347
1
628
1
491
1
318
1
466
1
68
1
274
1
634
1
1264
1
90
1
127
1
1
2
226
1
1529
1
257
1
388
1
421
1
272
1
446
1
90
1
90
1
90
1
290
1
337
1
627
1
1399
1
152
1
528
1
115
1
12
1
2
1
226
1
581
1
947
1
624
1
104
1
429
1
380
1
81
1
165
1
181
1
181
1
263
1
273
1
811
1
542
1
744
1
609
1
115
1
13
3
133
1
92
1
717
1
706
1
900
1
454
1
275
1
625
1
198
1
430
1
352
1
772
1
1220
1
90
1
295
1
14
1
1605
1
150
1
531
1
279
1
1161
1
378
1
339
1
399
1
55
1
354
1
1216
4
66
1
339
1
181
1
89
1
614
1
1120
1
410
1
91
1
90
1
286
1
80
1
261
1
373
1
175
1
658
1
70
1
740
1
816
2
66
1
264
1
978
1
90
1
89
1
91
1
521
1
180
1
721
1
90
1
937
1
149
1
730
1
249
1
491
1
69
1
80
1
1420
1
111
1
169
1
78
1
101
1
367
1
443
1
92
1
363
1
265
1
452
1
21
1
243
3
163
1
184
1
90
1
1254
1
456
1
103
1
80
1
76
1
92
1
560
1
80
2
978
1
504
1
154
1
1778
1
561
1
51
1
672
1
14
1
668
1
126
1
500
1
91
1
217
1
810
1
70
1
337
1
552
1
257
1
404
1
11
1
3
1
150
1
1239
1
536
1
256
1
2250
1
901
1
274
1
10
1
524
1
309
1
151
1
74
1
273
1
326
1
2
2
67
1
65
1
91
1
567
1
592
1
1101
1
233
1
561
1
79
1
1342
1
140
1
214
1
558
1
821
1
164
1
256
1
90
1
725
1
901
1
706
1
270
1
279
1
92
1
75
1
479
1
161
1
258
1
271
1
951
1
215
1
1264
1
127
1
136
1
15
1
529
1
122
1
10
1
12
1
1734
1
270
1
15
1
454
1
248
1
900
1
1177
1
261
1
581
1
70
1
752
1
57
1
65
1
647
1
912
1
430
1
76
1
302
1
250
1
454
1
105
1
159
1
565
1
11
1
845
1
103
1
625
1
103
1
157
1
362
1
218
1
57
1
442
1
446
1
272
1
271
1
102
1
992
1
812
1
729
1
159
1
577
1
669
1
629
1
446
1
181
1
90
1
271
1
127
1
12
1
578
1
218
1
500
1
329
1
150
1
1513
1
11
1
67
1
183
1
559
2
158
1
544
1
33
1
579
1
230
1
949
1
259
1
90
1
321
1
305
1
272
1
369
1
258
1
90
1
180
1
148
2
291
1
372
1
117
1
809
1
332
1
488
1
57
1
16
1
504
1
230
1
786
1
422
1
182
1
230
1
31
1
366
1
1359
1
749
1
77
1
517
1
812
1
1010
1
736
1
489
1
91
1
90
1
139
2
396
1
1185
1
159
1
674
1
55
1
94
1
75
1
609
1
1
1
71
2
313
1
481
1
83
1
429
1
213
1
12
1
1
1
135
1
264
1
547
1
335
1
379
1
248
1
363
1
141
1
55
1
173
1
623
1
12
1
522
1
217
1
148
1
796
1
272
1
183
1
1011
1
187
1
517
1
138
1
2
1
134
1
66
1
196
1
548
1
623
1
91
1
1423
1
925
1
25
1
669
1
126
1
149
1
644
1
20
1
10
1
151
1
172
1
485
1
71
1
66
1
877
1
102
1
503
2
55
1
81
1
169
1
453
1
105
1
714
1
96
1
159
1
436
1
174
1
900
1
686
1
56
1
1080
1
165
1
357
1
21
1
611
1
213
1
131
1
270
1
15
1
458
1
670
1
217
1
592
1
796
1
487
1
90
1
289
1
611
1
104
1
35
1
44
1
260
1
271
1
467
1
66
1
191
1
978
1
140
1
11
1
491
1
90
1
89
1
448
1
486
1
232
1
650
1
505
1
244
1
44
1
706
1
442
1
458
1
770
1
36
1
192
1
66
1
191
1
379
1
12
1
1047
1
643
1
2045
1
538
1
180
1
538
1
1410
1
229
1
91
1
92
1
431
1
117
1
153
1
574
1
65
1
337
1
14
1
294
1
69
1
95
1
667
1
58
1
797
1
14
1
324
1
458
1
903
1
76
1
991
1
418
1
809
1
657
1
188
1
36
1
235
1
91
1
181
1
89
1
124
1
11
1
142
1
667
1
295
1
361
1
106
1
107
1
595
1
153
1
384
1
551
1
76
1
90
1
271
1
218
1
57
1
93
1
348
1
397
1
1320
1
301
3
326
1
91
1
352
1
774
1
114
1
180
1
515
1
566
1
1166
1
13
1
76
1
363
1
230
1
488
1
476
1
354
1
1188
1
420
1
1126
1
218
2
75
1
573
2
508
1
286
1
341
1
93
1
89
1
181
1
45
1
400
1
270
1
277
1
260
1
270
1
467
1
500
1
385
1
167
1
14
1
89
1
208
1
331
1
408
3
306
1
559
1
704
1
1241
1
183
1
91
1
368
1
256
1
310
1
825
1
10
1
155
1
632
1
10
1
12
2
56
1
80
1
625
1
104
1
82
1
78
1
715
1
812
1
623
1
263
1
440
1
127
1
12
1
854
1
186
1
553
1
850
1
47
1
263
1
1452
1
632
1
161
1
264
1
253
1
293
1
657
1
13
1
57
1
157
1
439
1
116
1
23
1
72
1
158
1
612
1
102
1
258
1
471
1
247
1
498
1
22
1
71
1
66
1
428
1
197
1
981
1
15
1
519
1
135
1
35
1
102
1
263
1
73
1
333
1
140
1
728
1
1317
1
289
1
338
1
272
1
94
1
183
1
348
1
90
1
205
1
44
1
811
1
282
1
512
1
138
1
94
1
438
1
173
1
35
1
66
1
262
1
466
1
739
1
232
1
1065
1
1620
1
341
1
70
1
237
1
257
1
197
1
117
1
211
1
282
1
196
1
45
1
1
1
55
1
163
1
588
1
22
1
102
1
717
1
1330
1
243
1
45
1
429
1
991
1
357
1
567
1
611
1
300
1
751
1
126
1
442
1
194
1
104
1
134
1
616
2
112
1
530
1
719
1
1349
1
900
1
430
1
138
1
94
1
141
1
117
1
315
1
72
1
240
1
1052
1
253
1
1017
1
167
1
1293
1
1227
1
180
1
448
1
270
1
237
1
58
1
23
1
82
1
632
1
241
1
590
1
143
1
79
1
256
1
628
1
465
1
45
1
844
1
249
1
180
1
392
1
751
1
385
1
180
1
207
1
162
1
258
1
270
1
285
1
104
1
64
1
103
1
182
1
537
1
639
2
63
1
13
1
76
1
182
1
90
1
433
1
742
1
2
1
667
1
115
1
649
1
879
1
544
1
195
1
433
1
404
1
173
1
160
1
464
1
91
1
11
1
409
1
90
1
239
1
1
1
55
1
147
1
13
1
544
1
21
1
11
1
948
1
247
1
483
1
416
1
90
1
91
1
1074
1
1172
1
349
1
59
1
14
1
133
1
13
1
245
1
330
1
71
1
498
1
241
1
295
1
489
1
11
1
403
1
407
1
136
1
428
1
231
1
882
1
598
1
140
1
226
1
349
1
92
1
126
1
13
1
42
1
1079
1
12
1
347
1
278
1
158
1
27
1
164
1
332
2
216
1
262
1
73
1
208
1
104
1
145
1
569
1
23
1
72
1
953
1
94
1
452
1
21
1
137
1
102
1
167
1
272
1
116
1
160
1
92
1
347
1
464
1
711
1
670
1
10
1
58
1
79
1
11
1
173
1
74
1
180
1
89
1
151
1
72
1
406
1
91
1
90
1
352
1
183
1
481
1
1049
1
499
1
57
1
971
1
436
1
128
1
839
1
58
1
93
1
251
1
393
1
58
1
264
1
556
1
511
1
75
1
369
1
16
1
61
1
11
1
91
1
92
1
73
1
255
2
57
1
331
1
382
1
69
1
79
1
15
1
170
1
162
1
392
1
159
1
567
1
11
1
35
1
21
1
13
1
738
1
137
1
922
1
169
1
384
1
69
1
762
1
219
1
875
1
195
1
91
1
1023
1
138
1
16
1
666
1
221
2
611
1
34
1
812
1
323
1
430
1
58
1
93
1
79
1
624
1
739
1
10
1
83
1
737
1
389
1
91
1
90
1
537
1
625
1
696
1
44
1
776
1
180
1
664
1
235
1
1014
1
164
1
810
1
197
1
238
1
500
1
413
1
181
1
1094
1
68
1
91
1
2
3
2151
1
115
1
769
1
71
1
224
1
511
1
115
1
26
1
713
1
81
1
79
1
426
1
209
1
26
1
317
1
91
1
72
1
16
1
235
1
466
1
298
1
32
1
36
1
35
2
146
2
588
1
12
1
283
1
900
1
367
1
116
1
825
1
68
1
327
1
25
1
75
1
105
1
704
1
379
1
340
1
180
1
219
1
2
1
749
1
1004
3
635
1
1635
2
595
1
227
1
58
1
35
1
32
1
682
1
13
1
67
1
418
1
76
1
209
1
23
1
318
1
408
1
217
1
593
1
566
1
551
1
560
1
80
1
170
1
255
1
93
1
273
1
259
1
276
1
458
1
350
1
465
1
347
1
164
1
299
1
473
1
506
1
466
1
79
1
650
1
773
1
272
1
258
1
197
1
104
1
80
1
168
2
347
1
367
1
95
1
347
1
141
1
392
1
181
1
216
1
20
1
21
1
26
1
79
1
809
1
116
1
52
1
25
1
613
1
22
1
146
1
102
1
92
1
468
1
144
1
513
1
233
1
61
1
107
1
382
1
499
1
392
1
82
1
166
3
475
1
84
1
772
1
360
1
442
1
2
1
216
1
78
1
536
1
274
1
475
1
161
1
340
1
92
1
90
1
204
1
14
1
409
1
328
2
293
1
93
1
481
1
724
1
152
2
167
2
558
1
715
1
96
1
63
1
439
1
263
1
390
1
442
1
115
1
728
1
44
1
22
1
174
1
346
1
1348
1
423
1
58
1
713
1
69
1
79
1
13
3
74
1
94
2
498
1
215
1
638
1
13
1
769
3
1028
1
244
1
645
1
345
1
196
1
172
1
443
1
352
1
182
1
93
1
327
1
23
1
272
1
514
1
125
1
2
2
621
1
102
1
957
1
14
1
608
1
24
1
429
1
27
1
326
1
72
1
148
1
244
1
389
1
68
1
248
1
283
1
161
1
128
1
79
1
258
1
306
1
308
1
197
1
162
1
163
1
194
1
103
5
553
1
81
1
2
1
423
1
243
1
219
3
163
1
1208
1
43
1
25
1
32
1
12
1
693
1
116
1
32
1
35
1
65
1
259
1
297
1
160
1
260
1
271
1
160
1
129
1
81
1
438
1
135
1
58
1
346
1
1286
4
52
1
12
3
76
1
4
1
599
1
2015
1
478
1
12
1
33
1
101
1
185
1
441
1
47
1
394
1
180
1
115
1
319
1
194
1
90
1
536
1
347
1
162
1
798
1
127
1
92
2
255
1
345
1
1364
1
238
1
412
1
257
1
138
1
93
1
56
1
94
1
76
1
93
1
403
1
83
1
1117
1
91
1
164
1
462
2
1274
1
69
1
33
1
45
1
270
1
1080
1
118
1
92
1
327
1
551
1
638
1
1620
1
969
1
650
1
810
1
1687
1
1548
1
79
1
810
1
353
1
719
1
2087
1
2413
1
11
1
701
1
358
1
182
1
90
1
366
1
170
1
545
1
1075
1
544
1
823
1
158
1
637
1
2614
1
259
1
2806
1
252
1
557
1
80
1
729
1
2225
1
186
1
79
1
995
1
1354
1
12
1
891
1
77
1
93
1
531
1
11
1
905
1
1706
1
1446
1
891
1
810
1
172
1
2989
1
156
1
818
1
353
1
89
1
84
1
906
1
265
1
636
1
1540
1
810
1
1621
1
80
1
819
1
61
1
361
1
185
1
102
1
1061
1
535
1
278
1
3144
1
2444
1
1694
1
2
1
1
1
712
1
651
1
66
1
743
1
1686
1
91
1
743
1
610
1
448
1
1353
1
718
1
1075
1
623
1
730
1
2165
1
165
1
176
1
103
1
92
1
1159
1
370
1
75
1
182
1
390
1
2403
1
94
1
795
1
749
2
82
1
1417
1
357
1
90
1
272
1
1020
1
1047
1
810
1
544
1
905
1
736
1
80
1
260
1
466
1
160
1
649
1
810
1
810
2
65
1
263
1
464
1
786
1
1644
1
81
1
987
1
436
1
123
1
158
1
528
1
122
1
510
1
296
1
1
2
64
1
263
1
478
3
782
1
1074
1
557
1
2443
1
685
1
123
1
63
1
94
1
260
1
389
1
793
1
15
1
3478
1
1885
1
180
1
95
1
833
1
163
1
646
1
2
1
808
1
144
1
2523
1
646
1
1420
1
118
1
866
1
90
1
186
1
543
1
729
1
13
3
874
1
78
1
1461
1
158
1
658
1
345
1
430
1
114
1
518
1
4
1
89
1
182
1
905
1
74
1
1383
3
1604
1
158
1
718
1
750
1
890
1
173
1
350
1
88
1
198
1
154
1
90
1
446
1
195
1
170
2
480
1
807
3
873
1
170
1
2245
1
374
2
376
1
251
1
353
1
88
1
195
1
78
1
262
1
387
1
810
1
3
1
155
1
651
2
160
1
1694
1
1554
1
73
1
271
1
90
1
76
1
130
2
331
1
1253
1
917
1
1605
1
1553
1
813
1
2
1
809
1
225
1
105
1
164
1
311
2
135
1
824
1
731
1
337
1
1984
1
903
1
171
1
574
1
798
1
824
1
134
1
744
1
79
1
731
1
337
1
456
1
740
1
332
1
625
1
91
1
534
1
856
1
160
1
435
1
266
1
169
1
360
1
224
1
1618
2
69
1
430
1
459
1
633
1
798
1
355
1
465
1
251
1
1178
1
1089
1
79
1
663
1
587
1
221
1
53
1
904
1
794
1
15
1
977
1
810
1
473
1
96
1
244
1
270
1
89
1
1609
1
133
1
406
1
182
1
217
1
1
1
408
1
454
1
262
1
562
1
78
1
810
1
611
1
34
1
901
1
77
1
76
1
438
1
12
1
118
1
317
1
1082
1
220
1
2
1
65
1
741
2
42
1
24
1
248
1
93
1
2168
1
647
1
1696
1
741
1
3
1
677
1
129
2
145
1
261
1
386
1
81
1
785
1
24
1
810
1
248
1
561
1
155
1
547
1
23
1
146
1
1812
1
346
1
134
1
64
1
521
1
629
1
1279
1
810
1
1539
1
82
1
894
1
156
1
493
1
2
2
1398
2
459
1
792
1
901
1
810
1
810
1
479
1
237
1
658
1
175
1
1066
1
91
2
215
2
322
1
473
1
47
1
197
1
1249
1
113
1
422
1
399
1
71
1
80
1
166
1
91
1
1196
1
240
1
829
1
2
1
344
1
290
1
597
1
14
1
450
1
462
1
10
1
12
1
1
1
230
1
1247
1
115
1
82
1
810
1
80
1
1070
1
398
1
319
1
494
1
127
1
115
3
73
1
348
1
108
1
185
1
874
1
106
1
163
1
325
1
229
1
531
1
831
1
24
2
43
1
442
1
537
1
569
1
822
1
44
1
26
1
155
1
576
1
255
1
435
1
134
1
147
1
244
1
12
1
270
1
345
1
106
1
1513
1
452
1
116
1
162
1
729
1
248
1
90
1
90
1
181
1
982
1
11
1
94
1
166
1
91
1
1613
1
283
1
202
1
249
1
544
1
429
1
460
1
1527
1
352
1
90
1
536
1
558
1
433
1
476
1
79
1
92
1
566
1
397
1
103
1
308
1
323
1
163
1
322
1
231
1
436
1
141
1
578
1
184
1
46
2
122
1
90
1
992
1
272
1
445
1
182
1
284
1
173
1
351
1
384
1
1623
1
414
1
538
1
362
1
232
2
486
1
90
1
901
1
628
1
307
1
56
1
92
1
636
1
525
1
1195
1
79
1
77
1
582
1
2
1
68
1
79
1
169
1
718
1
1251
1
194
1
341
1
626
1
993
1
626
1
896
1
747
1
439
1
197
2
78
1
169
1
1160
1
113
1
160
1
95
1
258
1
1104
1
1702
1
79
1
634
1
197
1
333
1
256
1
372
1
90
1
184
1
285
1
1
2
76
1
77
1
569
1
593
1
460
1
260
1
716
1
811
1
398
1
225
1
2220
1
2
1
33
1
35
3
157
3
345
1
195
1
149
1
377
1
628
1
559
1
597
1
628
1
90
1
230
1
397
1
90
1
296
1
25
1
796
1
56
1
93
1
675
1
70
1
80
1
66
1
595
1
69
2
158
2
575
1
2
1
579
1
182
1
45
2
843
1
836
1
324
1
719
1
478
1
162
1
532
1
102
1
36
1
579
1
386
1
77
1
258
1
395
1
41
1
10
1
106
1
254
1
461
1
349
1
319
1
142
1
75
1
1403
1
58
1
506
1
218
1
798
1
1050
1
90
1
363
1
283
1
13
1
261
1
73
1
320
1
74
1
159
1
254
1
77
1
230
1
822
1
142
1
168
1
164
1
333
1
34
1
775
1
810
1
475
1
286
1
432
1
271
1
719
1
193
1
101
1
262
1
91
1
470
1
1593
1
429
1
1144
1
45
1
520
1
243
1
762
1
92
1
339
1
550
1
677
1
47
1
104
1
260
1
373
1
96
1
41
1
282
1
551
1
440
1
89
1
451
1
1331
1
10
1
351
1
1187
1
432
1
271
1
1015
1
79
1
182
1
182
1
261
1
31
1
11
1
73
1
324
1
270
1
140
1
491
1
89
1
89
1
92
1
32
1
230
1
593
1
1194
1
90
1
320
1
72
1
1226
1
900
1
193
1
260
1
11
1
654
1
505
1
231
1
1
1
397
1
91
1
304
1
307
1
734
1
650
1
234
1
363
1
173
1
10
1
443
1
90
1
900
1
944
1
11
1
786
1
23
1
578
1
206
1
680
1
140
1
57
1
983
1
652
1
63
1
95
1
164
1
91
1
718
1
91
1
181
1
113
1
24
1
305
1
364
1
536
1
353
1
371
1
270
1
233
2
150
1
334
1
167
1
358
1
451
1
951
1
797
1
824
1
54
1
341
1
445
1
10
1
91
1
261
1
92
1
455
1
353
1
567
1
168
1
409
1
217
1
813
1
348
1
75
1
225
1
65
1
261
1
976
1
196
1
1151
1
363
1
82
1
288
1
438
1
718
1
91
1
142
1
15
1
806
1
1
1
193
1
116
2
718
1
256
1
378
1
1767
1
639
1
24
1
66
1
168
1
271
1
90
1
139
1
12
1
21
1
913
1
688
1
26
1
44
1
422
1
315
1
3
1
136
1
171
1
498
2
33
1
351
1
483
1
327
1
468
1
417
1
719
1
423
1
220
1
74
1
180
1
333
1
385
1
271
1
152
1
294
1
180
1
411
1
419
1
305
1
11
1
127
1
184
1
333
1
11
1
211
1
162
1
345
1
206
1
35
1
387
1
90
1
273
1
57
1
796
1
205
1
180
1
180
1
538
1
180
1
719
1
180
1
538
1
497
1
605
1
74
1
15
1
277
1
516
1
279
1
440
1
206
1
10
1
24
1
45
1
250
1
573
1
145
1
811
1
165
1
180
1
369
1
168
1
180
1
392
1
326
1
180
1
242
1
59
1
235
1
361
1
146
1
84
1
584
1
293
1
77
1
438
1
139
1
12
1
34
1
442
1
296
1
10
1
24
1
59
1
419
1
89
1
89
1
150
1
205
1
257
1
332
1
46
1
339
1
447
1
10
1
186
1
647
1
54
1
271
1
377
1
10
1
94
1
235
1
361
1
158
1
233
1
423
1
14
1
137
1
797
1
12
1
221
1
242
1
320
1
25
1
101
1
557
1
278
1
76
1
76
1
640
1
648
1
891
1
751
1
307
1
180
1
1012
1
137
1
139
1
671
2
56
1
812
1
794
1
83
1
726
1
162
1
1876
1
628
1
738
1
13
1
76
1
66
1
573
1
658
1
36
1
33
1
135
1
270
1
13
1
90
1
537
1
257
1
383
1
426
1
229
1
12
1
476
1
90
1
217
1
24
1
57
1
785
1
91
1
637
1
106
1
325
1
271
1
158
1
72
1
156
1
234
1
24
1
166
1
153
3
399
1
464
1
878
1
429
1
901
1
138
1
13
1
216
1
167
1
411
1
581
1
228
1
671
1
354
1
454
1
165
1
1
1
24
1
44
1
318
1
257
1
278
1
26
1
504
1
116
1
107
1
724
1
12
1
45
1
174
1
259
1
375
1
13
1
144
1
184
1
255
1
719
1
175
1
42
1
69
1
171
1
593
1
202
1
558
1
10
1
95
1
766
2
72
1
65
1
135
1
207
1
302
1
659
1
236
1
132
1
362
1
195
1
266
1
350
1
202
1
22
1
126
1
259
1
423
1
72
1
41
1
695
1
311
1
1342
1
91
1
440
1
260
1
1108
1
476
1
10
1
490
1
180
1
150
1
194
1
26
1
348
1
721
1
627
1
453
1
855
1
856
1
12
1
160
1
255
1
338
1
48
1
535
1
630
1
73
1
287
1
69
1
1445
1
630
1
1115
1
58
1
172
1
566
1
35
1
11
1
10
1
821
1
174
1
254
1
352
3
55
1
81
1
78
1
65
1
511
1
403
1
74
1
357
1
193
1
1160
1
368
1
261
1
90
1
180
1
449
1
543
1
11
1
786
1
185
1
345
1
230
1
11
1
46
1
174
1
254
1
180
1
171
1
205
1
994
1
432
1
452
1
1177
1
92
1
170
1
182
1
89
1
89
1
147
1
1019
1
554
1
10
1
58
1
762
1
58
1
429
1
180
1
171
1
218
1
144
1
295
1
151
1
388
1
362
1
809
1
103
1
406
1
644
1
509
1
46
1
160
1
812
1
564
1
777
1
55
1
46
1
747
1
92
1
226
1
374
1
93
1
20
1
35
2
388
1
480
1
66
1
78
1
349
1
1097
1
159
1
95
1
72
1
399
1
165
1
622
1
267
1
611
1
633
1
198
1
921
1
78
1
93
1
141
1
356
2
32
1
10
1
728
1
10
1
85
1
65
1
416
1
448
1
194
1
92
1
89
1
261
1
34
1
315
1
180
1
241
1
142
1
75
1
258
1
345
1
762
1
904
1
54
1
452
1
1058
1
12
3
218
1
425
1
707
1
229
1
821
1
138
1
248
1
422
1
115
1
23
1
2
1
667
1
57
1
1411
1
94
1
32
1
82
1
417
1
346
1
236
1
79
1
169
1
351
1
45
1
33
1
33
1
671
2
465
1
404
1
407
1
330
1
44
1
174
1
635
1
810
1
80
1
518
1
84
1
42
1
82
1
54
1
195
1
488
1
136
1
854
1
65
1
94
1
167
2
385
1
13
1
54
1
158
1
106
1
417
2
272
1
25
1
1070
1
192
1
45
1
45
1
95
1
78
1
260
1
292
1
69
1
158
1
361
1
315
1
66
1
169
1
795
1
180
1
181
1
293
1
169
1
1302
1
96
1
66
1
657
1
14
1
124
1
429
1
240
1
765
1
187
1
245
1
409
1
46
1
170
1
664
1
67
1
811
1
644
1
82
1
1081
1
52
1
22
1
182
1
237
1
73
1
483
1
240
1
647
1
176
1
44
1
12
1
147
1
65
1
270
1
103
1
222
1
69
1
79
1
348
1
273
1
23
1
55
1
274
1
91
1
456
1
170
1
486
1
11
1
141
1
515
1
176
1
943
1
172
1
75
1
90
1
90
1
90
1
221
1
212
1
103
1
407
1
1096
1
283
1
720
1
181
1
263
1
182
1
183
1
163
1
210
1
12
1
68
1
172
1
451
1
186
1
703
1
350
1
513
1
240
1
75
1
468
1
25
1
67
1
65
1
13
1
168
1
92
1
314
1
11
1
810
1
128
1
65
1
362
1
312
1
316
1
181
1
538
1
475
1
905
1
1638
1
55
1
184
1
142
1
495
1
65
1
13
1
168
1
455
1
739
1
10
1
232
1
588
1
390
1
374
1
32
1
58
1
728
1
164
1
1455
1
245
1
745
1
1060
1
91
1
374
1
80
1
146
1
26
1
637
1
80
1
257
1
180
1
222
1
319
1
179
1
191
1
172
1
78
1
439
1
223
1
70
1
76
1
813
1
253
1
368
1
1104
1
76
1
156
1
322
1
13
1
54
1
12
1
79
1
77
1
183
1
443
1
158
1
26
1
567
1
148
1
168
1
397
1
489
1
1286
1
75
4
1694
1
270
1
331
1
34
1
32
1
14
1
79
1
63
1
12
1
65
1
572
1
79
1
145
1
502
1
148
1
92
1
76
1
258
1
12
1
160
1
58
1
56
1
11
1
79
1
261
1
316
1
835
1
773
1
233
3
1693
1
517
1
119
1
618
1
131
1
10
1
94
1
571
1
72
1
233
1
502
1
62
1
585
1
160
1
215
1
78
1
65
1
197
1
373
1
79
1
94
1
635
1
79
1
263
1
396
1
12
1
56
1
599
1
127
1
25
1
56
1
248
1
600
1
216
1
183
1
481
1
403
1
251
1
73
1
53
1
12
1
417
1
253
2
557
1
226
1
151
1
78
1
262
1
304
1
11
1
70
1
145
1
259
1
309
1
23
1
810
1
797
1
12
1
138
1
261
1
509
1
66
1
214
1
1902
1
138
1
23
1
103
1
196
1
348
1
628
1
92
1
625
1
481
1
133
1
102
1
92
1
74
1
346
1
797
1
139
1
516
1
168
1
27
1
284
1
260
1
236
1
26
1
44
1
294
1
516
1
394
1
458
1
902
1
259
1
91
1
91
1
134
1
11
1
142
1
667
1
389
1
384
1
81
1
251
1
487
1
152
1
171
1
585
1
68
1
171
1
144
1
341
1
401
1
93
1
325
1
105
1
259
1
27
1
404
1
70
1
716
1
242
1
350
1
90
1
160
1
59
1
483
1
208
1
57
1
193
1
184
1
478
1
146
1
93
1
452
1
185
1
77
1
920
1
349
1
254
1
113
1
589
1
71
1
785
1
25
1
229
1
254
1
228
1
232
1
716
1
261
1
91
1
283
1
32
1
139
1
658
1
847
1
46
1
68
1
64
1
728
1
112
1
441
1
219
1
318
1
91
1
91
1
458
1
142
1
27
1
532
1
693
1
212
1
977
1
546
1
658
1
398
1
448
1
194
1
692
1
148
1
77
1
234
1
251
1
117
1
33
1
79
1
169
1
375
1
102
1
164
1
62
1
12
1
465
1
116
1
304
1
420
1
141
1
645
1
686
1
274
1
78
1
579
1
152
1
78
1
615
1
46
1
70
1
77
1
563
1
20
1
48
1
125
1
683
1
127
1
235
1
182
1
90
1
251
1
117
1
62
1
361
1
186
1
46
1
395
1
813
1
89
1
283
1
251
1
1
1
534
1
181
1
258
1
309
1
165
2
76
4
611
1
886
1
486
1
65
1
231
1
80
1
433
1
213
1
245
1
658
1
33
1
21
1
79
1
627
1
353
3
164
1
106
1
217
1
226
1
1287
1
960
1
349
1
266
1
80
1
60
1
91
1
11
1
114
1
21
1
184
1
241
1
165
1
194
1
115
1
704
1
271
1
239
1
11
1
221
1
78
1
260
1
213
1
58
1
446
1
329
1
112
1
531
1
117
1
91
1
13
1
160
1
166
1
445
1
22
1
14
1
233
1
92
1
166
1
90
1
154
1
55
1
145
1
194
1
555
1
79
1
22
1
146
1
11
1
92
1
314
1
163
1
162
1
333
1
138
1
10
1
82
1
694
1
44
1
126
1
158
1
181
1
91
1
215
1
503
1
330
1
481
1
281
1
47
1
643
1
128
1
422
1
549
1
260
1
555
1
36
1
201
1
490
1
10
1
25
1
228
1
567
1
227
1
168
1
297
1
32
1
138
1
93
1
577
1
70
1
316
1
562
1
340
1
74
1
476
1
164
1
94
1
715
1
257
1
140
1
150
1
77
1
90
1
91
1
75
1
662
1
261
3
319
1
292
1
825
1
372
1
171
1
93
1
77
1
258
1
298
1
57
1
180
1
78
1
446
1
466
1
93
1
261
1
101
1
260
1
1197
1
23
1
57
1
80
1
262
1
424
1
83
1
384
1
193
1
232
1
67
1
80
1
64
1
184
1
884
1
310
1
68
1
339
1
297
1
44
1
72
1
229
1
346
1
160
1
34
1
92
1
235
1
287
1
171
1
271
1
275
1
191
1
91
1
57
1
192
1
92
1
420
1
874
1
251
1
168
1
66
1
23
1
216
1
161
1
316
1
341
1
231
1
170
1
546
1
94
1
659
1
213
1
362
1
369
1
155
1
285
1
124
1
504
1
90
1
353
1
90
1
579
1
11
1
312
2
162
1
410
1
23
1
68
1
158
1
168
1
307
1
105
1
150
1
63
1
182
1
719
1
489
1
764
1
532
1
206
1
44
1
810
1
59
1
123
1
194
3
90
1
89
1
89
1
446
4
882
1
489
1
159
1
195
1
63
1
11
1
564
1
78
1
350
1
122
1
106
1
473
1
719
1
400
1
12
1
577
1
629
1
525
1
107
1
1329
1
115
1
758
1
240
1
156
1
11
1
156
1
255
1
69
1
66
1
14
1
78
1
543
1
35
1
308
1
394
1
938
1
271
1
90
1
366
1
90
1
262
2
271
1
134
1
207
1
102
1
347
1
719
1
219
1
10
1
231
1
773
1
302
1
640
1
78
1
194
1
75
1
14
1
300
1
65
1
172
1
557
1
739
1
56
1
432
1
380
2
160
1
701
1
569
1
914
1
70
1
78
4
72
1
549
1
14
1
811
1
258
1
90
1
165
1
90
1
279
1
979
1
467
1
14
1
144
1
1460
1
13
1
66
1
981
1
625
1
833
1
257
1
628
1
903
1
257
1
90
1
446
1
546
1
26
1
144
1
13
1
1446
1
67
1
91
1
91
1
1528
1
1552
1
425
1
180
1
997
1
744
1
52
1
183
1
91
1
480
1
159
1
2337
1
170
1
647
1
426
1
288
1
613
1
90
1
185
1
15
1
873
1
665
1
236
1
572
1
159
1
1433
1
263
1
558
1
1788
1
352
1
90
1
537
1
480
2
808
1
810
1
159
1
1421
1
1656
2
807
1
418
2
387
1
3
1
781
1
24
1
1782
1
622
1
822
1
890
1
724
1
11
1
891
1
341
1
1
1
546
1
76
1
94
1
1288
1
53
1
11
1
905
1
75
1
717
1
902
1
534
1
909
1
11
1
170
1
438
1
200
1
343
2
85
1
629
3
561
1
77
1
75
1
1545
1
74
1
1528
1
731
1
170
1
742
1
242
1
816
1
84
1
90
1
1103
1
726
1
2
1
157
1
1621
1
1603
1
909
1
93
1
545
1
172
3
345
1
265
1
1087
2
462
1
16
1
154
1
170
2
638
1
811
1
715
1
95
1
1601
1
26
1
634
1
251
1
90
1
455
1
264
1
91
1
464
1
254
1
75
1
1372
1
248
1
641
1
611
1
2173
1
631
1
90
1
90
1
261
1
352
1
180
1
1271
1
647
1
82
1
796
1
170
1
2266
1
351
1
270
1
175
1
183
1
1249
1
721
1
1073
1
25
1
340
1
469
1
691
1
1826
1
347
1
89
1
89
1
998
1
66
1
272
1
376
1
80
1
170
1
182
1
181
1
204
1
82
1
79
1
716
1
262
1
640
1
1458
1
979
1
244
1
104
1
89
1
88
1
1172
1
74
1
90
1
90
1
180
1
93
1
184
1
2337
1
262
1
478
1
878
1
78
1
14
1
631
1
22
1
2
1
158
1
259
2
269
3
926
2
499
1
91
1
203
1
13
1
43
1
1645
1
727
1
1608
1
834
1
78
1
245
1
90
1
90
1
179
2
72
1
47
1
494
1
311
1
2
1
500
1
306
1
1
1
1605
1
161
1
169
1
1371
1
78
1
1548
1
431
1
73
1
12
1
89
1
2
1
103
1
329
1
447
1
44
1
3
1
495
1
1
1
308
1
1
1
65
1
1516
1
183
1
77
1
1369
1
983
1
1166
1
1110
1
67
1
67
1
362
1
3
2
307
2
240
1
73
1
92
2
352
1
32
1
80
1
3161
1
237
1
91
1
487
1
253
1
440
1
199
1
76
1
76
1
91
1
347
1
131
1
3
1
312
1
274
1
285
1
174
1
714
1
169
1
560
1
889
1
169
1
480
1
237
1
2283
3
76
1
646
1
58
1
365
1
1254
1
1550
1
69
1
12
1
157
1
182
1
1210
1
1056
1
347
1
291
4
516
1
254
1
271
1
105
1
1696
1
308
1
70
1
66
1
660
1
11
1
502
1
283
1
23
1
150
1
260
1
469
1
64
1
679
2
136
1
104
1
796
1
90
1
270
1
449
1
76
1
734
1
1067
1
180
1
1806
1
353
1
386
1
82
1
872
1
116
1
567
1
68
1
740
1
34
1
10
1
276
1
612
1
105
1
565
1
682
1
720
1
287
1
1961
1
1718
1
307
1
71
1
738
1
1
1
55
1
739
1
13
1
136
1
93
1
347
1
194
1
1335
1
1118
1
954
1
104
1
718
1
351
1
89
1
447
1
582
1
42
1
442
1
180
1
127
1
12
3
304
1
1084
1
1014
1
11
1
318
1
627
1
365
1
1445
1
91
1
91
1
305
1
810
1
72
1
157
1
75
1
181
1
90
1
231
2
42
1
444
1
91
1
459
1
166
1
91
1
283
1
833
1
879
1
432
1
260
1
53
1
334
1
886
1
92
1
457
1
661
1
68
1
80
1
519
1
992
1
996
1
166
1
92
1
306
1
68
1
433
1
809
1
621
1
448
1
541
1
14
2
457
1
661
1
68
1
157
1
351
2
625
1
93
1
716
1
387
1
958
1
90
1
15
1
567
1
980
1
167
1
92
1
1197
3
223
1
168
1
483
2
79
1
429
3
455
1
261
2
374
1
158
1
1369
1
265
1
167
1
642
1
659
1
428
2
2237
1
91
1
794
1
644
1
437
1
126
1
776
1
536
1
458
1
260
1
403
1
500
1
13
1
306
1
47
1
441
1
321
1
57
1
612
1
163
1
116
1
260
1
394
1
232
1
166
1
1209
1
70
1
430
1
320
1
489
1
90
1
90
1
196
1
66
1
273
1
486
1
80
1
337
1
393
1
145
1
258
1
288
1
46
1
306
1
270
1
1040
1
753
1
56
2
57
1
160
1
75
1
361
1
127
1
83
1
1409
1
277
1
681
1
484
1
14
1
90
1
218
1
68
2
159
1
165
1
387
1
26
1
486
1
166
1
810
1
279
1
14
1
515
1
629
1
308
1
24
1
385
1
469
1
1573
1
589
1
171
1
47
1
67
1
160
1
1699
1
557
1
738
1
58
1
611
1
152
1
218
1
75
1
573
1
66
1
350
1
308
1
11
1
71
1
1066
1
182
1
304
1
218
1
348
1
1053
1
311
1
345
1
152
1
295
1
514
1
752
1
115
1
54
1
544
1
104
1
265
1
166
1
399
1
682
1
352
1
281
1
277
1
610
1
242
1
58
1
342
1
181
1
538
1
544
1
94
1
77
1
592
1
139
1
794
1
648
1
239
1
272
1
90
1
367
1
678
1
217
1
639
1
106
1
611
1
159
1
285
1
91
1
163
1
153
1
138
1
672
1
772
1
80
1
249
1
90
1
411
1
34
1
195
1
704
1
915
1
622
1
113
1
260
1
182
1
203
1
69
1
13
1
416
1
321
1
811
2
111
1
23
1
171
1
1285
1
164
1
63
1
456
1
718
1
182
1
45
1
229
1
580
1
1135
1
90
1
471
1
144
1
78
1
101
1
388
1
24
3
53
1
147
1
193
1
93
1
1081
1
357
1
349
1
287
1
337
1
473
1
244
1
482
1
419
1
321
1
68
1
53
1
854
1
337
1
90
1
228
2
386
1
565
1
76
1
348
1
195
1
104
1
866
1
78
1
180
1
180
1
383
1
154
1
640
1
683
1
219
1
75
1
271
1
90
1
82
1
636
1
234
1
502
1
538
1
184
1
152
1
255
1
140
1
232
1
434
3
56
1
68
1
657
1
24
2
373
1
14
1
480
1
239
1
345
1
127
1
47
1
34
1
82
1
425
1
1711
1
966
1
4
1
101
1
21
1
274
1
383
1
22
1
207
1
13
1
166
1
270
1
150
1
59
1
750
1
35
1
339
1
195
1
238
1
12
1
10
1
260
1
512
1
12
1
114
1
259
1
628
1
1377
1
113
1
738
1
404
1
465
1
695
1
102
1
250
1
180
1
525
1
195
1
255
1
14
1
161
1
784
1
72
1
68
1
810
1
77
1
1546
1
260
1
180
1
205
1
163
1
156
1
511
1
755
1
20
1
21
1
11
1
47
1
762
1
115
1
183
1
346
1
14
1
1019
1
784
1
67
1
671
1
1756
1
191
1
655
1
632
1
319
1
512
1
857
1
11
1
81
1
171
1
509
1
22
1
36
1
495
1
229
1
70
1
1228
1
316
1
21
1
798
1
152
1
170
1
534
1
79
1
1250
1
197
1
56
1
127
1
682
1
127
1
64
1
271
1
297
1
10
1
242
1
649
1
327
1
564
1
63
1
13
1
257
1
410
1
82
1
154
1
362
1
333
1
614
1
220
1
348
1
275
1
262
1
257
1
255
1
58
1
145
1
664
1
1582
1
351
1
564
1
77
1
585
1
24
2
216
1
440
1
137
1
937
1
14
1
77
1
440
1
151
1
372
1
180
1
288
1
26
1
794
1
328
1
181
1
1075
1
453
1
90
1
90
1
138
1
125
1
11
1
14
1
77
1
439
1
170
2
138
1
245
1
156
1
1065
1
23
1
32
1
603
1
370
1
563
1
12
1
810
1
810
1
203
1
1082
1
275
1
870
1
12
2
68
1
499
1
356
1
181
1
182
1
304
1
208
1
114
1
155
1
368
1
115
1
78
1
544
1
44
1
775
1
10
1
23
1
206
1
663
1
54
1
78
1
104
1
811
1
556
1
987
1
591
2
56
1
161
1
415
1
128
1
344
1
257
1
901
1
1806
1
171
1
590
1
140
1
171
1
164
1
265
1
207
1
245
1
444
1
761
1
43
1
3
1
217
1
588
1
835
1
68
1
463
1
313
1
406
1
342
1
286
1
181
1
165
1
162
1
59
1
496
1
229
1
152
1
171
1
462
1
10
1
47
1
47
1
54
1
840
1
813
1
78
1
348
1
90
1
92
1
114
1
485
1
474
1
347
1
901
1
947
1
798
1
47
1
104
1
171
1
508
1
103
1
784
1
797
1
1037
1
548
1
35
1
810
1
225
1
90
1
270
1
540
1
406
1
47
1
264
1
463
1
21
1
36
1
10
1
104
1
680
1
103
1
785
1
239
1
496
1
223
1
166
1
76
1
13
1
180
1
135
1
11
1
60
1
68
1
78
1
77
1
523
1
93
1
36
1
79
1
575
1
23
1
544
1
265
1
287
1
346
1
222
1
55
1
78
1
180
1
180
1
207
1
58
1
115
1
680
1
103
1
785
1
146
1
92
1
496
1
185
1
672
1
160
1
77
1
180
1
330
1
73
1
148
1
347
1
275
1
981
1
810
1
556
1
58
1
33
1
599
1
278
1
716
1
439
1
89
1
89
1
317
1
78
1
1399
1
209
1
438
1
195
1
251
1
511
1
127
1
156
1
468
1
854
1
46
1
11
1
12
1
750
1
59
1
68
1
723
1
79
1
22
1
717
1
11
1
161
1
245
1
105
1
181
1
55
1
13
1
45
1
134
1
11
1
93
1
510
1
44
1
83
1
78
1
576
1
70
1
316
1
2056
1
127
1
657
1
46
1
105
1
426
1
259
1
73
1
495
1
721
1
91
1
297
1
213
1
500
1
163
1
156
1
275
1
534
1
513
1
464
1
471
1
78
1
664
1
145
1
258
1
90
1
90
1
291
1
517
1
250
3
21
1
31
1
91
1
146
1
25
2
559
1
158
1
555
1
12
1
319
1
626
1
92
1
154
1
267
1
51
1
22
1
12
1
752
1
69
1
47
1
54
1
352
1
91
1
535
1
167
1
642
1
91
1
165
1
229
1
70
1
146
1
196
1
508
2
292
1
419
1
82
1
242
1
258
1
1349
1
509
1
13
1
45
1
148
1
258
1
90
1
227
1
583
1
203
1
319
1
195
1
165
1
85
1
136
1
330
1
626
1
348
1
226
1
102
1
81
1
225
1
549
1
169
1
25
1
473
1
70
1
93
1
797
1
171
1
1531
1
438
1
113
1
10
1
151
1
78
1
590
1
127
1
729
1
768
1
10
1
140
1
12
1
145
1
67
1
10
1
652
1
55
1
37
1
483
1
140
1
93
1
260
1
1081
1
704
1
525
1
399
1
10
1
22
1
11
1
993
1
104
1
91
1
254
1
463
1
532
1
100
1
35
1
65
1
13
1
553
1
38
1
20
1
21
1
766
1
56
1
69
1
340
1
511
1
360
1
208
1
185
1
337
1
706
1
194
1
204
1
319
1
105
1
362
1
250
1
451
1
162
1
13
1
45
1
703
1
69
1
100
1
361
1
66
1
279
1
191
1
617
1
43
1
716
1
21
1
196
1
282
1
77
1
208
1
266
1
437
1
185
1
106
1
632
1
241
1
92
1
91
1
179
1
89
1
263
1
530
1
162
1
59
1
734
1
139
1
285
1
232
1
161
1
48
1
34
1
203
1
371
1
13
1
207
1
13
1
318
1
432
1
44
1
124
1
360
1
324
1
151
1
658
1
43
1
11
1
78
1
91
1
92
1
383
1
10
1
22
1
11
1
116
1
172
1
637
1
635
1
808
1
286
1
426
1
208
1
12
1
737
1
36
1
10
1
600
1
221
1
498
1
382
1
246
1
91
1
387
1
239
1
1309
1
23
1
116
1
635
1
174
1
997
1
91
1
547
1
417
1
13
1
237
1
275
1
117
1
416
1
207
1
441
1
291
1
430
1
248
1
60
1
31
1
193
1
523
1
634
1
106
1
102
1
81
1
635
1
10
1
47
1
21
1
172
1
347
1
412
1
341
1
165
1
137
1
82
1
241
1
258
1
90
1
146
1
127
1
94
1
169
1
405
1
11
1
58
1
500
1
311
1
68
2
154
1
91
1
76
1
180
1
187
1
32
1
498
1
1839
1
22
1
71
1
917
1
147
1
13
1
483
1
83
1
149
1
66
1
90
1
183
1
151
1
71
1
799
1
164
1
65
1
13
1
77
1
487
1
230
1
66
1
512
1
308
1
274
1
310
1
68
1
52
1
193
1
91
1
364
1
79
1
106
1
541
1
34
1
138
1
156
1
12
1
167
1
457
1
55
1
44
1
10
1
105
1
76
1
167
1
309
1
81
1
146
1
617
1
530
1
172
1
116
1
182
1
93
1
164
1
228
1
297
1
990
1
104
1
263
1
116
1
79
1
166
1
375
1
21
1
23
1
388
1
182
1
718
1
165
1
167
1
166
1
201
1
34
1
65
1
400
1
23
1
149
1
705
1
354
1
374
1
251
1
510
1
274
1
192
1
342
1
208
1
258
1
90
1
227
1
70
1
56
1
90
1
901
1
499
1
11
1
571
1
712
1
494
1
213
1
294
1
104
1
263
1
169
1
456
1
10
1
23
1
227
1
92
1
255
1
436
1
26
1
243
1
278
1
169
1
569
1
172
1
442
1
238
1
571
1
203
1
425
1
413
1
81
1
331
1
65
1
26
1
626
1
497
1
390
1
456
1
104
1
656
1
83
1
576
1
233
1
111
1
25
1
257
1
285
1
115
1
33
1
22
1
13
1
428
1
720
1
89
1
297
1
12
1
122
1
104
1
271
1
396
1
79
1
235
1
576
1
563
1
70
1
11
1
215
1
570
1
23
1
810
1
576
1
175
1
57
1
111
1
26
1
542
1
91
1
23
1
44
1
901
1
184
1
89
1
271
1
66
1
47
1
241
1
598
1
68
1
79
1
337
1
324
1
68
1
235
1
271
1
219
1
215
1
11
1
582
1
228
1
638
1
695
1
32
1
82
1
53
1
284
1
284
1
187
1
155
1
93
1
89
1
398
1
229
1
519
1
60
1
827
1
410
1
386
1
13
1
68
1
80
1
154
1
408
1
82
1
56
1
158
1
195
1
443
1
184
1
256
1
1027
1
505
1
282
1
149
1
193
2
346
1
1089
1
12
1
65
1
12
1
1396
1
1598
1
251
1
93
2
715
1
337
1
13
1
226
1
927
1
704
1
35
1
36
1
725
1
140
1
65
1
12
1
816
1
10
1
169
1
78
1
298
1
126
1
22
1
702
1
484
1
397
1
1390
1
290
1
691
1
101
1
171
1
1321
1
46
1
81
1
65
1
12
1
257
1
266
1
120
1
41
1
242
1
66
1
78
1
328
1
81
1
24
2
123
1
158
1
195
1
318
1
715
1
404
1
1067
1
125
1
138
1
196
1
258
1
457
1
65
1
180
1
916
1
364
1
93
1
166
1
167
1
15
1
231
1
672
1
230
1
46
1
102
1
340
1
204
1
80
1
10
1
253
1
474
1
93
1
396
1
180
1
233
1
68
1
65
1
568
1
241
1
93
1
349
1
135
1
11
1
205
1
798
1
284
1
91
1
161
1
191
1
90
1
15
1
74
1
90
1
508
1
81
1
80
1
533
1
183
1
253
1
887
1
547
1
145
1
399
1
602
1
719
1
90
1
367
1
12
1
521
1
194
1
11
1
12
1
149
1
348
1
91
1
159
1
649
1
152
1
28
1
66
1
149
1
78
1
133
1
37
1
62
1
299
1
355
1
545
1
237
1
196
1
319
1
135
1
706
1
105
1
63
1
78
1
516
1
70
1
159
1
495
1
58
1
68
1
428
1
104
1
264
1
106
1
541
1
420
1
13
1
522
1
11
1
111
1
617
1
54
1
397
1
356
1
192
1
157
1
538
1
47
1
329
1
325
1
286
1
582
1
83
1
726
1
56
1
93
1
166
1
432
1
468
1
317
1
83
1
408
1
180
1
112
1
149
1
56
1
43
1
101
1
182
1
64
1
310
1
47
1
203
1
168
1
356
1
79
1
45
1
81
1
142
1
194
1
225
1
151
1
343
1
73
1
538
1
13
1
347
1
810
1
137
1
152
1
54
1
26
1
256
1
329
1
390
1
180
1
630
1
179
1
89
1
262
1
56
1
66
1
92
1
168
1
64
1
101
1
208
1
47
1
296
1
432
1
79
1
206
1
258
1
90
1
134
1
37
1
925
1
144
1
15
1
462
1
680
1
173
1
184
1
374
1
238
1
116
1
90
1
185
1
89
1
88
1
296
1
148
1
92
1
473
1
90
1
46
1
68
1
43
1
36
1
64
1
13
1
260
1
251
1
865
1
23
1
207
1
333
1
138
1
48
1
79
1
286
1
559
1
222
1
1003
1
250
1
130
1
53
1
193
5
89
1
88
1
236
1
71
1
227
1
363
1
134
1
83
1
135
1
1501
1
228
1
259
1
286
1
34
1
490
1
342
1
33
1
81
1
613
1
912
1
82
1
257
1
340
1
35
1
23
1
71
1
52
1
101
1
467
1
820
1
241
1
703
1
33
1
34
1
80
1
564
1
151
1
510
1
217
1
82
1
405
1
471
1
145
1
101
1
318
1
93
1
811
1
138
1
63
1
106
1
270
1
216
1
135
1
95
1
518
1
454
1
309
1
10
1
22
1
35
1
171
1
77
1
360
1
571
1
258
1
186
1
192
1
174
1
167
2
272
1
181
1
265
1
291
1
32
1
70
1
81
1
43
1
117
1
567
1
67
1
79
1
78
1
350
1
207
1
94
1
510
1
134
1
24
1
44
1
67
1
169
1
275
1
296
1
419
1
167
1
222
1
836
1
161
1
13
1
111
1
33
1
324
1
60
1
184
1
204
1
204
1
153
1
222
1
227
1
10
1
105
1
164
1
76
1
154
1
81
1
43
1
672
1
80
1
79
1
173
1
781
1
285
1
160
1
299
1
165
1
77
1
13
1
311
1
498
1
285
1
523
1
223
1
80
1
115
1
728
1
216
1
260
1
90
1
146
1
151
1
330
1
375
1
159
1
25
1
143
1
12
1
167
1
322
1
148
1
172
1
558
1
623
1
80
1
23
1
304
1
193
1
91
1
160
1
127
1
65
1
616
1
1046
1
251
1
153
1
324
1
146
1
13
1
1060
1
234
1
47
1
34
1
150
1
64
1
731
1
171
1
523
1
101
1
810
1
156
1
1244
1
11
1
92
1
450
1
491
1
91
1
156
1
67
1
100
1
149
1
92
1
12
1
44
1
249
1
585
1
692
1
10
1
239
1
157
1
25
1
165
1
138
1
105
1
70
1
301
1
561
1
649
1
317
1
283
1
137
1
37
1
44
1
12
1
111
1
24
1
76
1
271
1
90
1
290
1
919
1
235
1
168
1
255
1
150
1
634
1
94
1
406
1
91
1
204
1
175
1
63
1
14
1
566
1
321
1
443
1
44
1
136
1
440
1
289
1
236
1
192
1
266
1
195
1
166
1
180
1
251
1
129
1
338
1
89
1
340
1
34
1
350
1
12
1
92
1
62
1
255
1
124
1
169
1
157
1
357
1
69
1
864
1
78
1
905
1
543
1
327
1
425
1
56
1
79
1
156
1
11
1
432
1
468
1
329
1
58
1
332
1
90
1
88
1
89
1
648
1
91
1
444
1
441
1
381
1
338
1
390
1
66
1
78
1
349
1
208
1
174
1
335
1
228
1
128
1
35
1
506
1
232
1
44
1
91
1
156
1
11
1
271
1
539
1
1
3
89
1
87
1
296
1
57
1
25
1
156
1
362
1
305
1
92
1
705
1
328
1
469
1
104
1
78
1
579
1
125
1
90
1
91
1
477
1
397
1
459
1
915
1
165
1
5
1
87
3
86
1
89
1
195
1
93
1
522
1
101
1
43
1
58
1
57
1
90
1
92
2
254
1
330
1
22
1
104
1
124
1
352
1
297
1
81
1
64
1
78
1
78
1
308
1
113
1
57
1
93
1
247
1
182
1
112
1
410
1
12
1
167
1
333
1
566
1
148
1
95
1
565
1
185
1
784
1
286
1
583
1
135
1
978
1
192
1
373
1
347
1
76
1
1008
1
355
1
1276
1
774
1
845
1
797
1
343
1
1272
1
1060
1
90
1
271
1
208
1
80
1
157
1
363
1
993
1
1256
1
1173
1
92
1
92
1
1166
1
722
1
351
1
261
1
272
1
180
1
356
1
273
1
90
1
1097
1
249
1
901
1
1173
1
11
1
991
1
350
1
180
1
70
1
271
1
271
1
812
1
90
1
1895
1
12
1
704
1
23
1
1951
1
542
1
90
1
13
1
261
1
550
1
334
1
265
1
1722
1
355
1
385
1
2592
1
701
1
114
1
77
1
547
1
159
1
916
1
168
1
811
1
441
1
1085
1
2181
1
802
1
158
1
570
1
175
1
520
1
368
1
167
2
1162
1
194
1
170
1
2181
1
1547
1
419
1
982
1
191
1
91
1
67
1
181
1
1358
1
980
1
2193
1
145
1
13
1
1080
1
87
1
302
1
79
1
62
1
350
1
314
1
942
1
11
1
95
1
1432
1
718
1
1974
1
463
1
22
1
80
1
173
1
62
1
285
1
89
1
198
1
252
1
639
1
74
1
572
1
238
1
171
1
714
1
560
1
797
1
707
1
900
1
273
1
488
1
82
2
350
1
62
1
312
1
2
1
144
1
90
1
258
1
102
1
196
1
822
1
162
1
245
1
180
1
629
1
271
1
1440
1
1094
1
11
1
331
1
488
1
78
3
168
1
244
1
810
1
193
1
117
1
45
1
102
1
13
1
350
1
272
1
264
1
568
1
879
1
249
1
181
1
308
1
501
1
627
1
443
1
22
1
11
1
161
1
736
1
2
2
412
1
311
1
3
1
494
1
644
1
75
1
366
1
33
1
500
1
1119
1
319
1
466
1
68
1
456
1
272
1
184
1
613
1
851
1
4
1
415
1
472
3
338
1
74
1
15
1
89
1
89
1
524
1
1187
1
22
1
69
1
4035
1
10
1
351
1
167
1
198
1
103
1
811
1
80
1
692
1
22
1
14
1
143
1
454
1
92
1
183
1
1458
1
254
1
543
1
342
1
560
1
1414
1
1010
1
12
1
159
1
732
1
429
1
261
1
763
1
149
1
169
1
490
1
56
1
753
1
797
1
1045
1
24
1
1236
1
129
1
163
1
729
1
726
1
57
1
26
1
1605
1
341
1
455
1
261
1
91
1
400
1
816
1
2
1
160
1
648
1
807
1
1
1
66
1
55
1
197
1
254
1
207
1
24
2
149
1
337
1
391
1
326
1
456
1
353
1
364
1
2460
1
175
1
244
1
401
1
410
3
400
1
302
1
15
1
488
1
123
1
25
1
715
1
696
1
911
1
798
1
272
1
733
1
738
1
169
1
477
1
486
1
323
1
811
1
66
1
510
1
300
1
53
1
25
1
338
2
375
1
15
1
155
1
168
1
355
1
923
1
340
1
1217
1
4
1
64
1
79
1
15
1
51
1
22
1
362
1
1021
1
53
1
903
1
246
1
366
1
44
1
775
1
251
1
90
1
1082
1
1073
1
24
1
79
1
670
1
144
1
272
1
245
1
26
1
81
1
275
1
437
1
128
1
1480
1
539
1
376
1
21
1
58
1
763
1
810
1
57
1
340
1
90
1
353
1
11
1
840
2
79
1
1
2
257
1
90
1
90
1
1336
1
465
1
253
1
534
1
275
1
167
1
481
1
67
1
742
1
145
1
272
1
391
1
53
1
685
1
397
1
411
1
326
1
465
1
10
1
1209
1
104
1
89
1
215
1
152
1
78
1
649
1
81
1
2266
1
798
1
604
1
235
1
73
1
806
2
507
1
436
1
628
1
33
1
727
1
150
1
1447
1
186
1
657
1
45
1
11
1
12
1
509
1
90
1
209
1
326
1
420
1
66
1
80
1
659
1
1
1
306
1
77
1
282
1
198
1
418
1
333
2
475
1
356
1
10
1
533
1
381
1
337
1
90
1
228
1
230
1
579
1
671
1
138
1
885
1
136
1
22
1
91
1
720
1
257
1
89
1
89
1
95
1
47
1
68
2
236
1
499
1
139
1
171
1
500
1
475
1
90
1
90
1
184
1
763
1
151
1
520
1
102
1
341
1
273
1
809
1
305
1
147
1
195
1
454
1
340
1
482
1
43
1
117
1
576
1
1015
1
363
1
91
1
947
1
45
1
443
1
91
1
285
1
67
1
11
1
443
1
229
1
1060
1
166
1
434
1
271
1
180
1
77
1
289
1
24
1
329
1
363
1
159
1
180
1
515
2
659
1
112
1
92
1
80
1
65
1
106
1
165
1
92
1
227
1
764
1
45
1
33
1
454
1
321
1
782
1
58
1
281
1
11
1
181
1
308
1
578
1
207
1
58
1
36
1
738
1
124
1
182
1
615
1
195
1
475
1
594
1
377
1
172
1
165
1
93
1
296
1
512
1
192
1
616
1
292
1
23
1
1205
1
116
1
368
1
426
1
300
1
68
1
1072
1
90
1
165
1
357
1
823
1
167
1
991
1
446
1
14
1
621
1
43
1
1
1
693
1
171
1
169
1
285
1
354
1
13
1
612
1
42
1
401
1
270
1
209
1
239
1
570
1
134
1
744
1
1328
1
138
1
828
2
205
1
282
1
459
1
353
1
62
1
395
1
682
1
1095
1
181
1
89
1
89
1
252
1
24
1
78
1
534
1
114
1
12
1
224
1
1277
1
10
1
603
1
203
1
45
1
228
1
580
1
114
1
194
1
334
1
163
2
140
1
426
1
206
1
34
2
12
1
32
1
68
1
259
1
103
1
89
1
89
1
150
2
464
1
344
1
741
1
865
1
296
1
478
1
850
1
58
1
522
1
89
1
115
1
25
1
113
1
835
1
633
1
333
1
90
1
455
1
92
1
635
1
345
1
75
1
900
1
319
1
11
1
58
1
252
1
256
1
206
1
693
1
156
1
4
1
148
2
336
1
322
1
67
2
682
1
53
1
776
1
33
1
128
1
170
1
626
1
275
1
431
1
286
1
1252
1
43
1
11
1
71
1
42
1
24
1
624
1
1353
1
1128
1
570
1
89
1
137
1
11
1
222
1
259
1
627
1
511
1
113
1
659
1
47
1
773
1
83
1
405
1
332
1
204
1
105
1
504
1
26
1
125
1
133
1
1475
1
613
1
197
1
655
1
1016
1
362
1
90
1
221
1
67
1
658
1
46
1
36
1
1397
1
169
1
1
1
137
1
729
1
146
1
91
1
965
1
390
1
68
1
90
1
14
1
168
1
718
1
499
1
217
1
168
1
494
1
239
1
348
1
137
1
69
1
13
1
145
1
350
1
217
1
500
1
295
1
20
1
174
1
427
1
242
2
58
1
236
1
558
1
602
2
289
1
78
1
168
1
466
1
12
1
44
1
193
1
93
1
361
1
115
1
810
1
405
1
320
1
322
1
257
1
184
1
90
1
351
1
510
1
205
1
124
1
1506
1
103
1
466
1
161
1
648
1
163
1
256
1
389
1
330
1
90
1
388
1
672
1
137
1
797
1
146
1
90
1
530
2
56
1
11
1
2
1
236
1
1136
1
473
1
454
1
42
1
48
1
250
1
270
1
239
1
208
1
14
1
75
1
180
1
389
1
239
1
362
1
276
1
170
1
91
1
255
1
116
1
345
1
474
1
47
1
194
1
439
1
238
1
331
1
407
1
2
1
92
1
44
1
248
1
77
1
342
1
1
1
56
1
46
1
22
1
262
1
383
1
21
1
570
1
185
1
66
1
785
1
71
1
511
1
252
1
285
1
1067
1
240
1
11
1
103
1
11
1
770
1
3
1
53
1
274
1
383
1
26
1
217
1
348
1
540
1
91
1
62
1
341
1
480
1
720
1
431
1
47
1
511
1
252
1
193
1
578
1
821
1
115
1
195
1
724
1
979
1
888
1
11
1
318
1
153
1
79
1
167
1
419
1
661
1
160
1
47
1
82
1
681
1
772
1
70
1
11
1
738
1
115
1
658
1
261
1
589
1
107
1
126
1
76
1
77
1
538
1
195
1
568
1
69
1
613
1
126
1
737
1
59
1
12
1
69
1
233
1
14
1
180
1
89
1
135
1
403
1
394
1
82
1
68
1
78
1
77
1
512
1
11
1
793
1
21
1
312
1
257
1
65
1
473
1
272
1
203
1
335
1
533
1
10
1
93
1
79
1
258
1
1152
1
129
1
64
1
349
1
252
1
299
1
464
1
104
1
1307
1
258
1
287
1
78
1
179
1
89
1
302
1
67
1
193
1
272
1
112
1
320
1
258
1
642
1
181
1
274
1
22
1
82
1
248
1
384
1
10
1
165
1
156
1
557
1
80
1
66
1
104
1
486
1
23
1
12
1
452
1
900
1
296
1
273
1
348
1
197
1
93
1
133
1
205
1
513
1
115
1
625
1
12
1
79
1
589
1
12
1
59
1
42
1
274
1
419
1
141
1
1454
1
1390
1
205
1
124
1
684
1
90
1
249
1
78
1
191
1
197
1
54
1
14
1
112
1
171
1
76
1
421
1
12
1
59
1
146
1
352
1
295
1
82
1
415
1
395
1
966
1
499
1
310
1
523
1
271
1
271
1
90
1
144
1
104
1
1
1
134
1
103
1
556
1
163
2
52
1
708
1
203
1
90
1
316
1
83
1
70
1
250
1
489
1
473
1
102
1
104
1
185
1
325
1
354
1
210
1
257
1
90
1
203
1
46
1
59
1
409
1
315
1
71
1
55
1
275
1
506
1
2
1
191
1
46
2
52
1
22
1
526
1
34
1
673
1
204
1
259
1
65
1
115
1
102
1
20
1
10
1
83
1
45
1
718
1
914
1
810
1
338
1
471
1
156
1
272
1
249
1
886
1
2
1
712
1
166
1
796
1
339
1
316
1
83
1
57
1
646
1
974
1
679
1
469
1
328
1
59
1
602
1
183
1
430
1
536
1
579
1
924
1
24
1
125
1
155
1
258
1
118
1
197
1
249
1
74
1
401
1
227
1
180
1
389
1
81
1
338
1
274
1
42
1
22
1
858
1
11
1
1543
1
299
1
113
1
144
1
22
1
310
1
126
1
708
1
45
1
740
1
810
1
214
1
570
1
695
1
262
1
601
1
71
1
44
1
707
1
271
1
529
1
83
1
56
1
46
1
100
1
168
1
299
1
1086
1
349
1
539
1
153
1
390
1
599
1
12
1
148
1
59
1
11
1
150
1
167
1
364
1
31
1
164
1
80
1
258
1
387
1
316
1
14
1
90
1
74
1
207
1
32
1
827
1
83
1
56
1
136
1
89
1
89
1
22
1
307
1
208
1
1015
1
491
1
21
1
113
1
979
1
257
1
173
1
650
1
539
1
90
1
179
1
206
1
135
1
361
1
207
1
116
1
827
1
34
1
21
1
158
1
1267
1
239
1
36
1
154
1
377
1
183
1
157
1
271
1
629
1
181
1
629
1
181
1
89
1
146
1
71
1
320
1
73
1
471
1
66
1
614
1
13
1
285
1
463
1
135
1
318
1
354
1
69
1
270
1
360
1
13
1
184
1
104
1
249
1
1205
1
117
1
114
1
351
1
74
1
1008
1
718
1
127
1
751
1
101
1
1089
1
103
1
91
1
796
1
90
1
220
1
67
1
66
1
440
1
176
1
530
1
264
1
58
1
410
1
91
1
73
1
117
1
171
1
13
1
234
1
180
1
538
1
3126
1
236
1
384
1
162
1
94
1
336
1
237
1
483
1
241
1
61
1
246
1
169
1
464
1
329
1
420
1
11
1
35
1
159
1
90
1
536
1
115
1
325
1
447
1
466
1
272
1
100
1
79
1
21
1
352
1
203
1
103
1
195
1
124
1
466
1
93
1
327
1
77
1
900
1
554
1
62
1
425
1
682
1
80
1
46
1
305
1
561
1
429
1
238
1
11
1
59
1
135
1
586
1
20
1
244
1
78
1
145
1
389
1
446
1
302
1
778
1
184
1
55
1
284
1
91
1
523
1
105
1
559
1
159
1
624
1
428
1
12
1
250
1
59
1
69
1
157
1
90
1
343
1
723
1
13
1
172
1
145
1
81
1
64
1
56
1
100
1
652
1
183
1
313
1
83
1
397
1
180
1
164
1
112
1
56
1
204
1
1206
1
117
1
47
1
493
1
290
1
428
1
393
1
797
1
93
1
424
1
13
1
319
1
236
1
66
1
168
1
36
1
217
1
137
1
67
1
114
1
561
1
158
1
874
1
574
1
762
1
114
1
258
1
167
1
290
1
351
1
76
1
1007
1
31
1
70
1
80
1
261
1
256
1
13
1
236
1
83
1
1754
1
14
1
243
1
12
1
424
1
10
1
25
1
154
1
13
1
417
1
129
1
172
1
579
1
577
1
810
1
114
1
104
1
1220
1
165
1
493
1
484
1
118
1
34
1
123
1
10
1
115
1
490
1
214
1
90
1
90
1
457
1
56
1
191
1
14
1
243
1
11
1
916
1
114
1
69
1
506
1
245
1
57
1
65
1
182
1
90
1
294
1
44
1
1098
1
272
1
74
1
320
1
13
1
65
1
92
1
335
1
232
1
69
1
66
1
350
1
255
1
373
1
272
1
162
1
207
1
169
1
164
1
77
1
245
1
703
1
128
1
34
1
80
1
258
1
90
1
75
1
161
1
116
1
106
1
152
1
14
1
406
1
404
1
416
1
47
1
23
1
56
1
13
1
52
1
451
1
558
1
78
1
424
1
149
1
170
1
383
1
242
1
352
1
90
1
287
1
81
1
412
1
188
1
43
1
136
1
11
1
661
1
34
1
375
1
165
1
173
1
286
1
77
1
16
1
475
1
68
1
877
1
702
1
126
1
451
1
527
1
24
1
167
1
605
1
571
1
508
1
358
1
639
1
20
1
250
1
168
1
16
1
163
1
289
1
13
1
680
1
286
1
455
1
250
1
104
1
916
1
90
1
355
1
54
1
402
1
230
1
234
1
13
1
145
1
581
1
811
1
136
1
577
1
869
1
80
1
157
1
1322
1
58
1
147
1
181
1
601
1
67
1
13
1
79
1
77
1
77
1
398
1
26
1
54
1
45
1
101
1
259
1
334
1
11
1
191
1
104
1
244
1
12
1
114
1
514
1
305
1
10
1
82
1
475
1
322
1
136
1
798
1
451
1
12
1
160
1
71
1
136
1
636
1
509
1
388
1
238
1
111
1
78
1
23
1
91
1
112
1
266
1
78
1
169
1
411
1
1352
1
160
1
495
1
467
1
634
1
10
1
22
1
377
1
77
1
459
1
259
1
469
1
249
1
761
1
11
1
214
1
21
1
297
1
399
1
537
1
1002
1
270
1
104
1
102
1
80
1
45
1
565
1
160
1
83
1
57
1
81
1
552
1
489
1
102
1
287
1
92
1
235
1
12
1
419
1
83
1
396
1
406
1
10
1
58
1
274
1
76
1
145
1
35
1
300
1
159
1
168
1
398
1
137
1
146
1
36
1
488
1
137
1
66
1
270
1
299
1
92
1
80
1
77
1
91
1
91
1
325
1
83
1
692
1
869
1
10
1
22
1
11
1
293
1
732
1
90
1
384
1
90
1
43
1
150
1
78
1
259
1
65
1
24
1
93
1
136
1
230
1
131
1
309
1
409
1
37
1
165
1
195
1
20
1
162
1
146
1
102
1
90
1
90
1
308
1
321
1
255
1
160
1
83
1
384
1
77
1
229
1
843
1
25
1
10
1
34
1
397
1
328
1
141
1
519
1
571
1
232
1
326
1
212
1
23
1
54
1
586
1
132
1
22
1
376
1
20
1
595
1
873
1
232
1
82
1
53
1
271
1
307
1
150
1
92
1
636
1
159
1
14
1
438
1
231
1
139
1
167
1
748
1
92
1
232
1
256
1
69
1
212
1
23
1
54
1
36
1
535
1
146
1
22
1
397
1
788
1
127
1
32
1
24
1
158
1
335
1
209
1
22
1
125
1
22
1
350
1
322
1
138
1
439
1
264
1
106
1
74
1
92
1
180
1
89
1
206
1
11
1
321
1
179
1
232
1
161
1
57
1
21
1
674
1
55
1
395
1
561
1
181
1
90
1
76
1
13
1
230
1
136
1
648
1
82
1
158
3
635
1
56
1
624
1
210
2
74
1
185
1
624
1
477
1
21
1
70
1
746
1
253
1
157
1
90
1
156
1
118
1
123
1
57
1
68
1
452
1
218
1
81
1
705
1
10
1
24
1
282
1
431
1
298
1
15
2
691
1
375
1
263
1
20
1
92
1
79
1
1
3
164
1
3
2
371
1
43
1
58
1
787
1
22
1
68
1
14
1
1006
1
79
1
145
1
330
1
93
1
694
1
185
1
79
1
42
1
203
1
90
1
229
1
149
1
134
1
10
1
11
1
168
1
78
1
138
1
186
1
495
1
381
1
337
1
323
1
55
1
93
1
154
1
15
1
340
1
148
1
227
1
335
1
174
1
58
1
55
1
533
1
224
1
116
1
123
1
102
1
169
1
214
1
379
1
100
1
191
1
126
1
20
1
325
1
473
1
10
1
82
1
12
1
282
1
11
1
183
1
719
1
241
1
110
1
57
1
21
1
285
1
454
1
104
1
158
1
76
1
387
1
603
1
90
1
114
1
839
1
660
1
25
1
377
1
730
1
160
1
452
1
80
1
250
1
181
1
183
1
144
1
313
1
76
1
490
1
320
1
406
1
950
1
55
1
23
1
514
1
62
1
807
1
49
1
30
1
510
1
309
1
10
1
69
1
341
1
92
1
191
1
277
1
78
1
77
1
466
1
239
1
363
1
217
1
81
1
237
1
183
1
601
1
282
1
116
1
240
1
26
1
51
1
25
1
637
1
12
1
644
1
117
1
10
1
90
1
90
1
486
1
160
1
440
1
267
1
79
1
54
1
421
1
213
1
92
1
11
1
308
1
54
1
459
1
1017
1
75
1
478
1
240
1
465
1
240
1
601
1
153
1
235
1
397
1
932
1
82
1
394
1
448
1
283
1
54
1
289
1
79
1
43
1
685
1
79
1
44
1
80
1
65
1
12
1
144
1
835
1
386
1
57
1
36
1
239
1
73
1
297
1
185
1
1214
1
240
1
152
1
80
1
676
1
319
1
12
1
384
1
219
1
375
1
252
1
79
1
56
1
672
1
54
1
216
1
157
1
114
1
308
1
149
1
262
1
74
1
310
1
81
1
66
1
259
1
180
1
116
1
252
1
66
1
522
1
128
1
25
1
402
1
208
1
524
1
89
1
327
1
319
1
548
1
183
1
77
1
235
1
171
1
27
1
79
1
295
1
76
1
356
1
20
1
10
1
175
1
221
1
379
1
43
1
11
1
137
1
170
1
477
1
23
1
220
1
163
1
297
1
43
1
47
1
227
1
522
1
221
1
167
1
491
1
152
1
166
1
75
1
104
1
89
1
183
1
41
1
343
1
423
1
79
1
360
1
448
1
43
1
753
1
11
1
349
1
379
1
20
1
22
1
149
1
566
1
93
1
70
1
325
1
413
1
487
1
265
1
196
2
73
1
90
1
167
1
369
1
24
1
324
1
442
1
149
1
13
1
542
1
103
1
69
1
80
1
797
1
248
1
90
1
90
1
242
1
479
1
374
1
658
1
37
1
44
1
70
1
157
1
65
1
192
1
90
1
276
1
351
1
3
1
90
1
88
1
193
1
92
1
248
1
167
1
551
1
566
1
111
1
10
1
47
1
44
1
384
1
299
1
46
1
11
1
169
1
125
1
303
1
129
1
204
1
464
1
139
1
287
1
75
1
93
1
234
1
82
1
68
1
159
1
171
1
303
1
93
1
242
1
500
1
553
1
90
1
137
1
47
1
708
1
77
1
205
1
168
1
519
1
277
1
201
1
156
1
162
1
92
1
161
1
79
1
311
1
141
1
21
1
94
1
66
1
79
1
66
1
271
1
185
1
207
1
327
1
1024
1
22
1
152
1
877
1
246
1
470
1
264
1
476
1
240
1
677
1
57
1
90
1
353
2
388
1
303
1
320
1
105
1
622
1
150
1
105
1
79
1
246
1
92
1
111
1
127
1
294
1
91
1
642
1
521
1
79
1
101
1
428
1
173
1
127
1
1330
1
456
1
206
1
75
1
77
1
323
1
411
1
399
1
318
1
75
1
332
1
69
1
55
1
183
1
373
1
114
1
491
1
74
1
231
1
11
1
69
1
224
1
78
1
26
1
326
1
58
1
23
1
309
1
464
1
160
1
92
1
334
1
382
1
656
1
113
1
80
1
44
1
602
1
69
1
798
1
24
1
225
1
407
1
81
1
46
1
102
1
13
1
79
1
154
1
296
1
344
1
352
1
239
1
282
1
409
1
309
1
12
1
785
1
26
1
74
1
387
1
59
1
101
1
24
1
974
1
349
1
927
1
124
1
150
1
303
1
261
1
128
1
34
1
239
1
373
1
240
1
272
1
182
1
629
1
314
1
219
1
13
1
716
1
740
1
11
1
23
1
33
1
12
1
235
1
841
1
477
1
93
1
67
1
432
1
122
1
103
1
230
1
485
1
81
1
137
1
755
1
147
1
350
1
112
1
80
1
343
1
719
1
154
1
482
1
12
1
66
1
168
1
503
1
45
1
11
1
932
1
729
1
304
1
103
1
91
1
122
1
505
1
314
1
81
1
57
1
340
1
90
1
390
1
82
1
311
1
26
1
90
1
111
1
186
1
682
1
429
1
912
1
310
1
69
1
429
1
660
1
477
1
93
1
67
1
172
1
167
1
91
1
101
1
20
1
103
1
151
1
250
1
395
1
82
1
303
1
411
1
412
3
291
1
127
1
59
1
52
1
90
1
652
1
314
1
629
1
522
1
221
1
259
4
86
1
89
1
124
1
229
1
135
1
170
1
272
1
193
1
253
1
63
1
78
1
24
1
91
1
203
1
160
1
430
1
136
1
558
1
356
1
44
1
79
1
810
1
2
1
81
1
1315
1
116
1
266
1
87
1
87
3
88
1
174
1
56
1
22
1
191
1
564
1
259
1
360
1
162
1
26
1
63
1
650
1
94
1
518
1
209
1
54
1
351
1
628
1
651
1
12
1
1514
1
264
1
77
1
491
1
409
1
542
1
104
1
91
1
719
1
437
1
707
1
223
1
79
1
954
1
363
1
537
1
272
1
182
1
35
1
762
1
115
1
741
1
226
1
737
1
92
1
718
1
441
1
263
1
755
2
132
1
730
1
889
1
661
1
513
1
1119
1
792
1
92
1
338
1
180
1
293
1
809
1
77
1
337
1
311
1
80
1
144
1
455
1
537
1
399
1
318
1
466
1
1597
1
34
1
12
1
770
1
34
2
77
1
171
1
167
1
377
1
13
1
79
1
732
1
63
1
13
1
417
1
812
1
307
1
81
1
420
1
1186
1
797
1
353
1
640
1
815
1
352
1
89
1
115
1
971
1
429
1
90
2
630
1
533
1
582
1
44
1
117
1
647
1
55
1
729
1
172
1
169
1
560
1
340
1
893
1
102
1
207
1
331
1
559
1
512
1
203
1
11
1
148
1
13
1
247
1
562
1
78
1
169
1
352
1
32
1
239
1
547
1
79
1
196
1
76
1
560
1
876
1
1274
1
1014
1
591
1
2
1
87
1
264
1
103
1
77
1
573
1
158
1
1790
1
400
1
42
1
741
1
1080
1
813
1
75
1
258
1
288
1
265
1
556
1
420
1
444
1
25
1
647
1
409
1
468
1
94
1
611
1
22
1
13
1
407
1
548
1
829
1
171
1
334
1
16
1
250
1
115
1
171
2
611
1
367
1
88
1
91
1
32
1
505
1
386
1
157
1
638
1
15
1
77
1
246
1
1213
2
52
1
183
1
523
1
114
1
171
1
76
1
716
1
204
1
155
1
114
1
267
1
168
1
641
1
259
1
616
1
639
1
442
1
446
1
24
1
519
1
209
1
1503
1
184
1
655
1
342
1
361
1
358
1
64
1
192
1
298
1
161
1
785
1
90
1
285
1
1268
1
170
1
1515
1
581
1
241
1
541
1
249
1
206
1
90
1
705
1
643
1
554
1
149
1
274
1
977
1
231
1
55
1
11
1
80
1
429
1
230
1
773
1
68
1
273
1
455
1
22
1
897
1
94
2
502
1
449
1
373
1
985
1
183
1
439
1
915
1
172
1
12
1
520
1
1347
1
718
1
497
1
2
1
236
1
572
1
54
1
79
1
364
1
90
1
88
1
93
1
33
1
2
1
213
1
104
1
464
1
92
1
600
1
139
1
34
1
181
1
105
1
441
1
32
1
960
1
443
1
229
1
488
1
284
1
92
1
12
1
158
1
579
1
79
1
890
1
339
1
250
1
723
1
539
1
271
1
138
1
399
1
410
1
216
1
365
1
203
1
23
1
150
1
78
1
581
1
135
1
660
1
227
1
588
1
80
1
814
1
77
1
247
1
481
2
42
1
117
1
531
1
250
1
453
1
462
1
166
1
365
1
104
1
78
1
614
1
22
1
79
1
169
1
490
1
13
1
1206
1
567
1
146
1
458
1
42
1
505
1
86
1
205
1
69
1
23
1
225
1
585
2
144
1
259
1
265
1
271
1
366
1
1024
1
162
1
339
1
273
1
46
1
68
1
54
1
11
1
352
1
1139
1
54
1
68
1
287
1
397
2
21
1
451
1
102
1
2
1
380
1
249
1
407
1
1
1
68
1
1308
3
442
1
537
1
867
1
148
1
171
1
1442
1
440
1
232
1
148
1
338
1
473
1
233
1
424
1
44
1
25
1
144
1
15
1
886
1
258
1
206
1
344
1
704
1
537
1
57
1
67
1
251
1
638
1
667
2
215
1
25
1
796
1
90
1
180
1
631
1
463
1
58
1
718
1
126
1
225
1
12
1
271
1
538
1
639
1
78
1
91
1
613
1
454
1
287
1
79
1
895
1
25
2
255
1
77
1
219
1
12
1
68
1
159
1
156
1
101
1
194
1
196
1
160
1
544
1
21
1
82
1
329
1
706
1
194
1
305
1
787
1
10
1
58
1
91
1
91
1
77
1
13
1
1528
1
588
1
33
1
112
1
67
1
25
2
333
1
102
1
130
1
44
1
10
1
68
1
194
1
91
1
396
2
150
1
156
1
180
1
89
1
89
1
140
2
44
1
171
1
13
1
258
1
305
1
13
2
55
1
147
1
604
1
69
1
68
1
624
1
116
1
497
1
228
1
308
1
90
1
398
1
1035
1
10
1
24
1
258
1
76
1
230
1
116
1
270
1
11
1
366
1
444
1
76
1
402
1
162
1
168
1
75
1
104
1
192
1
33
1
478
1
275
1
853
1
823
1
309
1
1271
1
239
1
10
1
284
1
75
1
14
1
74
1
14
1
356
1
168
1
409
1
152
1
157
1
181
1
75
1
13
1
355
1
25
1
79
1
334
1
1039
1
11
1
810
1
296
1
181
1
285
1
21
1
683
1
184
1
275
1
482
1
95
1
78
2
77
1
261
1
74
1
89
1
279
1
1254
1
433
1
822
1
349
1
276
1
103
1
171
1
257
1
1051
1
45
1
11
1
146
1
12
1
579
1
829
2
44
1
103
1
340
1
165
1
107
1
44
2
71
1
404
1
332
1
34
1
536
1
202
1
21
1
12
2
139
1
157
1
557
1
11
1
68
1
171
1
569
1
763
1
114
1
614
1
127
1
42
1
195
1
453
1
10
1
173
1
78
1
441
1
156
1
217
1
516
1
78
1
307
1
256
1
312
1
1
1
66
1
340
1
316
1
70
1
68
1
1330
1
289
1
171
1
545
1
249
1
272
1
228
1
1574
1
361
1
78
1
294
1
1
2
112
1
22
1
233
1
76
1
335
1
221
1
12
1
726
1
47
1
10
1
93
1
65
1
13
1
716
1
13
1
250
1
639
1
715
1
659
1
321
1
258
1
217
1
500
1
182
1
272
1
832
1
170
1
639
1
326
1
194
1
368
1
336
1
1122
1
67
1
742
1
161
1
335
1
229
1
12
1
69
1
589
1
92
1
90
1
36
1
588
1
567
1
90
1
306
1
798
1
14
1
67
1
421
1
319
1
193
1
463
1
164
1
32
1
24
1
394
1
914
1
354
1
1480
1
152
1
702
1
111
1
350
1
472
2
660
1
32
1
249
1
115
1
90
1
261
1
125
1
739
1
46
1
23
1
395
1
12
1
401
1
69
1
415
1
13
1
297
1
56
1
531
1
149
1
12
1
58
1
68
1
78
1
91
1
442
1
43
1
83
1
771
1
385
1
401
1
53
1
95
1
336
1
155
1
199
1
249
1
468
1
53
1
221
1
77
1
558
1
251
1
901
1
166
1
13
1
225
1
116
1
638
1
102
1
249
1
271
1
900
1
183
1
54
1
332
1
351
1
101
1
728
1
21
1
37
1
249
1
744
1
77
1
639
1
170
1
90
1
444
1
33
1
162
1
168
1
418
1
47
1
251
1
443
1
936
1
744
1
12
1
14
1
53
1
57
1
627
1
101
1
80
1
79
1
12
1
350
1
203
1
59
1
994
1
77
1
167
1
357
1
542
1
251
1
286
1
104
1
90
1
535
1
168
1
561
1
170
1
91
1
75
1
458
1
703
1
70
1
53
1
57
1
569
1
56
1
44
1
10
1
12
1
23
1
32
1
79
1
182
1
271
1
148
1
56
1
727
1
24
2
114
1
261
1
385
1
32
1
13
1
182
1
11
1
616
1
113
1
12
1
249
1
75
1
378
1
185
1
729
1
65
1
901
1
91
1
402
1
26
1
123
1
441
1
89
1
95
1
101
1
10
1
14
1
147
1
169
1
91
1
385
1
46
1
36
1
601
1
41
1
59
1
22
1
215
1
270
1
251
1
141
1
506
1
138
1
22
1
12
1
286
1
91
1
432
1
113
1
658
1
671
1
94
1
170
1
286
1
402
1
150
1
24
2
79
1
52
1
372
1
208
1
11
1
69
1
728
1
57
1
338
1
330
1
48
1
33
1
136
1
673
1
319
1
418
1
12
1
58
1
149
1
169
1
418
1
71
1
68
1
157
1
511
1
12
1
207
1
335
1
253
1
57
1
331
1
402
1
139
1
35
1
250
1
74
1
66
1
89
1
641
1
14
1
550
1
77
1
485
1
82
1
501
1
74
1
198
1
34
1
411
1
292
1
46
1
58
1
68
1
157
1
583
1
303
1
480
1
251
1
546
1
355
1
165
1
90
1
145
1
92
1
82
1
79
1
613
1
170
1
272
1
76
1
15
1
251
1
112
1
13
1
157
1
486
1
584
1
295
1
12
1
33
1
740
1
35
1
394
1
641
1
349
1
985
1
101
1
11
1
13
1
156
1
92
1
74
1
337
1
593
1
345
1
21
1
46
1
450
1
22
1
149
1
36
1
844
1
34
1
376
1
314
1
48
1
172
1
1344
1
20
1
46
1
558
1
214
1
10
1
11
1
36
1
354
1
166
1
299
1
80
1
170
1
504
1
288
1
382
1
166
1
41
1
69
1
23
2
248
1
257
1
105
1
500
1
562
1
66
1
115
1
383
1
105
1
738
1
378
1
167
1
250
1
1033
1
154
1
104
1
339
1
35
1
11
1
773
1
30
1
34
1
103
1
137
1
75
1
258
1
246
1
55
2
250
1
243
1
11
1
148
1
129
1
327
1
379
1
249
1
24
1
638
1
635
1
92
1
23
1
474
1
250
1
11
1
275
1
374
1
289
1
430
1
262
1
46
1
135
1
182
1
507
1
577
1
13
1
289
2
415
1
216
1
70
1
92
1
80
1
864
1
1416
1
124
1
452
1
125
1
490
1
356
1
56
1
227
1
498
1
785
1
535
1
76
1
13
1
52
1
210
1
115
2
1202
1
322
1
82
1
739
1
45
1
338
1
401
1
23
1
293
1
420
1
22
1
36
1
523
1
252
1
21
1
22
1
161
1
576
1
36
1
790
1
151
1
395
1
37
1
379
1
1537
1
70
1
159
1
256
1
89
1
137
1
10
1
71
1
69
1
890
1
77
1
487
1
10
1
833
1
2
1
557
1
378
1
144
1
12
1
805
1
258
1
209
1
136
1
487
1
76
1
645
1
152
1
279
1
35
1
159
1
442
1
41
1
82
1
960
1
350
1
225
1
152
1
249
1
166
1
266
1
32
1
173
1
426
1
173
1
23
1
104
1
340
1
351
1
100
1
180
1
67
1
89
1
36
1
262
1
135
1
103
1
126
1
334
1
290
1
507
1
232
1
57
1
24
1
715
1
750
1
47
1
728
1
21
1
70
1
239
1
732
1
647
1
81
1
1568
1
488
1
76
1
220
1
81
1
44
1
35
1
155
1
1208
1
33
1
72
1
725
1
11
1
743
1
275
1
601
1
544
1
266
1
126
1
249
1
256
1
167
1
325
1
63
1
11
1
258
1
267
1
35
1
80
1
574
1
37
1
772
1
559
1
345
1
47
1
326
1
91
1
74
1
161
1
116
1
729
1
34
1
319
1
395
1
163
1
54
1
821
1
1114
1
166
1
114
1
49
1
41
1
253
1
77
1
90
1
365
1
33
1
104
1
217
1
165
1
205
1
514
1
412
1
216
1
580
1
230
1
579
1
45
1
11
1
12
1
955
1
258
1
12
1
446
1
259
1
194
1
131
1
80
1
446
1
166
1
324
1
43
1
56
1
35
2
501
1
134
1
81
1
170
1
165
1
335
1
552
1
231
1
35
1
271
1
104
1
363
1
33
1
230
1
484
1
10
1
154
1
494
1
551
1
167
1
12
1
204
1
44
1
1025
1
10
1
158
1
282
1
255
1
556
1
231
1
137
1
402
1
220
1
105
1
236
1
257
1
12
1
93
1
263
1
427
1
243
1
1208
1
167
1
106
1
612
1
12
1
183
1
65
1
36
1
613
1
533
1
78
1
89
1
89
1
269
1
53
1
159
1
90
1
90
1
90
1
90
1
172
1
43
1
869
1
315
1
482
1
822
1
236
1
365
1
136
1
565
1
732
1
249
1
129
1
520
1
235
1
12
2
55
1
92
1
171
1
41
1
433
1
503
1
365
1
172
1
76
1
365
1
702
1
244
1
22
1
22
1
263
1
255
1
137
1
298
1
102
1
270
1
94
1
702
1
160
1
299
1
521
1
129
1
520
1
112
1
137
1
148
1
156
1
55
1
215
1
195
1
37
1
31
1
260
1
104
1
313
1
154
1
944
1
270
1
380
1
79
1
13
1
335
1
227
1
48
1
170
1
90
1
14
1
75
1
180
1
249
1
456
1
823
1
376
1
92
1
416
1
751
1
90
1
214
1
140
1
22
1
80
1
523
1
135
1
13
1
217
1
347
1
231
1
399
1
443
1
669
1
1691
1
23
1
137
1
796
1
701
1
399
1
181
1
82
1
122
1
81
1
80
1
523
1
90
1
32
1
11
1
775
1
47
1
296
1
476
1
242
1
347
1
231
1
33
1
259
1
103
1
365
1
103
1
145
1
468
1
20
1
161
1
92
1
245
1
14
1
900
1
336
1
151
1
144
1
78
1
114
1
285
1
10
1
296
1
651
1
105
1
75
1
418
1
37
1
21
1
11
1
321
1
362
1
53
1
287
1
14
1
507
1
71
1
136
1
648
1
161
1
810
1
261
1
164
1
161
1
11
1
286
1
91
1
518
1
465
1
483
1
145
1
101
1
346
1
100
1
35
1
133
1
1081
1
287
1
34
1
579
1
103
1
113
1
502
1
90
1
157
1
71
1
1595
1
826
1
103
1
1026
1
270
1
13
1
133
1
70
1
23
1
183
1
21
1
180
1
157
1
219
1
46
1
385
1
526
1
683
1
11
1
385
1
180
1
159
1
71
1
475
1
250
1
153
1
54
1
90
1
445
1
218
1
494
1
196
1
121
1
103
1
775
1
22
1
135
1
594
1
238
1
246
1
394
1
427
1
974
1
621
1
927
1
42
1
153
1
236
1
375
1
80
1
68
1
34
1
339
1
465
1
148
1
225
1
54
1
390
1
10
1
159
1
11
1
350
1
356
1
606
1
203
1
91
1
155
1
470
1
23
1
509
1
539
1
465
1
46
1
10
1
680
1
746
1
951
1
114
1
103
1
89
1
32
1
11
1
44
1
89
1
33
1
55
1
359
1
485
1
103
1
125
1
46
1
353
1
397
1
115
1
36
1
426
1
357
1
453
1
92
1
136
1
12
1
282
1
430
1
106
1
362
1
2145
1
31
1
115
1
31
1
136
1
143
1
159
1
300
1
23
1
556
1
58
1
273
1
91
1
313
1
38
1
56
1
218
1
257
1
379
1
614
1
113
1
57
1
104
1
426
1
231
1
11
1
22
1
116
1
78
1
649
1
67
1
65
1
605
1
910
1
11
1
89
1
227
1
261
1
134
1
70
1
23
1
486
1
123
1
140
1
103
1
614
1
443
1
316
1
107
1
57
1
67
1
169
1
181
1
181
1
113
1
81
1
656
1
377
1
283
1
219
1
149
1
555
1
694
1
204
1
42
1
47
1
102
1
248
1
617
1
24
1
259
1
412
1
124
1
580
1
70
1
752
1
450
1
346
1
139
1
63
1
168
1
102
1
298
1
93
1
667
1
59
1
149
1
77
1
181
1
76
1
103
1
114
1
604
1
244
1
70
1
21
1
47
1
79
1
22
1
248
1
66
1
744
1
411
1
22
1
193
1
1071
1
273
1
58
1
126
1
586
1
59
1
867
1
91
1
672
1
70
1
66
1
168
1
386
1
695
1
203
1
42
1
83
1
651
1
213
1
92
1
53
1
78
1
35
1
91
1
283
1
160
1
169
1
258
1
231
1
57
1
339
1
105
1
223
1
70
1
11
1
151
1
634
1
23
1
56
1
1242
1
308
1
149
1
168
1
641
1
168
1
182
1
89
1
223
1
21
1
243
1
169
1
467
1
237
1
168
1
66
1
471
1
105
1
243
1
117
1
59
1
136
1
133
1
102
1
503
1
565
1
811
1
146
1
389
1
91
1
166
1
15
1
535
1
456
1
10
1
173
1
593
1
49
1
135
1
80
1
33
1
32
1
91
1
134
1
10
1
25
1
75
1
298
1
92
1
79
1
66
1
11
1
55
1
204
1
173
1
284
1
78
1
324
1
382
1
271
1
237
1
82
1
24
1
556
1
145
1
276
1
205
1
91
1
272
1
91
1
11
1
12
1
42
1
194
1
64
1
26
1
2173
1
10
1
104
1
144
1
11
1
66
1
101
1
379
1
226
1
491
1
24
1
394
1
216
1
49
1
749
1
20
1
10
1
82
1
11
1
775
1
706
1
500
1
436
1
138
1
575
1
234
1
245
1
647
1
57
1
43
1
12
1
65
1
103
1
76
1
346
1
46
1
65
1
146
1
36
1
373
1
10
1
297
1
512
1
138
1
11
1
671
1
139
1
42
1
22
1
12
1
349
1
124
1
59
1
159
1
23
1
78
1
731
1
246
1
563
1
414
1
160
1
26
1
181
1
90
1
679
1
264
1
121
1
46
1
388
1
193
1
100
1
1210
1
10
1
69
1
23
1
225
1
12
1
245
1
254
1
126
1
55
1
113
1
467
1
148
1
349
1
116
1
955
1
559
1
216
1
21
1
796
1
39
1
40
1
20
1
10
1
162
1
417
1
277
1
34
1
67
1
214
1
10
1
22
1
888
1
1326
1
521
1
10
1
48
1
137
1
10
1
285
1
614
1
105
1
415
1
95
1
33
1
11
1
656
1
37
1
10
1
45
1
219
1
75
1
669
1
91
1
169
1
65
1
257
1
157
1
213
1
157
1
507
1
78
1
42
1
594
1
12
1
238
1
362
1
319
1
549
1
20
1
10
1
137
1
706
1
70
1
68
1
78
1
347
1
105
1
20
1
820
1
105
1
295
1
270
1
114
1
59
1
236
1
340
1
171
1
59
1
655
1
124
1
92
1
285
1
536
1
217
1
336
1
117
1
137
1
45
1
135
1
549
1
124
1
1137
1
286
1
20
1
869
1
10
1
172
1
77
1
760
1
339
1
367
1
22
1
56
1
169
1
25
1
351
1
444
1
489
1
57
1
79
1
13
1
132
1
22
1
502
1
57
1
12
1
133
1
286
1
251
1
54
1
151
1
335
1
346
1
207
1
164
1
307
1
21
1
128
1
11
1
12
1
66
1
168
1
77
1
550
1
12
1
851
1
326
1
378
1
264
1
244
1
13
1
92
1
123
1
296
1
23
1
54
1
37
1
396
1
398
1
549
1
545
1
31
1
27
1
42
1
11
1
136
1
350
1
250
1
36
1
10
1
35
1
11
1
450
1
12
1
90
1
147
1
480
1
181
1
218
1
149
1
554
1
40
1
768
1
122
1
94
1
66
1
417
1
137
1
150
1
79
1
275
1
466
1
159
1
556
1
307
1
23
1
978
1
90
1
255
1
857
1
143
1
181
1
388
1
161
1
426
1
432
1
331
1
64
1
66
1
130
1
135
1
56
1
24
1
32
1
205
1
502
1
123
1
13
1
132
1
116
1
282
1
33
1
104
1
45
1
66
1
184
1
291
1
186
1
43
1
102
1
92
1
411
1
360
1
114
1
91
1
241
1
53
1
227
1
26
1
873
1
420
1
11
1
24
1
170
1
195
1
63
1
11
1
987
1
10
1
187
1
271
1
57
1
697
1
79
1
132
1
191
1
277
1
10
1
354
1
166
1
218
1
228
1
78
1
398
1
345
1
168
1
305
1
48
1
32
1
57
1
273
1
902
1
250
1
111
1
34
1
384
1
192
1
247
1
92
1
184
1
549
1
76
1
373
1
113
1
298
1
11
1
409
1
549
1
474
1
59
1
788
1
454
1
90
1
64
1
149
1
596
1
150
1
121
1
10
1
34
1
45
1
263
1
718
1
1099
1
243
1
62
1
162
1
203
1
123
1
335
1
349
1
444
1
14
1
215
1
485
1
59
1
172
1
157
1
258
1
289
1
35
1
134
1
90
1
90
1
90
1
90
1
123
1
10
1
93
1
11
1
205
1
182
1
90
1
74
1
231
1
69
1
44
1
35
1
324
1
218
1
43
1
991
1
409
1
457
1
305
1
33
1
255
1
52
1
69
1
91
1
431
1
102
1
263
1
225
1
351
1
27
1
362
1
13
1
499
1
34
1
35
1
68
1
65
1
272
1
296
1
216
1
115
1
256
1
116
1
1156
1
584
1
229
1
22
1
78
1
90
1
274
1
160
1
125
1
249
1
76
1
55
1
10
1
835
1
123
1
38
1
296
1
649
1
213
1
26
1
51
1
204
1
811
1
205
1
22
1
193
1
372
1
176
1
54
1
230
1
649
1
81
1
425
1
248
1
717
1
129
1
44
1
160
1
65
1
247
1
23
1
459
1
260
1
307
1
81
1
81
1
79
1
76
1
466
1
173
1
65
1
12
1
336
1
313
1
67
1
261
1
181
1
204
1
34
1
181
1
23
1
336
1
188
1
286
1
566
1
69
1
987
1
115
1
233
1
278
1
32
1
238
1
78
1
168
1
323
1
12
1
67
1
224
1
23
1
468
1
56
1
452
1
382
1
337
1
90
1
217
1
716
1
10
1
70
1
57
1
90
1
67
1
23
1
167
1
357
1
66
1
856
1
79
1
168
1
180
1
568
1
11
1
78
1
182
1
76
1
617
1
78
1
401
1
11
1
80
1
224
1
560
1
183
1
488
1
11
1
140
1
79
1
165
1
91
1
307
1
23
1
295
1
1
3
392
1
10
1
152
1
82
1
51
1
10
1
15
1
522
1
31
1
80
1
67
1
696
1
45
1
79
1
440
1
247
1
16
1
76
1
44
1
10
1
57
1
372
1
472
1
223
1
320
1
173
1
78
1
169
1
92
1
212
1
242
1
78
1
78
1
13
3
256
1
355
1
272
1
411
1
56
1
79
1
78
1
78
1
12
2
501
1
203
1
11
1
2
1
507
1
953
1
416
2
89
1
244
1
184
1
614
1
38
1
213
1
226
1
298
1
136
1
44
1
170
1
396
1
173
1
306
1
267
1
154
1
228
1
352
1
183
1
90
1
276
1
75
1
91
1
64
1
160
1
58
1
148
1
377
1
294
1
80
1
225
1
420
1
23
1
152
1
928
1
624
1
92
1
228
1
12
1
78
1
77
1
90
1
216
1
69
1
159
1
90
1
325
1
576
1
397
1
489
1
90
1
241
1
102
1
283
1
183
1
227
1
229
1
324
1
138
1
173
1
508
1
85
1
40
1
425
1
838
1
92
1
64
1
266
1
191
1
115
1
65
1
12
1
582
1
202
1
56
1
21
1
11
1
295
1
20
1
38
1
42
1
868
1
57
1
21
1
260
1
901
1
796
1
14
1
202
1
21
1
37
1
113
1
225
1
270
1
172
1
1151
1
171
1
559
1
224
1
296
1
194
1
12
1
147
1
248
1
91
1
204
1
160
1
354
1
352
1
46
1
226
1
92
1
963
1
127
1
489
1
447
1
205
1
65
1
101
1
329
1
140
1
92
1
693
1
74
1
454
1
47
1
101
1
320
1
33
1
326
1
208
1
182
1
305
1
754
1
91
1
353
1
273
1
258
1
218
1
161
1
66
1
105
1
371
1
59
1
1004
1
246
1
15
1
313
1
48
1
599
1
198
1
79
1
156
1
33
1
45
1
78
1
811
1
64
1
146
1
21
1
148
1
401
1
272
1
378
1
172
1
76
1
65
1
25
1
75
1
368
1
104
1
170
1
165
1
218
1
22
1
683
1
59
1
455
1
90
1
235
1
468
1
318
1
10
1
59
1
92
1
160
1
473
1
59
1
79
1
41
1
21
1
126
1
569
1
431
1
12
1
560
1
145
1
236
1
35
1
458
1
235
1
101
1
288
1
521
1
218
1
22
1
114
1
103
1
234
1
24
1
204
1
59
1
350
1
798
1
431
1
27
1
31
1
254
1
532
1
79
1
75
1
114
1
478
1
30
1
902
1
229
1
13
1
64
1
181
1
1268
1
171
1
719
1
154
1
308
1
59
1
20
1
45
1
58
1
238
3
415
1
82
1
139
1
64
1
12
1
65
1
399
1
59
1
20
1
10
1
160
1
770
1
11
1
396
1
287
1
842
1
81
1
81
1
418
1
458
1
169
1
143
1
403
1
78
1
569
1
57
1
23
1
328
1
295
1
59
1
31
1
239
1
91
1
547
1
95
1
77
1
63
1
399
1
59
1
66
1
45
1
248
1
397
1
296
1
66
1
12
1
78
1
156
1
196
1
261
1
260
1
78
1
413
1
81
1
42
1
115
1
260
1
192
1
116
1
148
1
170
1
141
1
1121
1
12
1
328
1
1
1
293
1
423
1
718
1
66
1
399
1
240
1
361
1
165
