0
262449
1
73709
1
6478
1
29970
1
29158
1
7289
1
13769
1
7290
1
58318
1
14580
1
29159
1
36449
1
293214
2
808
2
6479
1
810
1
808
2
4046
1
1
1
7287
1
815
1
6473
1
809
1
2
1
1
1
804
1
1
1
808
2
7287
1
2
1
1618
1
5671
1
1616
1
4863
1
1614
1
6484
1
804
1
1622
1
2426
1
3244
1
1617
1
3242
1
3234
1
3
1
807
2
6476
1
812
1
5670
1
1618
1
808
1
1712
1
1522
1
1626
1
808
1
805
1
5674
1
803
1
814
1
1618
1
6476
1
3
1
806
1
901
1
5576
1
3
1
806
1
901
1
3961
1
10618
1
4770
1
1617
1
6477
1
6478
1
811
1
2522
1
5574
1
824
1
76
1
4766
1
1620
1
4047
1
3241
1
823
1
887
1
6572
1
715
1
7288
1
6574
1
6294
1
2520
1
5592
1
890
1
804
2
5576
1
16
1
74
1
809
1
2
1
806
1
3148
1
810
1
1710
1
1623
1
1522
1
2430
1
1634
1
75
1
8024
1
75
1
4767
1
1633
1
170
1
715
1
811
1
3956
1
3331
1
6401
1
75
1
810
1
5591
1
809
1
794
1
13
3
807
1
4860
1
170
1
637
1
795
1
16
1
805
1
2
1
807
1
4050
1
76
1
809
1
717
1
16
1
74
1
717
1
92
2
3147
1
1805
1
713
1
717
1
16
1
74
1
4
1
712
1
94
1
5592
1
13843
1
811
1
1623
1
4777
1
1697
1
2336
1
3424
1
639
1
75
1
810
1
812
2
4777
1
169
1
624
1
186
1
622
1
16
1
886
1
5575
1
13
1
1605
1
15
1
77
1
729
2
4844
1
12
1
888
1
734
1
75
1
4
1
724
1
2
1
807
1
796
1
2613
1
624
1
12
1
808
1
809
1
84
2
711
1
825
1
808
1
2429
1
76
1
93
1
636
1
808
1
889
1
3
1
730
1
75
2
1540
1
2431
1
77
1
92
1
639
1
792
1
809
1
809
1
4065
1
1699
1
6477
1
810
1
2334
1
1620
1
1804
1
715
1
811
1
811
1
1523
1
3238
1
15
1
1621
1
74
1
811
1
4855
1
734
1
793
1
903
1
4780
1
75
1
733
1
809
1
794
1
13
2
808
2
808
2
795
1
2428
1
14
1
168
1
638
2
171
1
715
1
735
1
74
1
2350
1
1
1
808
2
809
1
808
1
807
1
2510
2
731
1
2429
1
1615
1
1698
1
810
1
1
1
2351
1
809
1
888
1
10434
1
4141
2
5577
1
1805
1
639
1
74
3
1622
1
1522
1
1620
1
1617
1
16
1
1696
1
812
1
3144
1
4142
1
5591
1
169
1
714
1
811
1
2336
1
13
1
809
2
810
1
808
1
168
1
92
1
1357
2
74
1
95
1
634
4
806
1
2
1
79
2
2349
1
794
1
93
1
898
1
637
2
1
1
805
1
809
1
80
1
811
3
3160
1
76
2
991
1
544
4
170
1
1524
1
810
5
712
1
1620
1
16
1
76
1
9625
1
809
1
5761
1
2
1
5575
1
2524
1
810
1
2332
1
1620
1
1617
1
90
1
813
2
4765
1
1635
1
169
1
621
1
902
1
1
1
7194
1
91
1
812
2
2334
1
824
1
810
1
1620
1
1601
1
93
1
813
1
726
1
808
1
812
1
794
1
15
1
77
1
899
1
641
1
804
1
809
3
77
1
732
1
79
3
724
1
3
1
2507
1
732
1
167
1
635
2
4
1
809
1
808
2
74
1
734
1
76
4
711
1
17
1
809
1
886
1
811
1
39595
1
809
1
810
1
7288
1
811
1
7290
1
3234
1
813
1
4049
2
1614
1
2434
1
1615
1
810
1
813
1
4859
1
805
1
811
1
4045
1
816
1
808
1
809
1
7284
1
1621
1
1
1
4044
1
7296
1
2423
1
1621
1
1
1
5671
1
1618
1
25195
1
1527
1
3329
1
6391
1
1616
1
93
1
3146
1
4140
1
2
1
7291
2
804
2
5592
1
890
1
806
1
807
2
2336
1
2444
1
1699
1
728
1
809
1
77
1
3971
2
808
1
794
1
1632
1
810
1
3239
3
891
1
723
1
813
1
79
1
805
1
733
1
3237
4
792
1
825
1
793
1
11
1
893
1
729
1
887
2
2348
3
890
1
728
1
74
1
718
1
1715
1
4776
2
795
1
6495
1
808
1
808
1
83
1
4224
1
3064
1
1536
2
78
1
715
1
1893
1
717
1
2
1
1451
1
889
1
808
1
729
1
807
1
79
1
1800
3
718
2
2241
1
17
1
79
1
808
1
805
1
810
1
2523
1
3069
1
1615
1
811
1
78
2
1711
1
3874
1
4
1
78
1
726
1
811
2
78
1
986
1
2
3
713
1
4
1
633
1
171
2
3068
1
83
1
1538
1
1067
2
721
1
633
1
1699
1
2435
1
1534
1
169
1
809
1
812
1
3865
1
95
1
807
2
985
1
3059
1
730
1
810
1
889
1
1889
1
1439
4
3145
1
730
1
1712
1
258
1
1264
1
889
1
4796
1
339
1
85
2
628
1
5409
1
901
1
346
1
2
1
88
1
537
1
3
2
2961
1
3266
1
334
1
90
1
3
2
85
3
88
2
89
1
356
1
718
1
3149
1
2790
1
90
3
88
2
89
1
918
1
809
1
159
1
635
1
4049
1
15
1
77
1
3158
2
4129
1
352
1
375
2
78
1
172
1
558
1
161
1
647
1
3226
1
810
1
900
1
728
1
80
1
807
1
732
1
4858
1
79
1
348
2
269
2
357
2
2976
1
3680
1
3
1
86
3
89
1
90
1
355
1
2344
1
3965
1
353
1
84
1
3
1
85
1
94
1
109
1
2587
2
622
1
901
1
1620
1
741
1
245
1
276
1
174
1
112
1
245
1
2168
1
176
1
5036
1
467
1
3
1
246
1
2
2
554
1
810
2
158
1
2
1
3065
1
886
1
12
1
348
1
270
1
450
1
2249
1
1
1
647
1
3486
1
180
1
270
1
189
1
810
1
1
2
170
1
553
1
159
1
654
1
793
1
1700
1
1550
1
1703
1
165
1
564
1
1618
1
782
1
24
2
875
1
730
1
819
1
519
1
180
1
1002
1
169
1
560
1
159
1
1454
1
786
1
24
1
2857
1
90
1
90
3
87
4
103
1
345
1
548
1
730
1
885
1
728
1
811
2
2856
1
89
1
372
1
166
1
563
1
250
1
714
1
717
1
94
1
623
1
821
1
175
1
713
1
95
1
1454
1
891
1
75
1
653
2
249
1
1354
1
984
1
635
1
985
1
809
1
644
1
247
1
180
1
380
1
80
1
260
4
548
1
3319
1
810
1
1973
1
89
1
89
1
177
1
272
1
627
1
655
1
807
1
1780
3
713
1
1629
1
729
1
809
1
81
1
76
1
656
1
246
1
1
2
1352
1
79
1
904
1
2265
1
174
1
524
1
542
4
532
1
905
1
2179
1
808
1
2225
1
89
1
189
1
351
1
536
1
735
1
167
3
1526
1
1
1
3143
1
451
1
1087
1
355
2
476
1
240
2
637
1
889
2
652
1
1618
1
1682
1
729
1
10
1
344
1
453
1
25
1
238
1
568
2
67
1
890
2
1462
1
807
2
804
1
174
1
435
1
89
1
176
1
363
1
365
1
10
1
11
1
2
1
1047
2
570
1
69
1
886
1
1464
1
808
1
1235
1
89
1
289
1
81
1
811
1
74
1
93
1
559
2
1592
1
184
1
810
1
1618
1
727
1
258
1
1280
1
82
1
167
1
559
1
253
1
3146
1
1456
1
67
1
180
1
180
1
89
1
992
2
188
1
727
1
84
1
725
2
156
1
718
1
3980
1
67
1
364
4
176
2
87
1
3
1
103
1
344
2
548
1
165
1
563
1
248
1
544
1
14
1
3410
1
714
1
442
3
86
1
2
1
275
1
260
1
1283
1
249
1
1368
1
807
1
1
1
1788
1
164
1
458
1
260
1
181
1
90
1
3
1
89
1
84
1
1981
1
1
1
560
1
781
1
22
1
810
1
3
1
159
1
807
2
1453
1
249
1
362
1
196
1
68
1
753
2
878
1
77
1
649
1
160
1
810
1
810
2
715
1
755
1
805
3
234
1
362
1
265
1
272
1
719
1
639
1
78
1
662
1
69
1
77
1
2338
1
1560
1
3
1
597
1
88
1
3
1
444
1
536
1
729
1
26
1
878
1
76
1
811
1
2876
1
214
1
160
1
345
1
91
2
89
2
113
1
5
1
803
1
240
1
557
1
80
1
1552
2
68
1
79
1
2281
1
795
1
158
1
91
1
183
1
179
1
87
1
917
1
785
1
27
1
62
1
91
1
809
1
3094
1
414
1
268
1
360
1
184
1
179
1
86
1
107
1
809
1
158
1
93
1
557
5
781
1
90
1
901
1
638
1
2781
1
92
1
178
3
85
1
452
1
549
1
725
1
251
2
533
1
10
1
12
2
1606
1
889
1
91
1
1890
1
89
2
1
1
85
1
447
1
92
1
466
1
82
1
1537
1
3
1
247
3
557
2
795
1
798
1
846
1
158
1
883
1
90
1
181
1
1256
1
183
2
1
1
463
1
250
1
564
1
153
1
95
1
2179
1
882
1
94
1
634
1
521
1
356
1
365
3
454
1
77
1
732
1
3
1
164
1
1529
1
1528
1
818
1
16
1
76
1
525
1
285
1
646
1
1
1
53
1
364
1
375
1
14
1
1687
1
1
1
169
1
1527
1
637
1
11
1
822
1
1224
1
395
1
51
1
363
1
1202
1
236
1
1381
1
69
1
891
1
809
1
658
1
80
1
723
1
419
1
811
1
720
1
719
1
2
1
1448
1
80
1
657
1
879
1
78
1
1
1
660
1
322
1
900
1
402
1
408
1
721
2
718
2
640
1
1546
1
68
1
2
1
77
1
729
1
1
1
78
1
646
1
341
1
89
1
365
1
26
1
52
1
183
1
91
1
90
1
89
1
88
1
183
1
171
1
92
1
544
1
96
1
168
1
543
1
14
2
155
1
637
1
11
2
158
1
2258
1
834
1
66
1
259
1
468
1
81
1
168
1
183
1
89
1
88
1
87
1
107
1
158
1
92
1
92
1
464
1
252
1
533
1
22
1
254
1
542
1
12
1
66
1
1711
1
1889
1
460
1
76
1
183
1
91
1
89
1
88
1
87
1
358
1
93
1
549
1
166
1
809
1
535
1
10
1
11
1
2
1
248
1
1527
1
627
1
90
1
807
1
361
1
89
1
630
1
182
1
535
1
92
1
466
1
82
1
261
2
714
1
564
1
1056
3
557
2
156
1
627
1
90
1
818
1
718
1
260
1
90
1
181
1
628
1
93
2
623
1
91
1
467
1
82
2
258
3
1275
1
4
1
245
1
563
1
154
1
627
1
23
1
66
1
1725
1
344
1
356
1
11
1
352
1
269
1
2
1
995
1
260
1
2
1
463
1
82
2
981
1
1365
1
67
1
835
1
76
1
435
1
216
1
158
1
702
1
363
1
91
1
1
1
87
3
192
1
12
2
1139
1
2
1
475
1
69
1
77
1
718
1
13
2
169
2
2270
1
75
1
256
1
900
1
89
1
215
1
51
1
271
1
90
1
91
1
89
1
88
1
266
1
649
1
344
2
475
1
241
1
571
1
145
1
661
2
70
1
809
1
76
1
658
2
83
1
75
1
256
1
179
1
374
1
811
1
254
1
90
2
89
1
88
1
130
1
318
1
490
1
228
1
573
1
238
1
570
1
69
1
701
1
183
1
661
2
70
1
736
1
2
1
155
1
526
1
720
1
223
1
151
1
254
1
90
2
89
4
85
2
127
1
3
1
42
1
1539
1
1700
1
92
1
660
1
68
1
801
1
20156
1
810
1
11336
1
19438
1
809
1
5761
2
724
1
1611
1
93
1
1618
1
4047
1
2
1
727
1
1
1
76
1
1541
1
1
1
809
1
1699
1
716
1
991
1
3
1
1431
1
907
1
4778
1
1696
5
6381
1
902
1
1
1
3145
1
2445
1
792
1
905
1
727
1
80
1
728
2
78
2
729
1
3237
1
1
3
792
1
12
2
2428
1
1700
1
3160
1
806
1
84
1
724
1
84
1
729
1
79
1
725
1
83
1
1537
1
1
1
78
1
1706
1
642
1
884
1
3166
1
884
1
3
1
806
1
899
1
3883
1
883
1
731
1
1622
2
163
1
725
1
3239
1
724
1
1621
1
82
1
728
1
890
1
2349
1
79
1
711
1
2444
1
1072
1
85
1
1266
1
4053
1
2
1
78
2
4761
1
91
1
1540
1
1621
1
2
1
2422
1
6025
1
176
2
5137
1
894
1
1168
1
177
2
1804
1
4131
1
897
1
275
1
176
1
2
1
6833
1
365
1
177
1
1
1
1079
1
805
1
1
1
635
1
889
1
3604
1
89
1
90
1
89
1
355
1
1532
1
807
1
1435
1
2440
1
350
1
3
1
88
1
87
1
1
1
179
2
187
1
170
1
637
2
729
1
1779
1
625
1
2533
1
349
1
89
1
89
1
356
1
93
1
558
1
810
1
808
2
156
1
810
1
1
1
624
1
2972
1
2
1
288
1
64
1
17
1
1694
1
637
1
176
1
1443
1
3252
1
81
1
255
1
470
1
1780
1
3147
1
1440
1
113
1
76
1
261
1
1275
1
812
1
809
1
783
1
2519
1
451
1
635
1
85
1
628
1
3
1
559
1
154
1
810
1
813
1
1458
2
3234
1
82
1
171
1
560
1
809
1
1615
1
160
1
652
1
2314
1
1004
1
168
1
636
2
1537
1
970
1
2
1
647
1
159
2
1535
1
729
1
431
3
534
1
1542
2
1701
1
647
1
2494
1
1631
1
813
1
807
2
887
1
3
1
647
1
158
1
811
1
1801
1
1341
1
16
1
73
1
650
1
165
1
1618
1
647
1
161
1
807
2
713
1
104
1
75
1
270
1
1105
1
79
1
729
1
78
1
165
1
724
1
1536
1
81
1
650
1
62
1
91
1
3
1
1627
2
884
1
185
1
1269
1
170
1
1365
1
3
1
808
1
782
1
1720
1
530
1
721
1
1
1
629
1
1435
1
650
1
159
1
810
1
1461
1
159
1
817
1
625
1
532
1
4
1
88
1
262
1
1635
2
2322
1
23
1
797
1
12
1
66
1
911
1
1067
1
272
1
174
1
11
1
2433
1
1513
1
1657
1
412
1
270
1
987
1
364
1
1267
1
728
1
892
2
76
1
626
1
2070
1
270
1
907
1
980
1
2355
1
808
1
1706
1
528
1
283
2
254
1
392
1
784
1
10
1
14
1
53
1
753
1
1
1
65
1
2432
1
1
1
1550
1
249
1
1364
1
2
1
806
1
812
1
2500
1
1799
1
623
1
441
1
90
1
90
1
120
1
1051
1
567
1
238
1
636
1
810
1
813
1
808
1
989
1
1158
4
364
1
652
1
809
1
2497
1
811
1
818
1
64
1
825
1
441
1
85
1
2
1
1164
1
641
1
887
1
735
1
725
1
2438
1
1230
1
3
1
453
1
262
2
546
1
169
1
2264
1
1544
1
158
1
811
1
652
1
415
1
390
2
3310
1
810
1
894
1
94
1
253
1
1622
1
1112
1
1046
1
811
1
716
1
1628
1
1625
1
436
1
1
2
1019
1
809
1
235
1
1356
1
92
1
1548
1
81
1
76
1
734
1
75
1
717
1
95
2
436
1
206
1
1865
1
1377
2
1762
1
360
1
300
1
328
1
1083
1
1074
1
821
1
172
2
567
1
147
1
665
1
1695
1
809
1
427
1
460
1
442
3
2066
1
1382
1
1591
1
366
1
545
1
78
1
530
1
202
1
427
1
379
1
727
1
68
1
176
1
621
1
184
1
568
1
811
1
1
1
954
1
636
1
10
1
429
1
643
3
714
1
352
3
2794
1
744
1
144
1
718
1
12
1
750
4
876
1
795
1
95
1
1790
1
1526
1
545
1
798
1
23
1
81
1
989
1
254
1
448
1
180
1
643
1
348
1
1110
4
327
1
1527
1
546
1
263
1
1975
1
1020
1
161
1
348
1
90
1
90
1
2
1
352
1
548
1
22
1
56
1
757
1
328
1
1356
1
2439
1
77
1
1625
1
254
1
93
1
352
1
752
1
331
1
1290
1
796
1
14
1
1773
1
95
1
636
1
795
1
96
1
1066
1
375
1
2444
1
239
1
581
1
234
1
639
1
741
1
808
1
152
2
72
1
272
1
92
1
627
1
2
1
361
1
354
4
474
1
810
1
1052
2
578
1
328
1
477
1
2
1
805
1
809
1
3
1
147
1
1
2
345
1
92
2
534
1
478
1
1864
1
567
1
821
1
583
1
358
1
541
1
118
1
16
1
584
1
374
1
654
1
70
2
784
1
994
3
1377
1
822
1
809
1
131
1
1353
1
116
1
16
1
69
1
79
1
163
1
90
1
91
3
629
1
2244
1
718
1
1185
1
73
1
448
1
677
1
403
1
405
1
69
1
79
1
72
1
732
1
729
2
2314
1
1094
1
637
1
428
1
461
1
349
1
90
2
89
2
539
1
362
1
22
1
56
1
273
1
547
1
2509
1
658
1
80
1
171
1
346
1
223
2
1
1
143
1
529
1
280
1
349
1
180
1
117
1
85
1
335
1
1199
1
330
1
811
1
715
1
627
1
1574
3
941
1
452
1
370
1
351
1
719
1
386
1
329
1
811
1
481
2
234
1
640
1
262
1
633
1
78
1
584
1
240
1
568
2
879
1
518
2
444
1
995
1
716
1
1291
1
237
1
92
1
820
1
1289
1
143
1
664
1
66
1
78
1
531
1
128
1
1
1
54
1
169
1
273
1
296
1
879
1
261
1
811
1
1284
1
175
1
168
1
545
1
171
1
717
1
648
1
81
1
79
1
530
1
128
1
70
3
427
1
93
1
215
1
2
1
406
1
1986
1
91
1
1536
1
809
1
21
1
137
1
107
1
1245
1
198
1
82
1
439
1
1
1
219
1
41
1
272
1
94
1
624
1
92
2
716
1
569
1
56
1
183
1
725
1
78
1
103
1
92
1
720
1
718
1
542
1
91
1
339
1
271
1
280
1
1
1
255
1
90
1
91
3
1013
1
823
2
762
1
275
1
1
1
997
1
626
1
583
1
122
1
105
1
580
1
806
1
142
1
347
3
379
1
247
2
453
1
104
1
742
1
227
2
1470
1
77
1
658
1
395
1
719
1
180
1
320
1
489
1
720
1
2
1
407
2
843
1
23
1
163
1
633
1
1575
1
133
1
92
1
165
1
900
1
901
1
89
1
186
1
352
1
365
1
21
1
425
1
384
1
329
1
810
3
715
1
92
2
454
1
353
1
570
1
157
1
568
1
148
1
94
1
1447
1
337
1
93
1
294
1
68
1
169
1
90
1
93
1
1198
3
325
1
468
1
249
1
91
1
1381
1
80
1
75
1
557
1
11
1
68
1
877
1
180
1
493
3
66
1
521
1
368
1
257
1
718
1
92
2
811
1
351
1
271
1
575
1
897
1
143
1
559
1
22
1
797
1
11
1
879
1
247
1
362
1
130
1
71
1
702
1
1254
1
811
1
443
1
11
1
354
1
728
1
560
1
62
1
638
1
91
1
173
1
435
1
267
1
11
1
660
1
4
1
144
1
258
1
90
1
91
1
218
1
1
1
43
1
454
1
285
1
159
1
1084
1
364
1
79
1
90
1
275
1
726
1
476
1
84
1
155
1
568
1
242
1
544
1
21
1
798
1
161
1
531
1
127
1
4
1
41
1
23
1
1
1
520
2
718
2
363
1
353
1
535
1
182
1
486
1
82
1
79
1
168
1
561
1
64
1
15
1
423
1
232
1
1
1
228
1
578
1
797
1
12
1
668
1
198
1
82
1
438
1
184
1
103
1
1
1
337
1
91
3
306
1
2
1
224
1
536
1
366
2
1309
1
66
1
65
1
671
1
4
1
67
3
322
1
719
1
468
1
91
1
80
1
77
1
361
1
90
1
280
2
438
1
217
1
320
1
91
2
467
2
739
1
819
3
499
1
375
1
81
1
169
1
557
1
810
2
65
1
349
1
991
1
127
1
152
3
165
1
90
1
90
1
2
1
87
3
227
1
56
1
4
1
247
2
559
1
156
1
568
1
241
1
589
4
65
1
145
1
102
1
91
1
91
1
90
1
272
1
11
1
67
1
349
1
309
1
23
1
45
1
11
1
1409
1
210
1
1
1
235
1
559
1
81
1
2
1
713
1
79
1
742
1
811
2
158
1
1
1
541
1
20
1
93
1
235
1
458
1
44
1
57
1
79
1
77
1
15
1
164
1
367
1
623
1
185
1
536
1
380
1
78
1
257
2
2008
1
1626
1
69
1
12
1
415
1
89
1
209
1
600
1
220
1
499
1
459
1
351
1
354
1
10
1
15
1
76
1
886
1
182
2
812
1
351
1
34
2
1
1
63
1
1165
1
407
1
149
1
811
1
632
1
329
1
900
1
272
1
129
2
67
2
429
1
458
3
1
1
1523
1
78
1
272
2
390
3
417
1
410
1
320
1
557
1
64
1
92
1
811
1
554
1
601
1
289
1
429
1
92
1
263
1
10
1
91
1
350
1
286
1
788
1
101
1
1559
1
15
1
793
1
588
1
1100
1
174
2
552
1
868
1
25
2
75
1
442
2
716
1
1438
1
503
1
66
1
250
1
491
2
52
1
13
1
80
1
171
1
486
2
808
1
230
1
345
1
219
1
960
1
532
2
130
1
67
1
78
3
439
2
218
1
497
2
1129
1
807
1
56
1
170
1
94
1
558
1
414
1
554
1
164
1
270
1
107
1
36
1
54
1
248
1
479
1
23
2
214
1
361
1
90
1
198
1
81
1
1
1
729
1
245
1
181
1
380
1
247
1
499
1
318
1
93
1
383
1
163
1
64
1
11
1
93
1
474
1
499
1
394
2
158
1
435
1
1762
1
1
1
137
1
1
1
436
1
91
1
201
1
336
1
90
3
363
1
262
1
485
1
11
1
504
1
179
1
353
1
638
1
95
1
333
1
320
1
11
1
2
1
654
1
211
1
417
1
287
1
612
1
266
1
104
1
1
1
437
1
90
1
126
1
12
2
215
1
91
1
546
1
11
1
1160
1
91
1
90
1
89
1
446
1
345
1
118
1
37
1
137
1
714
1
174
1
591
1
54
1
1691
1
1
1
529
1
92
1
102
1
740
1
69
1
708
1
262
1
549
2
807
3
807
1
809
1
795
1
825
2
78
1
2346
3
166
1
644
1
1617
3
75
1
730
1
795
1
824
1
1
1
78
1
2346
1
1
1
74
1
96
1
2335
1
730
1
2
1
806
1
79
1
810
1
730
1
794
1
820
5
1695
1
731
2
811
1
75
1
1540
1
810
1
79
2
1537
3
805
2
808
2
77
1
717
1
12
1
814
1
74
1
2434
1
728
1
804
1
3
2
804
1
809
1
1607
1
17
1
73
1
3973
3
889
1
727
1
74
1
735
1
80
1
729
1
2425
1
810
1
810
1
890
1
1620
1
729
1
4129
1
808
1
1533
1
4052
1
885
1
816
1
729
1
165
1
3147
1
731
1
1714
1
345
1
2
2
628
1
6659
1
1173
1
6115
1
87
2
1084
1
175
1
4673
1
1175
1
89
1
89
1
7289
1
86
1
2
1
354
1
1448
1
5126
1
83
1
3
1
89
1
90
1
177
3
1079
1
3052
1
3157
1
1079
1
1617
1
807
1
1
1
808
2
1525
1
1169
1
93
1
1261
1
645
1
162
1
646
1
162
1
647
1
161
1
648
1
160
1
806
1
2
1
807
2
713
1
632
1
3
1
172
1
742
2
65
1
742
1
81
1
809
1
731
1
809
1
782
1
90
1
902
1
2
1
728
1
348
1
86
1
291
1
810
1
162
1
647
1
806
1
82
1
727
1
2
1
78
1
728
1
80
1
730
1
160
1
809
1
1521
1
746
1
1776
1
650
2
875
1
2347
1
531
1
184
1
185
1
353
1
460
1
1539
1
809
1
967
1
649
1
1
1
1681
1
822
1
354
1
87
1
370
2
164
1
3962
1
1
1
647
1
1144
1
906
1
624
1
558
1
159
1
1528
1
2430
1
93
2
983
1
1083
3
275
1
2431
1
1
1
793
1
718
1
23
1
1617
1
338
1
550
1
259
1
95
1
176
1
1
1
3520
1
808
1
714
1
887
1
106
2
1068
1
86
1
1
1
1175
1
2350
1
1702
2
896
1
1071
1
87
1
1351
1
2256
1
2519
1
528
1
358
1
184
1
2885
1
1699
1
1459
1
699
1
280
1
1
1
256
1
90
2
1085
1
90
1
175
1
806
2
556
1
67
1
90
1
1541
1
706
1
103
1
885
1
664
1
162
1
253
1
181
1
2
1
205
2
420
1
375
1
892
1
1622
1
2359
1
154
1
814
2
528
1
117
1
422
1
372
1
12
2
329
2
717
1
639
1
173
1
1364
1
82
1
703
1
1655
1
159
2
344
1
811
1
286
1
14
1
331
1
2165
1
1699
1
658
1
67
1
16
1
166
1
255
1
278
1
26
1
782
1
625
2
209
1
64
1
2603
3
542
1
92
1
1632
1
423
1
301
1
4
1
684
1
96
1
26
1
52
1
547
1
209
1
233
1
91
1
3
1
714
1
1368
1
80
1
171
1
810
2
570
1
805
1
808
1
689
1
124
1
323
1
181
1
91
3
261
1
275
2
475
1
2674
1
568
2
872
1
14
1
261
1
441
1
22
1
689
1
124
1
62
1
94
3
254
1
721
2
453
1
22
1
56
1
2442
1
78
1
92
1
534
1
37
1
237
3
566
1
79
1
260
1
466
1
689
1
124
1
232
1
186
1
389
1
325
3
1434
1
91
1
638
1
171
1
810
1
810
1
1
1
567
1
338
1
165
1
301
1
81
1
731
1
415
1
3
1
546
2
170
1
2341
1
809
1
807
3
711
1
360
1
301
1
2
1
76
1
2
1
167
1
2
1
1445
1
2351
1
237
1
4
1
568
2
874
1
172
2
574
1
2
1
784
1
92
1
1961
4
453
1
262
1
2100
1
67
1
716
1
265
1
576
1
67
1
261
1
3
1
462
1
148
1
451
1
295
1
607
2
444
1
1290
1
239
1
93
1
545
1
170
1
810
1
545
1
264
1
1164
1
465
2
638
1
606
1
1258
1
92
1
1
1
2005
1
786
1
1800
1
258
1
474
1
890
1
1787
1
812
1
1262
1
263
1
582
1
506
1
180
1
265
1
92
1
165
1
270
1
280
1
661
1
150
1
438
1
219
1
1
1
407
1
719
1
491
1
1036
1
546
1
846
1
415
1
458
1
608
1
943
1
68
4
425
1
628
1
491
1
2
1
317
1
490
2
1582
1
1262
1
1067
1
720
1
220
1
408
1
91
1
379
2
246
1
494
1
41
1
766
1
225
1
1357
1
1006
1
164
1
90
1
1200
1
808
1
1
1
810
1
69
1
76
1
1
1
166
1
492
2
67
1
156
1
2339
1
659
1
174
1
347
1
180
1
450
2
475
2
679
1
128
1
1
1
411
1
396
2
70
1
79
1
170
1
473
1
83
1
783
1
2545
1
348
1
91
1
89
1
447
1
75
1
402
1
243
1
72
1
272
1
92
2
125
2
407
1
3
1
464
1
729
1
80
1
81
1
1458
1
238
1
810
1
646
1
12
1
79
1
168
1
887
1
270
1
448
1
271
1
220
3
68
1
429
1
382
1
78
1
258
1
717
1
811
1
810
1
1378
1
338
1
1
2
1439
1
253
1
180
1
134
1
65
1
520
1
222
1
68
1
78
1
351
1
308
1
2656
1
92
1
484
1
84
1
427
4
87
2
87
1
2
1
2416
1
199
1
79
1
812
1
632
1
80
1
261
1
92
1
1210
1
54
1
833
1
426
1
631
1
164
1
900
1
901
1
186
1
823
1
338
1
473
1
337
1
718
1
92
1
717
1
570
1
516
1
540
1
614
1
1262
1
903
1
196
1
82
1
256
1
387
1
11
1
70
1
340
1
470
2
246
1
810
1
474
1
612
1
1017
1
242
1
1157
1
207
1
603
1
91
1
125
1
152
3
621
1
353
1
92
2
453
1
15
1
737
1
1033
1
192
1
180
1
633
1
521
1
103
1
347
1
901
1
629
1
183
1
194
1
81
1
2
1
256
1
468
1
66
1
901
1
92
1
489
1
70
1
249
2
645
1
65
1
192
1
553
1
259
1
1172
1
1060
1
181
1
92
3
459
1
164
1
536
1
274
1
559
1
157
1
653
1
962
1
192
1
388
1
787
1
809
1
431
1
90
1
724
1
549
1
164
1
547
1
170
1
1464
1
735
1
82
1
76
1
531
1
116
1
330
1
456
1
90
1
12
1
971
1
165
1
90
1
91
4
628
1
550
1
169
1
485
1
149
1
1
1
1525
1
14
1
792
1
363
1
386
1
15
1
53
1
12
1
157
1
94
1
1785
1
183
2
195
1
432
1
308
1
70
1
78
1
259
1
1621
1
385
1
1331
1
181
1
125
3
213
1
104
1
165
1
551
1
348
1
465
1
435
1
128
1
594
1
533
1
91
1
365
1
186
1
714
1
755
1
408
1
406
1
68
1
248
1
90
1
180
1
539
1
563
1
62
1
638
1
21
1
499
1
298
1
420
1
275
1
182
1
92
1
258
1
91
1
811
1
460
1
349
1
1126
1
44
1
259
1
505
1
574
1
233
2
70
1
737
2
1478
1
197
1
430
1
91
1
287
1
523
1
192
1
93
1
82
1
884
1
274
1
372
1
91
1
156
1
915
1
401
1
67
1
251
1
489
1
863
1
611
1
116
1
695
1
125
1
13
2
136
1
646
1
164
1
348
1
91
1
1036
1
147
1
730
1
248
1
91
1
92
1
376
1
251
1
717
1
1157
1
902
1
196
1
614
1
139
1
138
1
257
1
552
1
349
1
372
1
902
1
65
1
102
1
257
1
16
1
89
1
279
1
168
1
557
3
157
1
1157
1
230
1
57
1
613
1
173
1
10
1
352
1
273
1
138
1
138
3
165
1
91
1
91
1
363
1
262
1
92
1
371
1
90
1
11
1
739
1
684
1
277
1
169
1
561
1
734
1
670
1
629
1
182
1
137
1
138
1
168
1
91
1
411
1
138
3
713
1
727
1
1059
1
285
1
181
1
353
1
655
1
154
1
258
1
180
1
212
1
1045
1
502
1
812
1
122
1
14
2
979
2
1175
1
175
1
169
1
285
1
1185
1
5
1
1408
1
444
1
94
1
1194
1
57
1
104
1
1
1
657
1
227
1
587
1
16
1
31
1
101
1
95
1
436
4
612
1
321
1
57
1
12
1
970
1
347
1
814
1
215
1
408
1
94
1
307
1
147
1
76
1
183
1
375
1
26
1
69
1
77
1
259
1
455
1
260
1
92
1
489
1
326
1
91
1
89
4
1071
1
104
1
64
1
594
3
133
1
531
1
374
1
254
1
91
1
92
1
627
1
378
1
811
1
430
1
308
1
54
1
15
1
153
1
90
1
91
1
92
1
383
1
14
1
159
1
1375
1
323
1
1262
1
37
1
228
1
553
1
420
1
447
1
180
1
653
1
79
1
716
1
260
1
183
1
558
1
256
1
722
1
547
1
170
1
487
1
1621
1
578
1
232
1
32
1
10
1
889
1
363
1
379
1
80
1
257
1
183
1
814
1
1099
1
80
1
169
1
1157
1
140
1
74
1
156
1
1389
1
671
1
92
1
625
1
287
1
339
1
182
1
309
1
64
1
440
1
207
1
422
1
91
1
91
1
88
1
172
1
750
1
69
1
11
1
67
1
798
1
105
1
1526
1
349
1
90
1
369
1
349
1
182
1
277
1
349
1
182
1
283
1
15
1
424
1
89
1
214
1
736
1
1
1
202
1
197
1
393
1
138
1
16
1
666
1
114
1
106
2
343
1
301
1
67
1
729
1
430
1
181
1
265
1
12
1
77
1
732
1
655
1
80
1
752
1
2
1
68
1
417
1
90
1
74
1
14
1
276
1
706
1
104
1
516
1
128
1
138
1
697
1
1375
1
90
1
278
1
77
1
272
1
320
1
399
1
90
1
89
1
90
1
149
1
805
1
71
1
160
1
438
1
540
1
1437
2
74
1
576
1
1316
1
90
1
184
1
92
1
77
1
184
2
269
1
137
1
308
1
512
1
67
1
80
1
727
1
704
1
32
1
70
1
2
1
235
1
499
1
70
2
1595
1
765
1
56
1
2
1
326
1
2
1
716
1
1328
1
59
1
81
1
341
2
175
1
210
1
405
1
550
1
168
1
482
1
82
1
334
1
180
1
722
1
285
1
67
1
180
1
90
1
94
1
375
1
434
1
308
1
42
1
25
1
76
1
259
1
473
1
76
1
645
1
184
1
65
1
13
1
167
1
91
1
89
4
225
1
2
1
305
1
257
1
219
1
228
1
1404
1
135
1
533
1
627
1
94
1
363
1
259
1
93
1
308
1
147
1
353
1
456
1
258
1
93
1
292
1
33
1
69
1
598
1
543
1
383
1
499
1
472
1
1457
1
244
1
346
1
93
1
273
1
168
1
181
1
459
1
731
1
78
1
167
1
182
1
294
1
35
3
225
1
348
1
218
1
307
1
11
1
92
1
1195
1
334
1
557
1
507
1
197
1
159
1
103
1
886
1
366
1
91
1
47
1
134
1
637
1
172
1
349
1
92
1
224
1
13
2
394
1
412
4
149
1
338
1
374
1
15
1
329
1
393
1
14
1
307
1
557
1
739
1
71
2
157
1
579
1
670
1
1622
1
111
1
809
1
33
1
153
1
77
1
350
1
88
1
103
1
1641
1
669
1
155
1
54
1
161
1
346
1
302
1
416
1
1133
1
215
1
180
1
386
1
1075
1
166
1
409
1
71
1
737
1
937
1
1448
1
45
1
475
1
393
1
235
1
1391
1
253
1
555
1
82
1
245
1
480
1
423
1
626
1
464
1
32
1
127
1
13
3
654
1
822
1
57
1
68
1
78
1
569
1
10
1
25
1
21
1
21
1
1151
1
570
1
171
1
62
1
282
1
371
1
64
1
193
1
90
1
239
1
126
1
262
1
165
1
256
1
296
1
571
1
70
1
513
1
1089
1
78
1
569
1
10
1
81
1
3
1
505
1
369
1
260
1
270
1
376
1
156
1
436
1
783
1
22
1
482
1
251
1
74
1
868
1
4
1
64
1
669
1
12
2
102
1
693
1
206
1
271
1
297
1
10
1
81
1
238
1
182
3
388
1
66
1
533
1
111
1
41
1
11
1
95
1
21
1
261
1
92
1
90
1
85
1
137
1
11
3
103
1
35
1
324
1
550
1
93
1
474
1
162
1
813
1
516
3
366
4
553
1
512
3
353
1
270
1
185
1
283
1
26
1
498
1
313
1
22
1
1
1
23
1
45
1
67
1
55
1
10
1
273
2
88
4
191
1
69
1
101
1
13
1
251
1
441
1
750
1
161
1
174
1
72
1
180
1
384
1
74
1
583
2
133
1
442
3
204
1
252
1
1356
1
24
1
67
1
429
1
413
1
211
1
372
1
372
1
169
1
407
1
811
2
307
1
557
1
80
1
625
1
33
1
73
1
322
1
273
2
366
1
3
1
254
1
91
2
366
1
649
1
510
1
94
1
304
1
67
1
91
1
259
1
89
1
461
1
649
1
162
1
563
1
798
1
58
1
275
2
485
1
70
1
157
1
440
1
369
1
442
1
141
1
133
1
730
1
817
1
11
1
56
1
834
1
341
1
470
1
78
1
74
1
93
1
254
1
118
1
107
1
63
1
707
1
102
1
170
1
502
1
43
1
822
2
325
1
413
1
811
1
873
1
982
1
260
1
180
1
291
1
78
1
167
1
704
1
479
1
343
1
487
1
138
1
349
1
335
2
382
1
484
1
1408
1
147
1
69
1
56
1
349
1
563
1
440
1
150
1
220
1
587
1
1
1
867
2
133
1
104
1
255
1
358
1
24
2
891
1
588
1
22
1
846
1
596
1
232
1
53
1
659
1
23
1
2
1
42
1
26
1
66
1
78
1
259
1
90
1
89
1
136
1
11
1
142
1
63
1
15
1
74
1
91
1
419
1
58
1
958
1
94
2
252
1
254
2
56
1
1
1
43
1
23
1
2
1
75
1
257
1
379
1
610
1
210
1
696
1
57
1
32
1
22
1
418
1
342
2
293
1
732
1
663
1
315
1
91
1
181
1
273
1
67
1
197
1
1181
1
107
1
41
1
27
1
642
1
94
1
1584
1
91
1
678
1
308
1
570
1
12
1
68
1
810
1
80
1
167
1
91
1
90
1
73
1
949
1
832
1
857
1
419
1
810
1
89
1
89
1
279
1
78
1
1175
1
537
1
534
1
1540
1
4582
1
1258
1
2432
1
1433
1
2072
1
91
2
1257
1
4688
1
1788
1
637
1
174
1
810
1
2430
1
2514
2
3
1
1528
1
2254
1
889
1
95
1
634
1
1879
1
2344
1
809
1
809
1
621
1
187
1
2422
1
92
1
1530
1
2431
2
807
3
807
3
634
1
899
2
795
1
97
1
2427
1
806
1
3
1
810
1
633
1
171
1
1540
1
437
1
89
1
91
1
107
1
78
1
85
1
620
1
187
1
645
1
1
1
810
1
77
1
82
1
647
1
810
2
809
1
1614
1
83
1
255
1
181
1
178
1
108
1
2
1
162
1
85
1
557
1
813
1
154
1
651
1
78
1
895
1
646
1
2
1
78
1
728
1
1
1
781
1
27
1
62
1
14
2
898
1
1159
1
1179
1
169
1
544
1
95
1
726
1
2432
1
980
1
525
1
357
1
642
1
168
1
93
1
718
1
1450
1
2508
1
1535
1
259
1
181
1
1
2
366
1
76
1
92
1
812
1
542
1
11
1
83
1
886
1
733
1
1697
1
894
1
993
3
628
1
639
1
809
1
809
1
703
1
23
1
893
1
1782
1
902
5
718
1
2257
1
2349
1
158
1
715
1
1083
1
722
1
635
1
3160
1
797
1
1697
1
274
1
625
1
91
1
1368
1
1620
1
158
1
2608
1
360
1
97
1
355
1
2153
1
2521
1
627
1
103
1
806
1
809
1
352
1
1442
1
806
2
556
1
158
1
1449
1
822
1
1616
1
173
1
171
1
175
2
286
1
787
1
278
1
807
1
806
1
2
1
623
1
90
1
92
1
1
1
808
3
808
1
568
1
809
1
65
1
92
1
257
1
273
1
1
1
627
3
626
1
480
1
795
1
13
1
239
1
811
1
1448
1
77
1
1346
1
282
1
528
1
1742
1
1620
1
238
1
555
1
1632
1
247
1
561
1
53
1
180
1
270
1
277
1
21
1
420
1
181
1
2
1
192
1
15
1
1616
1
1862
1
569
2
803
1
5
1
79
1
422
1
278
1
21
1
238
1
991
1
377
1
343
1
1436
1
3904
1
52
1
756
1
506
1
90
1
212
1
327
1
2085
1
1597
1
910
1
636
1
81
1
27
1
809
1
51
1
454
3
272
1
355
3
474
1
878
1
1699
1
91
1
558
1
67
1
910
1
544
2
919
1
156
1
261
2
717
3
451
1
1643
1
67
1
2441
1
168
1
92
2
549
1
730
1
232
1
184
1
549
1
167
1
3
1
2095
1
2429
1
339
1
256
1
216
1
248
2
559
1
75
2
340
1
546
1
811
3
622
1
261
1
571
1
810
1
810
1
807
1
78
1
259
1
257
1
215
1
889
1
730
1
77
1
809
1
81
1
632
1
93
1
78
1
1
1
1445
1
2154
1
364
1
717
1
93
1
337
1
272
1
127
1
46
1
105
1
658
1
411
2
717
1
1528
1
1390
1
601
1
87
1
93
1
25
1
805
1
3
1
67
1
78
1
734
1
77
1
438
1
184
1
36
1
783
1
23
1
1
1
809
1
319
1
2242
1
282
1
797
1
270
1
188
1
12
1
742
1
68
1
245
1
363
1
93
1
107
1
244
1
90
1
1210
1
810
1
321
1
1299
1
414
1
257
1
12
1
267
1
664
1
675
1
129
1
71
1
609
1
265
1
272
1
471
1
81
1
165
1
92
2
468
1
155
1
91
1
626
1
730
1
170
1
92
2
484
1
690
1
122
1
144
1
91
1
166
1
401
1
3
1
494
1
315
1
145
1
439
1
90
1
630
1
295
1
82
1
891
1
1540
1
247
1
487
1
163
1
647
2
330
1
72
1
405
1
810
1
1216
1
1360
1
646
1
331
1
1300
1
160
1
74
1
180
1
391
1
331
1
73
1
404
1
241
1
569
1
588
1
90
1
539
1
1182
1
23
1
135
1
13
1
729
1
741
1
68
1
741
1
63
1
93
1
527
1
929
2
811
1
806
1
1585
1
261
1
732
1
169
1
466
1
25
1
147
1
76
1
1270
1
1065
1
452
1
220
1
1
1
875
1
158
1
583
1
810
1
54
1
756
1
316
1
466
1
11
1
774
1
734
1
283
1
1327
3
125
2
134
1
674
2
1937
1
717
1
92
1
559
1
250
1
499
1
213
1
745
2
1864
1
388
1
330
1
90
1
471
1
810
1
80
1
166
1
92
1
470
1
1557
1
213
1
372
1
222
1
69
2
63
1
15
1
333
1
324
1
807
1
1
1
667
1
116
1
696
1
276
1
624
1
185
1
258
1
92
1
458
1
75
1
183
1
1219
1
145
1
66
1
595
1
70
1
79
1
438
3
181
1
32
1
810
1
2
1
230
1
1155
1
995
1
535
1
459
1
810
1
167
1
501
2
65
1
608
1
132
1
70
1
79
1
437
1
1028
1
233
1
253
1
1132
1
138
1
349
1
90
1
184
1
626
1
719
1
377
1
80
1
668
1
809
2
70
1
52
1
26
1
165
1
257
1
232
1
2
1
664
1
141
1
3
1
483
1
180
1
951
1
34
1
22
1
521
1
217
1
787
1
92
1
432
1
535
1
182
1
410
1
240
1
434
1
203
1
52
1
283
1
166
1
13
1
219
2
665
1
145
1
228
1
564
1
228
1
593
1
797
1
319
1
274
1
192
1
526
1
717
1
411
1
674
1
281
1
76
1
90
1
90
1
723
1
451
1
34
1
2
1
227
1
565
1
12
1
1392
1
227
1
306
1
91
1
411
1
1208
1
384
1
904
1
77
1
259
1
181
1
183
1
187
1
168
1
488
1
811
1
485
1
183
1
112
1
24
1
397
1
412
1
135
1
262
1
625
1
184
1
809
1
476
1
170
1
717
1
730
1
80
2
425
1
538
1
363
1
104
1
524
4
532
1
1438
1
22
1
1866
1
26
1
533
1
443
1
92
1
287
1
76
1
729
1
1
1
508
1
195
1
159
1
104
2
980
2
1171
1
832
1
816
1
177
1
656
1
489
1
2
1
281
1
80
1
262
1
1265
1
33
1
137
1
259
1
90
1
182
1
114
1
81
1
79
1
443
1
229
1
396
1
810
1
364
1
10
1
342
1
510
1
808
1
35
1
530
1
106
1
793
1
917
1
107
1
63
1
1252
1
91
1
948
1
581
1
192
1
22
1
12
1
397
1
91
1
1444
1
903
1
626
1
546
1
171
1
93
1
651
1
414
1
90
1
288
1
339
1
90
1
182
1
125
1
319
1
181
1
285
1
34
1
891
1
142
1
270
1
368
1
260
1
348
1
12
1
266
1
273
1
524
1
102
1
167
1
644
1
74
1
180
1
335
1
57
1
751
1
59
1
875
1
532
1
103
1
10
1
695
1
101
1
830
1
161
1
797
1
90
1
274
1
535
1
167
1
425
2
217
1
794
1
605
1
22
1
10
1
24
1
751
1
44
1
14
1
143
1
558
1
10
1
1165
1
532
1
622
1
116
1
81
1
67
1
90
1
182
1
91
1
90
1
89
1
251
1
27
1
667
1
57
1
161
1
255
1
1108
1
35
1
810
1
58
1
53
1
649
1
10
1
1164
1
720
1
552
1
516
1
292
1
1053
1
716
1
1070
1
90
1
90
1
301
2
416
1
90
1
205
1
830
1
148
1
15
1
141
1
719
1
26
1
423
1
1103
1
671
2
42
1
172
1
348
1
244
1
866
1
510
1
90
1
172
1
10
1
25
2
417
1
181
1
536
1
182
1
1183
1
1072
1
547
1
78
1
810
1
77
1
1084
1
301
1
63
1
354
2
316
1
399
1
375
1
159
1
648
1
101
1
94
1
259
1
1412
1
913
1
348
1
127
1
58
1
103
2
520
1
211
1
419
1
385
1
146
1
90
1
490
1
412
1
374
1
91
1
343
1
424
1
2
1
56
1
419
1
474
1
427
1
89
4
139
1
398
1
394
1
12
2
56
1
80
1
65
1
105
1
74
1
566
1
74
1
440
1
105
1
91
1
173
1
348
1
811
1
810
1
285
1
339
1
743
1
253
1
229
1
71
1
82
1
503
1
12
1
105
1
32
1
58
1
342
1
396
1
1693
1
234
1
736
1
611
1
22
1
339
1
412
1
488
1
91
1
234
1
151
1
171
1
453
1
917
1
418
1
316
1
810
1
141
1
655
1
12
1
218
1
591
1
203
1
16
1
254
1
901
1
1716
1
212
1
82
1
141
1
282
1
303
1
417
1
75
1
105
2
341
1
197
1
72
1
391
1
254
1
496
1
219
1
636
1
175
1
163
1
1177
1
116
1
416
1
90
1
389
1
234
1
281
1
295
1
62
1
361
1
266
1
21
1
1154
1
548
1
888
1
577
1
70
1
716
1
34
1
34
1
91
1
440
1
90
1
94
1
56
1
1127
1
256
1
302
1
82
1
424
1
266
1
35
1
508
1
286
1
344
1
1437
1
437
1
106
1
44
1
205
1
180
1
388
1
10
1
1311
1
329
1
2465
1
37
1
862
1
659
1
243
1
75
1
361
1
106
1
171
1
259
1
271
1
116
1
58
1
543
1
447
1
601
1
69
1
892
1
655
1
206
1
465
1
103
1
105
2
1304
1
538
1
1289
1
10
1
410
1
423
1
113
1
90
1
90
1
271
1
238
1
149
1
235
1
25
1
721
1
451
1
266
1
257
1
391
1
64
1
519
1
1077
1
180
1
513
1
477
1
90
1
206
1
92
1
601
1
446
1
272
1
237
1
385
1
422
1
150
1
171
1
347
1
369
1
352
1
299
1
702
1
692
1
186
1
105
1
154
1
1083
1
91
1
113
1
35
1
124
1
353
1
273
1
90
1
261
1
91
1
91
2
332
1
11
2
58
1
148
1
349
1
207
1
20
1
86
1
495
1
89
1
150
1
296
1
92
1
374
1
820
1
24
3
54
1
80
1
246
1
271
1
211
1
600
1
103
1
159
1
455
1
1084
1
1000
1
78
1
1464
1
623
1
1155
1
255
1
230
1
70
1
82
1
516
1
105
1
47
1
565
1
206
1
420
1
400
1
69
1
174
1
347
1
246
1
3
1
68
1
237
1
500
1
657
1
292
1
338
1
284
1
171
1
707
1
37
1
235
1
500
1
140
1
669
1
217
1
567
1
11
1
12
1
566
1
91
1
151
1
58
1
733
1
95
1
144
1
650
1
892
1
337
1
90
1
90
1
275
1
707
1
21
1
418
1
180
1
292
1
172
1
253
1
242
1
218
1
812
1
715
1
349
1
90
1
1118
1
752
1
809
1
1
1
123
1
261
1
92
1
73
1
241
1
12
1
23
1
786
1
60
1
749
1
784
1
233
1
345
1
90
1
628
1
296
1
116
1
795
1
253
1
497
1
1290
1
91
1
431
1
615
1
45
1
12
1
715
1
22
1
12
1
810
1
855
1
418
1
343
1
69
1
737
1
72
1
877
1
726
1
330
1
91
1
181
1
944
1
798
1
83
3
146
1
75
1
900
1
399
1
58
1
738
1
45
1
231
1
62
1
824
1
474
1
10
1
11
1
140
1
78
1
426
1
139
1
22
1
482
1
90
1
89
1
445
1
465
1
69
1
102
1
247
1
410
1
82
1
2
1
146
2
646
1
68
1
1798
1
103
1
166
1
15
1
202
1
10
1
84
1
495
1
380
1
657
1
495
1
1136
1
872
1
146
4
253
1
180
1
164
1
1365
1
376
1
338
1
415
1
876
1
417
1
393
1
248
1
419
1
810
1
206
1
665
1
65
3
77
1
2
2
792
1
628
1
21
1
11
1
773
1
271
1
10
1
521
1
2
1
466
1
404
1
958
1
542
1
171
1
674
1
310
1
485
1
70
1
508
1
93
1
261
1
102
1
569
1
240
1
611
1
951
1
414
1
89
1
224
1
52
1
91
1
264
1
547
1
170
1
372
1
250
1
628
1
102
1
172
1
500
1
383
1
273
1
210
1
156
1
350
1
303
1
753
1
232
1
636
1
95
1
63
1
78
1
14
1
485
1
127
1
457
1
72
1
163
1
2
1
385
1
480
1
726
1
47
1
832
1
67
1
14
1
171
1
1156
1
115
1
58
1
35
1
599
1
227
1
160
1
649
1
239
1
571
1
587
1
368
1
168
1
718
1
93
1
373
1
69
1
35
1
585
1
198
1
266
1
451
1
831
1
69
1
520
1
402
1
728
1
810
1
43
1
543
1
290
1
78
1
260
1
92
1
294
1
147
1
90
1
571
1
238
1
573
1
42
1
707
1
644
1
371
1
656
1
822
1
44
1
101
1
967
1
283
1
222
1
67
1
430
1
90
1
123
1
308
1
11
1
91
1
93
1
521
1
1261
1
164
1
59
2
66
1
1
2
654
1
888
1
57
1
377
1
373
1
95
1
323
1
330
1
58
1
601
1
973
1
32
1
436
1
1091
1
160
1
11
1
647
1
163
1
2
1
75
1
648
1
162
1
165
1
1538
1
524
3
645
1
289
1
145
1
360
1
174
1
58
1
320
1
545
1
172
1
464
1
149
1
670
1
10
1
152
1
2
1
423
1
267
1
45
1
586
1
652
1
330
2
138
1
64
1
15
1
141
1
444
1
467
1
341
1
377
1
182
1
236
1
70
1
716
1
10
1
58
1
24
2
393
1
298
1
102
1
717
1
10
1
58
1
93
1
1
2
77
3
598
1
58
1
746
1
14
1
385
1
420
1
57
1
68
1
94
1
169
1
255
1
926
1
252
1
169
1
91
1
75
1
105
1
157
1
128
1
2
1
678
1
45
1
707
1
57
1
773
1
69
1
11
1
70
3
679
1
58
1
55
1
169
1
670
1
147
1
270
1
379
1
173
1
463
1
45
1
114
1
26
1
234
1
420
1
219
1
172
1
73
1
402
1
727
1
12
1
566
1
230
1
320
2
454
1
104
1
82
1
632
1
24
1
578
1
245
1
82
1
83
1
144
1
487
1
96
1
147
1
78
1
257
1
89
1
266
1
37
1
327
2
303
1
22
1
218
1
170
1
408
1
13
1
219
1
62
1
1300
1
24
1
565
1
90
1
106
1
103
1
82
1
166
2
2
1
348
1
715
1
259
1
4
1
761
1
44
2
796
1
218
1
95
1
259
1
308
1
65
1
249
1
421
1
57
1
160
1
170
1
374
1
47
1
281
1
990
1
288
1
32
1
69
1
56
1
24
1
168
1
257
1
231
1
13
1
781
1
44
1
391
1
152
1
484
1
954
1
102
1
90
1
311
1
409
1
164
1
139
1
69
1
93
1
247
1
812
2
480
1
583
1
152
1
216
1
91
1
525
1
862
1
891
1
728
1
775
1
34
1
225
1
90
1
184
1
376
1
342
1
716
1
375
1
239
1
591
1
488
1
358
1
114
1
2
1
152
1
1168
1
129
1
499
1
309
1
44
1
2
1
296
1
257
1
206
1
44
1
24
1
33
1
500
1
309
1
304
1
104
1
342
1
192
1
628
1
843
1
68
1
337
1
358
1
759
1
116
1
146
1
169
1
93
1
326
1
454
1
496
1
415
1
276
1
442
1
296
1
44
1
208
1
352
1
248
1
285
1
91
1
256
1
290
1
1148
1
288
1
43
1
139
1
748
1
750
1
58
1
162
1
170
1
62
1
412
1
46
1
101
1
350
1
250
1
58
1
306
1
11
1
90
1
366
1
183
1
260
1
91
1
235
1
394
1
486
1
1
1
227
2
1263
1
113
1
69
1
66
1
12
1
681
1
147
1
730
1
656
1
117
1
101
1
78
1
78
1
515
1
854
1
95
2
257
1
181
1
285
1
1
1
644
1
10
1
58
1
879
1
638
1
183
1
66
1
622
1
1030
1
170
1
1204
1
583
1
319
1
2
1
139
1
621
1
106
1
52
1
360
1
229
1
80
1
764
1
12
1
45
1
136
1
546
1
250
1
14
2
254
1
292
1
2
1
258
1
90
1
254
1
90
1
111
3
3235
1
1063
1
638
1
715
1
12
1
159
1
647
1
810
1
611
1
195
1
158
1
91
1
183
1
3059
1
716
1
637
1
79
1
726
1
14
1
2
1
168
1
638
3
885
1
170
1
557
1
159
1
903
1
532
1
183
1
717
1
13
1
171
1
2349
1
633
1
344
1
546
1
77
1
93
1
1354
1
79
1
742
1
969
1
93
1
623
1
2250
1
359
1
558
1
1065
1
1432
1
1553
1
876
1
716
1
458
1
89
1
1349
1
1445
1
1539
1
158
1
2698
1
3
1
1173
1
2442
1
797
1
1620
1
12
1
79
1
725
1
434
1
85
1
94
1
90
1
890
1
274
1
716
1
650
1
79
1
1620
1
730
1
1788
1
1
1
436
1
1088
1
170
1
3
1
806
2
534
1
991
1
718
1
1711
1
819
1
810
2
892
1
808
1
2426
1
2
1
807
1
2
1
556
1
78
1
171
3
1089
1
1516
1
553
1
646
3
876
1
1553
1
238
1
544
1
1264
1
90
1
975
1
119
1
67
1
442
1
298
2
811
1
329
1
546
1
78
1
626
1
35
1
810
1
784
1
11
1
1070
1
557
1
809
1
68
1
95
1
438
1
208
1
810
1
807
1
2432
1
66
1
737
2
252
1
1365
1
1
1
1618
1
3
1
2391
1
1654
1
82
1
169
1
556
1
687
1
96
1
170
1
16
1
166
1
481
1
810
1
235
1
2246
1
822
1
170
1
570
1
78
1
172
1
162
1
1081
1
176
1
274
2
464
1
3229
1
262
1
535
1
923
1
77
1
94
1
793
1
180
1
270
1
123
1
805
1
4
1
159
1
1455
1
3746
1
306
1
78
1
430
1
174
1
934
1
969
1
73
1
735
1
1694
1
572
1
806
1
79
1
1333
1
171
1
38
1
75
2
887
1
170
1
478
1
160
1
625
1
184
1
1459
1
160
1
649
1
160
2
74
1
1167
1
815
1
89
1
120
1
79
1
61
1
746
1
249
1
559
1
246
1
466
1
92
1
78
1
731
1
2
1
726
1
80
1
1
1
727
1
65
1
14
2
735
1
146
1
271
1
1198
1
2
1
55
1
186
1
637
1
155
1
581
1
1
1
317
1
183
1
307
1
151
1
702
1
275
1
625
1
902
1
553
1
442
1
538
1
184
2
473
1
813
1
69
1
427
1
90
1
91
1
129
1
69
1
246
1
563
1
63
1
275
1
384
1
12
1
1
1
54
1
170
1
2197
1
812
1
676
1
1169
1
639
1
261
1
642
1
167
1
561
1
714
1
95
1
155
1
1390
1
675
1
373
1
555
1
14
1
810
1
147
1
348
1
313
1
499
1
719
1
396
1
70
1
1514
1
35
1
150
1
167
1
474
1
341
1
467
1
253
1
625
1
621
1
721
1
90
1
93
1
184
1
260
1
374
1
436
1
396
1
2427
1
2
1
65
1
95
1
647
1
314
1
491
1
69
1
797
1
536
1
215
1
45
1
366
1
533
1
182
1
490
1
879
1
79
1
1471
1
64
1
67
1
282
1
392
1
809
1
405
1
1211
1
318
1
94
1
383
1
822
1
68
1
1527
1
172
1
659
4
504
1
301
1
237
1
94
1
72
1
402
1
1
1
586
1
220
1
2
1
1765
1
1459
1
12
1
67
1
66
1
675
1
809
2
323
1
270
1
374
1
167
1
717
1
76
1
271
1
91
2
129
1
241
1
569
1
63
1
79
1
78
1
583
1
1607
1
824
1
145
1
1348
1
617
1
267
1
637
1
86
2
129
1
240
1
568
3
808
1
1
1
63
1
158
1
1396
1
875
1
795
1
101
1
92
3
423
1
199
1
11
1
4
1
62
1
12
1
440
1
220
1
319
2
473
1
245
1
579
1
577
1
91
1
137
1
1
1
56
1
797
1
889
1
275
1
396
1
228
1
1401
1
71
1
76
1
529
1
450
1
255
1
464
1
164
1
180
1
234
1
1756
1
259
1
411
1
1618
1
54
1
822
1
3
1
77
1
623
1
31
1
4
1
842
1
196
1
635
1
1331
1
217
1
11
1
581
1
367
1
671
1
124
1
807
1
10
1
11
1
658
1
320
1
257
1
370
1
184
1
344
1
810
1
1077
1
1356
1
195
1
340
1
549
1
77
1
274
1
318
1
122
1
117
1
568
1
67
1
80
1
1684
1
451
1
128
1
1493
1
138
1
216
1
455
1
935
1
502
1
315
1
4
1
804
1
3
1
67
1
1045
1
1300
1
1403
1
286
1
524
1
192
1
1652
1
3
1
144
1
660
1
1
1
68
1
505
1
232
1
2
1
70
1
248
1
344
1
145
1
226
1
347
1
218
1
244
1
347
1
90
1
138
1
582
1
214
1
57
1
740
1
514
1
319
1
489
1
319
2
211
1
191
1
978
1
13
1
291
1
248
1
488
3
666
1
723
1
202
1
515
1
305
1
12
1
843
1
102
1
354
1
319
1
489
1
1274
1
427
1
198
1
105
2
63
1
259
1
483
1
54
1
27
1
74
1
442
1
628
1
321
2
794
1
13
1
230
1
579
1
1947
1
720
1
348
1
366
1
732
1
78
1
624
1
105
1
325
1
92
4
386
2
326
1
643
1
166
1
643
1
166
1
444
1
22
1
249
1
512
1
54
1
754
1
68
2
158
1
2
1
573
1
777
1
176
1
669
1
44
1
12
1
159
1
166
1
410
1
13
1
294
1
575
1
875
1
443
1
285
1
249
1
545
1
541
1
463
3
344
1
346
1
464
1
91
2
134
1
4
1
138
1
75
1
91
1
498
1
47
1
172
1
614
1
10
1
185
1
648
1
599
1
210
1
326
1
365
1
44
1
784
1
36
1
148
2
52
1
22
1
578
1
59
1
174
2
422
1
156
1
135
1
349
1
180
1
449
1
454
1
43
1
835
1
761
1
245
1
575
1
308
1
489
1
834
1
149
1
258
2
253
1
375
1
73
1
360
1
449
1
167
1
1098
1
103
1
2371
1
205
1
663
1
746
1
58
1
13
1
81
1
258
1
90
1
163
1
145
1
111
1
552
1
617
1
644
1
1156
1
151
1
46
1
173
1
554
1
58
1
10
1
774
1
58
1
55
1
916
1
632
1
546
1
171
1
47
1
574
1
901
1
357
1
92
1
2778
1
277
1
441
1
217
1
23
1
295
1
498
1
12
1
45
1
25
1
504
1
187
1
44
1
1
1
43
1
441
1
324
1
42
1
68
1
101
1
592
1
310
1
1263
1
32
1
154
1
76
1
810
1
75
1
537
1
1006
1
589
2
212
1
285
1
74
1
208
1
511
1
308
1
503
1
90
1
89
1
138
3
111
1
695
1
44
1
1575
1
476
1
1130
1
137
1
351
1
386
1
93
1
425
1
105
1
102
1
1232
1
92
1
1103
1
138
1
10
1
686
1
137
2
873
1
1176
1
625
1
375
1
79
1
37
1
76
1
259
1
375
1
58
1
286
1
74
1
1257
1
1436
1
286
1
247
1
411
1
68
1
421
1
388
1
695
1
114
1
328
1
431
1
229
2
63
1
510
1
3
1
310
1
345
1
149
1
2
1
218
1
245
1
194
1
135
1
73
1
66
1
261
1
467
1
81
1
728
1
82
1
622
1
831
1
501
1
553
1
347
1
91
1
441
1
22
1
640
1
171
1
500
1
22
1
169
1
590
1
25
1
478
1
316
1
13
1
1016
1
733
1
702
1
762
1
217
1
362
1
235
1
38
1
46
2
417
1
320
1
215
1
1069
1
77
1
208
1
104
1
510
1
90
1
540
1
163
1
314
1
68
1
77
1
93
1
508
1
34
1
25
1
736
1
220
1
795
1
14
1
595
1
3
1
579
1
538
1
501
1
866
1
55
1
349
1
1119
1
10
1
23
1
1018
1
625
1
22
1
1410
1
135
1
22
1
3
1
54
1
226
1
295
1
90
1
113
1
22
1
3
1
137
1
53
1
1092
1
391
1
328
1
76
1
331
1
311
1
510
1
797
1
568
1
253
1
12
1
46
1
69
1
740
1
69
1
676
2
283
1
295
1
228
1
1
2
137
1
245
1
422
1
2
1
218
1
647
1
237
1
181
1
1269
1
624
1
185
1
245
1
469
1
249
1
733
1
600
1
578
1
423
1
615
3
55
1
599
1
151
1
296
1
182
1
375
1
68
1
1505
1
374
1
410
1
83
1
810
1
586
1
162
1
577
1
368
1
170
1
1310
2
55
1
330
1
92
1
281
1
46
1
57
1
239
1
570
1
224
1
653
1
246
1
422
1
72
1
53
1
92
1
648
1
785
1
32
1
1061
1
92
1
254
1
294
1
75
1
1459
1
3
1
735
1
71
3
64
1
429
1
287
1
25
1
314
1
272
1
290
1
693
1
33
1
82
1
336
1
90
1
480
1
233
1
653
1
92
1
255
1
106
1
183
1
78
1
337
1
104
1
194
1
16
1
131
1
27
1
165
1
257
1
220
1
3
1
585
1
186
1
774
1
810
1
204
1
455
1
149
1
139
1
428
1
90
1
142
1
49
1
45
2
723
1
11
1
59
1
84
1
653
1
73
1
880
1
63
1
274
1
328
1
297
1
93
1
164
1
254
1
59
1
53
1
12
1
170
1
795
1
655
1
76
1
258
1
286
1
187
1
153
1
497
1
34
1
138
1
669
2
115
1
90
1
557
1
421
1
642
1
167
1
468
1
147
1
1262
1
447
1
719
1
180
1
642
1
76
1
271
1
215
1
43
2
139
1
224
1
206
1
237
1
46
1
345
1
163
1
381
1
78
1
66
1
744
1
648
1
422
1
164
1
150
1
116
1
287
1
163
1
229
1
324
1
1156
1
138
1
231
1
257
1
327
1
139
1
24
1
519
1
208
1
67
1
262
1
693
1
26
1
1053
1
12
1
239
1
572
1
90
1
182
1
1421
1
162
1
1018
1
751
1
312
1
114
1
630
1
721
1
344
1
209
1
14
1
147
1
601
1
648
1
102
1
57
1
33
1
11
1
763
1
272
1
16
1
636
1
716
1
172
1
669
1
394
1
114
1
184
1
42
1
72
1
213
1
115
1
165
1
314
1
314
1
270
1
224
1
147
1
347
1
721
1
180
1
102
1
149
1
10
1
11
1
171
1
509
1
12
1
115
1
876
1
823
1
76
1
818
1
168
1
114
1
184
1
115
1
237
1
91
1
91
1
388
1
750
1
207
1
587
1
58
1
331
1
75
1
644
1
521
1
22
1
171
1
810
1
615
1
194
1
76
1
674
1
402
1
24
1
184
1
115
1
213
1
115
1
91
1
362
1
25
1
240
1
509
1
32
1
94
1
78
1
167
1
181
1
215
1
22
1
13
1
377
2
430
1
11
1
275
2
73
1
492
1
959
1
810
1
438
1
147
1
69
1
12
1
484
1
24
1
462
1
649
1
238
1
636
1
66
1
1540
1
172
4
72
1
180
1
368
1
1481
1
138
1
92
1
257
1
328
1
11
1
151
1
337
1
155
1
233
1
161
1
76
1
168
1
401
3
54
1
260
1
258
1
735
1
90
1
133
1
822
1
45
1
252
1
76
1
434
1
465
1
344
1
810
1
57
1
497
1
365
1
44
1
82
1
78
1
63
1
104
1
398
1
322
1
163
1
250
1
4
1
296
1
464
1
45
2
773
1
834
1
45
1
345
1
163
1
288
1
836
1
237
1
1353
1
20
1
58
1
191
1
14
1
52
1
22
1
407
1
10
1
74
1
66
1
79
1
171
1
523
1
117
1
62
1
349
1
209
1
523
1
91
1
123
1
22
1
73
1
67
1
78
1
64
1
512
1
857
1
170
1
91
1
348
1
163
1
45
1
751
1
311
1
814
1
14
1
257
4
294
1
46
1
259
1
24
1
406
1
235
1
75
1
510
1
35
1
23
1
316
1
90
1
90
1
227
1
24
2
374
1
91
1
92
1
309
1
316
1
718
1
93
1
417
1
206
1
92
1
625
1
12
1
65
1
106
1
587
1
225
1
14
1
347
1
125
1
163
1
668
1
207
1
91
1
510
1
35
1
266
1
345
1
161
1
128
1
338
1
76
1
105
1
146
1
25
1
117
1
338
1
282
1
117
1
31
1
22
1
170
1
523
1
272
1
512
1
58
1
829
1
13
1
239
1
232
1
114
1
369
1
705
1
182
1
1380
1
149
1
64
1
284
1
215
1
34
1
183
1
377
1
341
1
287
1
416
1
58
1
13
1
212
1
15
1
254
1
197
1
67
1
195
1
609
1
312
1
496
1
953
1
713
1
11
1
738
1
47
1
173
1
716
1
67
1
286
1
180
1
217
1
33
1
716
1
273
1
468
1
171
1
91
1
737
1
184
1
862
1
207
1
73
1
278
1
26
1
1043
1
432
1
46
1
162
1
258
1
90
1
382
1
247
1
271
1
145
1
105
1
101
1
93
1
544
1
10
1
24
1
135
1
810
1
610
1
387
1
246
1
24
1
435
1
194
1
471
1
1315
1
811
1
194
1
788
1
621
1
174
1
59
1
484
1
900
1
171
1
634
1
24
1
222
1
66
1
340
1
455
1
740
1
500
1
205
1
172
1
249
1
183
1
294
1
408
1
342
1
127
1
754
1
55
1
877
1
920
1
78
1
506
1
291
1
297
1
101
1
185
1
80
2
169
1
164
1
276
1
181
1
980
1
560
1
1
1
667
1
798
1
127
1
169
1
652
1
66
1
12
1
167
1
922
1
304
1
92
1
82
1
239
1
255
1
810
1
447
1
15
1
74
1
168
1
16
1
223
1
964
1
247
1
75
1
345
1
390
1
163
1
314
1
132
1
102
1
489
1
579
1
91
1
318
1
56
1
272
1
376
1
10
1
94
1
212
1
911
1
484
1
80
1
77
1
257
1
91
2
158
1
469
1
401
1
67
1
78
1
1055
1
320
1
11
1
138
1
169
1
94
1
163
1
90
1
209
1
13
1
66
1
169
1
986
1
103
4
233
1
140
1
14
1
222
1
12
1
418
1
140
1
695
1
339
1
270
1
12
1
288
1
433
1
236
1
140
1
341
1
400
1
316
1
256
1
117
1
1502
1
377
1
24
1
337
1
458
1
567
1
94
1
320
1
164
1
251
1
25
1
47
1
691
1
103
1
56
1
248
1
102
1
401
1
148
1
260
1
92
1
363
1
261
1
93
1
314
1
11
1
72
1
133
1
184
1
717
1
544
1
609
1
129
1
20
1
93
1
242
1
141
1
25
1
1163
1
115
1
81
1
75
1
583
1
783
1
161
1
259
1
91
1
379
1
53
1
193
1
92
1
73
1
646
1
72
1
416
1
134
1
763
1
157
1
324
1
199
1
809
1
809
1
45
1
33
1
35
1
157
1
348
1
233
1
692
1
253
1
730
1
341
1
90
1
352
1
182
1
166
1
331
1
23
1
34
1
24
1
135
1
93
1
827
1
454
1
114
1
305
1
78
1
24
1
91
1
262
1
194
1
336
1
379
1
13
1
325
1
180
1
232
1
1207
1
166
1
14
1
194
1
22
1
321
3
486
1
395
1
379
1
34
1
900
1
157
1
524
1
429
1
24
1
182
1
122
1
128
1
114
1
565
1
10
1
82
1
70
1
1550
1
139
1
62
1
194
1
885
1
460
1
638
1
808
1
206
1
170
1
382
1
21
1
314
1
166
1
166
1
160
1
366
1
549
1
34
1
145
1
271
1
321
1
56
1
522
1
184
1
45
1
306
1
274
1
144
1
140
1
3
1
691
1
1580
1
80
1
11
1
1052
1
964
1
481
1
146
1
798
1
284
1
90
1
157
1
212
1
169
1
415
1
144
1
159
1
611
1
692
1
82
1
56
1
79
1
348
1
367
1
679
1
161
1
92
1
81
1
462
1
20
1
165
1
65
1
248
1
329
1
232
1
78
1
259
4
374
1
249
1
94
1
1357
1
544
1
47
1
123
1
262
2
384
1
69
1
158
1
195
1
403
1
91
1
80
1
12
1
304
1
308
1
115
1
44
1
103
1
80
1
64
1
490
1
11
1
82
1
212
1
1080
1
12
1
148
1
11
1
301
1
496
1
12
1
58
1
66
1
1506
1
101
1
78
1
639
1
353
1
394
1
30
1
166
1
381
1
24
3
320
1
42
1
1240
1
471
1
78
1
734
1
76
1
260
1
613
1
103
1
402
1
67
1
342
1
72
1
241
1
138
1
787
1
360
1
339
1
150
1
91
1
248
1
156
1
27
1
272
1
23
1
44
1
192
1
93
2
372
1
148
1
101
1
488
1
10
1
82
1
797
1
82
1
81
1
75
1
350
1
147
1
11
1
467
1
93
1
248
1
468
1
524
1
101
1
185
1
72
1
1070
1
389
1
258
1
12
1
345
1
284
1
375
1
22
1
68
1
56
1
193
1
639
1
156
1
78
1
494
1
82
1
243
1
901
1
92
1
112
1
103
1
502
1
236
1
25
1
114
1
341
1
282
1
946
1
147
1
156
1
15
1
255
1
207
1
25
1
932
1
11
1
589
1
47
1
172
1
172
1
164
1
239
1
467
1
353
1
650
1
232
1
772
1
92
1
342
1
720
1
508
1
576
1
207
1
93
1
715
1
25
1
783
1
318
1
15
1
164
1
298
1
252
1
155
1
481
1
79
1
78
1
594
1
488
1
1048
1
141
3
155
1
829
1
92
1
489
1
68
1
54
1
364
1
320
1
55
1
13
1
236
1
92
1
720
1
61
1
352
1
140
1
160
4
493
1
219
1
627
1
90
1
91
1
4
1
61
1
285
1
236
1
766
1
160
1
24
1
1
1
156
1
165
1
503
1
865
1
25
1
429
1
602
1
1246
1
832
1
453
1
90
1
367
1
169
1
3
1
270
1
911
1
185
2
1078
1
1607
1
887
1
410
1
580
1
721
2
458
1
167
2
255
1
244
1
220
1
253
1
629
1
379
1
158
1
11
1
181
1
362
1
82
1
366
1
90
1
1698
1
2729
1
146
1
91
1
1718
1
90
1
180
1
90
1
983
1
625
1
1088
1
649
1
329
1
1289
1
810
1
1148
1
720
1
164
1
552
1
259
1
719
1
91
1
1172
1
25
1
237
1
534
1
1657
1
66
1
78
1
624
1
1354
1
286
1
436
1
625
1
92
1
545
1
904
1
76
1
571
1
66
1
78
1
184
1
809
1
479
1
889
1
61
1
11
1
94
1
623
1
352
1
536
1
996
1
477
3
159
1
647
1
161
1
648
1
1047
1
572
1
885
3
171
1
715
1
812
1
170
1
476
2
53
1
754
1
2
1
159
1
75
1
733
1
2231
1
37
1
804
2
78
1
247
1
360
1
121
1
83
1
74
1
615
1
101
1
745
1
810
1
159
1
74
1
638
1
95
1
647
1
161
1
634
1
13
1
65
1
94
1
75
1
573
1
809
1
885
4
335
1
393
1
156
1
716
1
707
1
34
1
163
1
809
1
633
1
67
1
917
1
714
1
806
1
182
1
3
1
1066
1
303
1
77
1
248
1
482
1
965
1
2
1
807
3
808
1
703
1
90
1
15
1
635
1
977
1
259
1
378
1
91
1
339
1
3
1
88
1
178
1
447
1
564
1
245
1
479
1
83
1
726
1
82
1
75
1
651
1
81
1
714
1
13
1
235
1
574
1
64
1
78
1
666
1
73
1
169
1
180
1
459
1
786
1
287
1
546
1
876
1
455
1
204
1
57
1
11
1
170
1
652
1
79
1
612
1
117
1
156
1
1382
1
73
1
531
1
278
1
262
1
165
1
15
1
704
1
1713
1
536
1
652
1
692
1
844
1
162
1
649
1
502
1
12
1
89
1
450
1
92
1
545
1
810
1
79
1
168
1
90
1
719
1
182
1
1437
1
1276
1
966
1
1529
1
633
1
280
1
351
1
90
1
192
1
904
1
79
1
261
1
1172
1
1788
1
285
2
88
3
72
1
810
1
721
1
89
1
356
1
182
1
92
1
467
1
967
1
3174
1
422
1
13
3
86
1
707
1
290
1
79
1
353
1
87
4
87
3
126
1
148
1
263
1
361
1
21
1
12
2
809
2
317
1
546
1
92
1
1435
1
104
1
65
1
834
1
257
1
180
1
87
1
3
1
356
1
568
2
498
2
309
2
66
1
79
1
661
1
1
1
772
1
35
2
66
1
157
1
584
2
876
1
967
1
184
1
382
1
524
1
164
1
87
1
855
1
242
1
256
1
309
2
808
1
1
1
808
1
146
1
663
2
942
1
12
1
649
1
80
1
342
1
382
1
13
2
421
1
84
1
3
1
89
1
884
1
132
1
134
1
105
1
165
1
356
1
45
2
65
1
341
1
400
3
794
1
13
2
809
2
314
1
1714
1
397
3
40
1
38
1
243
1
360
1
4
1
171
1
106
1
74
1
810
1
77
1
273
1
219
1
242
1
567
1
810
1
1673
1
798
1
23
1
343
1
478
1
730
1
4
1
319
1
180
1
167
1
140
1
217
1
286
1
1092
1
1142
1
560
1
340
1
444
1
104
1
1476
1
73
1
168
3
559
1
5
1
70
1
428
1
275
1
91
1
355
1
1065
1
139
1
1
1
231
1
578
1
44
1
261
1
502
1
489
1
1117
1
57
1
92
1
77
1
183
1
405
1
56
1
260
1
478
1
82
2
80
1
715
1
429
1
320
1
2
1
763
1
46
1
136
1
673
1
668
1
138
1
797
1
13
1
123
1
12
1
979
1
624
1
684
1
68
1
1
1
79
1
167
1
547
1
429
1
554
1
564
1
229
1
15
1
74
1
640
1
647
1
81
1
752
1
785
1
148
1
273
1
533
1
10
1
742
1
2
2
77
1
348
1
310
1
214
1
595
1
32
1
777
1
806
1
232
1
348
1
627
1
468
1
432
1
320
1
305
1
498
1
137
1
106
1
564
1
70
1
326
1
14
1
90
1
2417
1
90
1
90
1
1073
1
365
1
809
1
320
1
43
1
352
1
91
1
559
1
568
1
409
1
181
1
87
1
199
3
873
1
1554
2
418
1
318
1
33
1
36
1
703
1
35
1
123
1
365
1
320
1
228
1
578
1
66
1
338
1
401
1
1
1
225
1
182
1
75
1
324
1
149
1
658
1
1
1
68
3
414
1
90
1
92
2
139
1
67
1
1
1
324
1
92
1
319
1
55
1
13
1
421
1
387
1
159
1
261
1
293
1
57
1
195
1
1070
1
282
1
35
1
66
1
706
1
534
2
273
1
355
1
255
1
301
1
158
1
350
1
2
2
228
1
150
1
338
1
319
2
66
1
742
1
53
1
79
1
92
1
534
1
115
1
327
1
93
1
388
1
158
1
565
1
344
1
522
1
271
1
272
1
163
1
203
1
797
1
12
1
431
1
215
1
163
1
337
1
1
3
385
1
83
1
3249
1
347
3
375
2
236
1
499
1
48
1
728
1
175
1
260
1
409
1
294
1
180
1
331
1
811
1
220
1
165
1
810
1
90
1
284
1
434
1
490
1
76
1
55
1
10
1
284
1
377
2
44
1
450
1
240
1
491
1
526
1
195
1
90
1
352
1
260
1
572
1
694
1
31
1
592
1
228
1
139
1
441
1
90
1
114
1
69
1
535
1
201
1
31
1
74
1
79
1
348
1
90
2
73
1
107
1
104
1
161
2
562
1
10
1
4
1
486
1
323
1
202
1
270
1
15
1
89
1
89
1
195
1
83
1
1421
1
102
1
762
1
775
1
34
1
220
1
439
1
132
1
14
1
149
3
438
1
89
1
113
1
70
1
175
1
1513
1
13
1
441
1
213
1
71
1
160
1
347
1
384
1
782
1
104
1
589
1
659
1
115
1
10
1
592
1
90
1
284
1
13
1
168
1
181
1
89
1
89
1
129
1
2426
1
568
1
383
1
1146
1
331
1
659
1
126
1
164
1
77
1
590
1
66
1
342
1
352
1
276
1
255
1
89
1
89
1
96
1
42
1
4
1
135
1
169
1
90
1
269
1
94
1
995
1
64
1
1438
1
194
1
258
1
275
1
43
1
776
1
21
1
23
1
204
1
753
1
168
1
604
1
372
1
324
1
667
1
114
1
241
1
546
1
44
1
312
1
484
1
798
1
163
1
246
1
90
1
366
1
889
1
11
1
657
1
26
1
53
1
12
1
694
1
43
1
2
1
933
1
11
1
261
1
409
1
1759
1
429
1
1190
1
521
1
366
1
442
1
101
1
44
1
2
1
67
1
611
1
126
2
576
1
724
1
373
1
754
2
308
1
500
1
135
1
78
1
594
1
475
1
92
1
534
1
90
1
183
1
262
1
115
1
602
1
136
1
234
1
479
1
345
1
522
1
169
1
25
1
260
1
884
1
218
1
686
1
459
1
164
1
93
1
376
1
78
1
1881
1
92
1
1126
1
67
1
263
1
534
1
14
2
334
1
329
1
129
1
169
1
363
1
150
1
56
1
147
1
810
1
602
1
60
1
146
1
614
1
117
1
335
1
307
1
411
1
498
1
811
1
330
1
1
1
511
1
37
1
1452
1
414
1
90
1
272
1
356
1
255
1
266
1
1607
1
207
1
76
1
486
1
31
1
75
1
121
1
37
1
541
1
435
1
75
1
390
1
509
1
196
1
523
1
721
1
627
1
661
1
406
1
297
1
92
1
81
1
427
1
252
1
864
1
15
1
415
1
323
1
306
1
91
1
362
1
265
1
346
1
1827
1
150
1
259
1
447
1
21
1
265
1
462
1
104
1
866
1
694
1
67
3
876
1
246
1
15
1
884
1
318
1
1030
1
91
1
271
1
89
1
113
1
33
1
939
1
1424
1
170
1
701
1
74
1
325
1
270
1
137
1
59
1
46
1
205
1
474
1
166
1
244
1
420
1
36
1
443
1
89
1
539
1
362
1
206
1
750
1
647
1
175
1
21
1
249
1
524
1
300
1
74
1
376
1
287
1
346
1
287
1
81
1
170
1
497
1
105
1
820
1
454
1
89
1
136
1
311
1
92
1
417
1
58
1
147
1
546
1
43
1
822
1
206
1
349
1
240
1
35
1
276
1
505
1
1197
1
15
1
533
1
92
1
335
1
476
1
349
1
89
1
262
1
994
1
256
1
1886
1
287
1
644
1
326
1
89
1
24
1
64
1
164
1
1
2
807
2
138
1
77
1
336
1
208
1
46
2
218
1
590
1
809
1
282
1
559
1
265
1
485
1
1040
1
93
1
507
3
1207
1
547
1
429
1
90
1
369
1
262
1
281
1
69
1
272
1
77
1
538
1
452
1
217
1
592
1
228
1
229
1
904
1
256
1
260
1
23
1
47
1
201
1
21
1
509
1
559
1
250
1
129
1
681
1
1
1
127
1
428
1
252
1
130
1
336
1
76
1
207
1
343
1
91
1
406
1
11
1
557
1
312
1
240
1
544
1
612
1
166
1
71
1
3
1
201
1
34
1
501
1
137
1
66
1
363
1
203
1
70
1
148
1
10
1
612
1
287
1
522
1
94
1
1186
1
339
1
774
1
35
1
785
1
11
1
35
1
265
1
502
1
15
1
12
1
54
4
201
1
676
1
155
1
348
1
13
1
356
1
588
1
72
1
810
1
135
1
661
1
512
1
630
1
361
1
31
1
22
1
72
1
866
1
964
1
719
1
36
1
166
1
1440
1
660
1
70
1
64
1
90
1
361
1
292
1
413
1
104
1
276
1
263
1
254
1
138
1
70
1
509
1
266
1
57
1
228
1
575
1
81
1
134
1
112
1
66
1
89
1
392
1
67
1
26
1
256
1
316
1
1693
1
44
1
25
1
155
1
361
1
292
1
247
1
165
1
104
1
934
1
94
1
44
1
440
1
266
1
21
1
430
1
664
1
141
1
179
1
23
1
137
1
208
1
464
1
147
1
60
1
810
1
714
1
165
1
80
1
74
1
639
1
14
1
339
1
73
1
311
1
727
1
94
1
304
1
180
1
266
1
193
1
609
1
47
1
93
1
133
1
37
1
51
1
89
1
113
1
239
1
128
1
56
1
37
1
423
1
1182
1
167
1
408
1
70
1
46
1
36
1
428
1
89
1
103
1
187
1
155
1
977
1
287
1
612
1
264
1
853
1
1243
1
180
1
208
1
146
1
602
1
13
1
46
2
314
1
408
1
24
1
60
1
68
1
1465
1
11
1
466
1
1153
1
300
1
483
1
33
1
568
1
276
1
238
1
296
1
225
1
13
2
56
2
496
1
253
1
557
1
226
1
25
1
32
1
94
1
341
1
163
1
267
1
21
1
798
1
169
1
13
1
166
1
343
1
34
1
22
1
589
1
289
1
691
1
34
1
90
1
169
1
105
1
351
1
56
2
112
1
440
1
314
2
494
1
311
1
1525
1
69
1
329
1
388
1
2469
1
94
2
147
1
172
2
559
1
417
1
213
1
151
1
147
1
10
1
521
1
301
1
76
1
492
1
499
1
76
1
14
1
368
1
259
1
444
1
11
1
14
1
1453
1
23
1
1220
1
165
1
902
1
218
1
149
1
662
1
226
1
245
1
11
1
206
1
43
1
209
1
1070
1
182
1
145
1
36
1
68
1
36
1
339
1
719
1
74
1
415
1
484
1
307
1
728
1
346
1
75
1
271
1
356
1
274
1
374
1
252
1
1307
1
59
1
706
1
80
1
981
1
183
1
489
1
804
1
80
1
13
1
79
1
312
1
250
1
129
1
196
1
554
1
162
1
53
1
205
1
283
1
42
1
73
1
575
1
176
1
57
1
111
1
282
1
901
1
194
1
172
1
443
1
379
1
65
1
183
1
405
1
128
1
11
1
13
1
673
1
17
1
202
1
78
1
104
1
165
1
66
1
460
1
1004
1
91
1
1045
1
15
1
57
1
472
1
102
1
233
1
486
1
309
1
70
1
430
1
1013
1
92
1
11
1
305
1
387
1
170
1
285
1
422
1
55
1
203
1
203
1
328
1
391
1
182
1
272
1
10
1
25
1
303
1
978
1
102
1
148
1
84
1
138
1
645
1
11
1
70
1
249
1
1173
1
889
1
100
1
193
1
167
1
389
1
13
1
202
1
521
1
85
1
393
1
470
1
173
1
543
1
22
1
149
1
349
1
265
1
114
1
81
1
166
1
181
1
308
1
70
1
234
1
469
1
10
1
94
1
157
1
454
1
42
1
207
1
104
1
920
1
523
1
751
1
424
1
325
1
765
1
694
1
195
1
175
1
166
1
92
1
397
1
70
1
810
1
143
1
13
1
454
1
31
1
93
1
71
1
621
1
41
1
83
1
161
1
142
1
420
1
151
1
173
1
347
1
275
1
13
1
784
1
878
1
22
1
260
1
181
1
287
1
81
2
563
1
48
1
115
1
234
1
719
1
13
1
454
1
54
1
207
1
682
1
160
1
650
1
573
1
645
1
1605
1
295
1
45
1
126
1
158
1
91
1
419
1
105
1
34
1
235
1
576
1
142
1
361
1
197
1
265
1
512
1
232
1
94
1
76
1
65
1
191
1
230
1
296
1
193
1
457
1
170
1
167
1
1135
1
69
1
233
1
90
1
296
1
173
1
507
1
86
1
51
1
150
1
682
1
46
1
11
1
162
1
75
1
77
1
13
1
92
1
164
1
304
1
754
1
26
1
20
1
181
1
56
1
21
1
652
1
429
1
206
1
95
1
159
1
168
1
397
1
34
1
286
1
74
1
180
1
137
1
569
1
1121
1
136
1
821
1
274
1
339
1
23
1
22
1
12
1
213
1
196
1
164
1
377
1
10
1
169
1
67
1
100
1
299
1
34
1
1093
1
281
1
382
1
565
1
10
1
83
1
693
1
116
1
123
1
628
1
889
1
659
1
115
1
319
1
474
1
33
1
306
1
157
1
321
1
24
1
68
1
507
1
147
1
71
1
243
1
258
1
602
1
420
1
10
1
777
1
187
1
415
1
238
1
26
1
56
1
703
1
81
1
422
1
90
1
810
1
327
1
68
1
249
1
92
1
271
1
499
1
203
1
721
1
603
1
420
1
10
1
858
1
10
1
95
1
52
1
271
1
356
1
43
1
57
1
533
1
124
1
105
1
140
1
166
1
256
1
209
1
22
1
70
1
341
1
73
1
15
1
328
1
796
1
82
1
65
1
14
1
142
1
78
1
573
1
442
1
368
1
564
1
10
1
70
1
894
1
324
1
1257
1
23
1
341
1
89
1
630
1
892
1
912
1
459
1
260
1
181
1
145
1
128
1
12
1
145
1
105
1
393
1
10
1
128
1
1252
1
379
1
81
1
349
1
214
1
163
1
251
1
270
1
182
1
91
1
774
1
408
1
75
1
310
1
148
1
1399
1
223
1
170
1
73
1
329
1
82
1
71
1
132
1
1184
1
206
1
163
2
260
1
89
1
212
1
10
1
22
1
71
1
57
1
506
1
303
1
158
1
495
1
80
1
25
1
146
1
169
1
561
1
80
1
76
1
349
1
812
1
144
1
47
1
92
1
81
1
64
1
361
1
186
1
249
1
533
1
116
1
429
1
473
3
74
1
91
1
1
3
392
1
832
1
58
1
498
1
345
1
21
1
477
1
181
1
276
1
602
1
782
1
220
1
731
3
691
1
101
1
341
1
295
1
116
1
306
2
395
1
106
1
214
1
569
1
11
1
230
1
553
1
30
1
21
1
83
1
192
1
190
1
344
3
630
1
315
1
79
1
65
1
106
1
240
1
82
1
71
1
68
1
14
1
64
1
172
1
332
1
143
1
12
1
148
1
503
1
73
1
218
1
516
1
40
1
21
1
11
1
218
1
261
1
166
1
368
1
591
1
24
1
45
1
422
1
74
1
351
1
69
1
80
1
79
1
78
1
246
1
230
1
94
1
240
1
794
1
386
1
103
1
1622
1
32
1
36
1
509
1
112
1
606
1
534
1
90
1
91
1
354
1
115
1
79
1
259
1
429
1
68
1
67
1
12
1
157
1
489
1
46
1
10
1
328
1
192
1
115
1
102
1
1054
1
62
1
12
1
1229
1
141
1
656
1
47
1
22
1
500
1
434
1
192
1
397
1
128
1
283
1
556
1
115
1
78
1
170
1
142
1
323
1
251
1
394
1
219
1
248
1
115
1
390
1
160
1
494
1
84
1
55
1
158
1
487
1
581
1
77
1
244
1
396
1
341
1
128
1
522
1
134
1
152
1
1078
1
91
1
304
1
93
1
320
1
405
1
48
1
523
1
91
1
602
1
25
1
165
1
231
1
12
1
22
1
691
1
95
1
56
1
145
1
522
1
1356
1
13
1
90
1
810
1
112
1
90
1
58
1
43
1
67
1
104
1
168
1
343
1
20
1
21
1
161
1
314
1
310
1
185
1
428
1
194
1
10
1
23
1
399
1
433
1
114
1
171
1
624
1
93
2
577
1
12
1
124
1
637
1
10
1
512
1
308
1
152
1
167
1
90
1
293
1
124
1
24
1
57
1
42
1
439
1
160
1
27
1
20
1
498
1
834
1
90
1
229
1
70
1
302
1
25
1
165
1
208
1
58
1
114
1
671
1
44
1
824
1
132
1
360
1
643
1
180
1
264
1
105
2
167
1
91
1
291
1
41
1
48
1
116
1
42
1
349
1
321
1
240
1
168
1
66
1
575
1
64
1
78
1
23
1
812
1
432
1
115
1
657
1
12
1
282
1
560
1
158
1
192
1
90
1
902
1
123
1
868
1
54
1
227
1
731
1
314
1
575
1
566
1
149
1
170
1
640
4
141
1
282
1
218
1
24
1
566
1
243
1
477
1
89
1
371
1
73
1
91
3
405
1
139
1
689
1
128
1
116
1
155
1
182
1
224
1
128
1
90
1
183
1
534
1
79
1
25
1
77
1
351
1
112
1
331
1
67
1
409
1
102
1
12
1
141
1
243
1
340
1
637
1
149
1
492
2
548
1
2
1
74
1
467
1
54
1
1060
1
113
1
280
1
77
1
406
1
43
1
112
1
90
1
275
1
31
1
25
1
54
1
333
1
395
1
68
1
251
1
385
1
758
1
280
1
363
1
164
1
110
1
275
1
166
1
296
1
46
1
33
1
432
1
306
1
36
1
58
1
67
1
674
1
39
1
111
1
105
1
65
1
135
1
389
1
20
1
264
1
65
1
13
1
261
1
142
1
82
1
82
1
317
1
315
1
10
1
1188
1
15
1
255
1
137
1
243
1
77
1
351
2
719
1
249
1
34
1
509
1
311
1
12
1
407
1
93
1
221
1
501
1
14
2
51
1
424
1
160
1
78
1
54
1
1232
1
241
1
172
1
383
1
24
1
69
1
144
1
92
1
558
1
775
1
35
1
158
1
351
1
204
1
11
1
500
1
250
1
183
1
23
1
351
1
1023
1
126
1
55
1
407
1
11
1
644
1
371
1
114
1
694
1
115
1
113
1
193
1
796
1
16
1
61
1
192
1
137
1
22
1
140
1
159
1
166
1
90
1
810
1
91
1
113
1
59
1
544
1
91
1
248
1
398
1
412
1
67
1
613
1
20
1
491
1
183
1
613
1
1118
1
32
1
58
1
95
1
65
1
577
1
37
1
274
1
886
1
387
1
59
1
20
1
341
1
672
1
248
1
305
1
92
1
13
1
149
1
703
1
57
1
206
1
142
1
23
1
366
1
68
1
35
1
78
1
261
1
305
1
11
1
402
1
163
1
300
1
717
1
92
1
160
4
151
1
330
1
298
1
101
1
387
1
59
1
79
1
47
1
65
1
692
1
796
1
228
1
247
1
346
1
55
1
67
1
260
1
90
1
333
1
372
1
78
1
747
1
1217
1
566
1
301
1
134
1
373
1
115
1
114
1
24
1
47
1
65
1
350
1
341
1
553
1
242
1
149
1
93
1
76
1
92
1
74
1
206
1
171
1
11
1
67
1
12
1
235
1
78
1
261
1
234
1
78
1
260
1
330
1
32
1
520
1
230
1
11
1
72
1
222
1
1081
1
148
1
152
1
752
1
11
1
32
1
14
1
65
1
261
3
87
1
89
1
1060
1
294
1
12
1
92
1
408
1
796
1
12
1
219
2
531
1
353
1
643
1
231
1
459
1
361
1
318
1
10
1
37
1
43
1
57
1
340
1
4
1
176
1
242
1
11
1
32
1
80
1
169
4
668
1
533
1
20
1
256
1
143
1
78
1
192
1
217
1
593
1
381
1
79
1
141
1
351
1
81
1
12
1
57
1
238
1
1
1
165
1
287
1
170
1
11
1
3
1
425
1
266
1
259
1
192
1
90
1
136
1
92
1
71
3
239
1
85
1
410
1
12
1
11
1
113
1
3
1
719
1
254
1
379
1
3
1
685
1
13
1
162
1
194
1
1621
1
3319
1
477
1
608
1
201
1
415
1
367
1
22
1
510
1
1531
1
375
1
251
1
2964
1
32
1
79
1
338
1
12
1
270
1
187
1
609
1
200
1
520
1
195
1
983
1
92
1
2141
1
1655
1
611
1
88
1
109
1
154
1
530
1
373
1
258
1
180
1
370
1
623
1
12
1
79
1
796
1
993
1
91
1
1278
1
729
1
62
1
994
1
347
1
289
1
728
1
81
1
716
1
1620
1
11
1
147
1
638
1
262
1
901
1
474
1
250
1
707
1
104
1
347
1
1258
1
1380
1
81
1
3213
1
115
1
635
1
420
1
1166
1
1082
1
902
1
809
1
717
1
571
1
1044
1
102
1
1159
1
3
1
102
1
341
1
91
1
1278
1
1870
1
535
1
914
1
1513
1
271
1
275
1
89
1
113
1
256
1
167
1
465
1
2350
1
67
1
1882
1
489
2
79
2
427
1
89
1
89
1
120
1
65
1
93
3
340
1
270
1
35
1
43
1
367
1
806
1
717
1
718
1
3356
1
452
1
80
1
248
1
373
1
121
1
236
1
181
1
180
1
172
1
366
1
166
1
1119
1
880
1
1151
1
352
1
33
1
11
1
1060
1
1157
1
372
1
153
1
13
1
181
1
74
1
1350
1
627
1
545
1
196
1
172
1
1331
1
115
1
66
1
12
1
633
1
21
1
2
1
252
1
422
1
11
1
282
1
349
1
300
1
585
1
289
1
67
1
915
1
76
1
1450
1
636
1
22
1
57
1
1163
1
905
1
89
1
89
1
96
1
262
1
91
1
272
1
88
1
114
1
319
1
270
1
539
1
271
1
184
1
717
1
102
1
92
1
739
1
880
1
79
1
625
1
276
1
76
1
571
1
605
1
201
1
250
1
481
1
584
1
89
1
117
1
69
1
352
1
181
1
1177
1
169
1
91
1
91
1
1344
1
651
1
741
1
250
1
254
1
89
1
293
1
233
1
14
1
704
1
361
1
218
1
503
1
456
1
3594
1
1275
1
170
1
454
1
107
1
78
1
76
1
567
1
84
1
420
1
1114
1
776
1
21
1
57
1
1723
1
353
1
557
1
636
1
67
1
742
1
598
1
211
1
419
1
390
1
810
1
809
1
810
1
64
1
92
1
568
1
502
1
270
1
1814
1
337
1
185
1
205
1
55
1
628
1
31
1
175
1
873
1
664
1
81
1
611
1
90
1
25
1
326
1
400
1
44
1
37
1
64
1
354
1
1538
1
545
1
171
1
352
1
629
1
1880
1
453
1
388
1
93
1
80
1
729
1
80
1
339
1
317
1
224
1
283
1
435
1
741
1
418
1
102
1
216
1
37
1
466
1
459
1
1466
1
218
1
453
1
137
1
810
1
71
1
236
1
714
1
113
1
90
1
271
1
173
1
184
1
1068
1
295
1
70
1
93
1
441
1
1024
1
154
1
703
1
23
1
509
1
2086
1
182
1
75
1
14
1
180
1
172
1
170
1
14
1
1363
1
70
1
93
1
810
1
715
1
11
1
1320
1
216
1
411
1
90
1
390
1
54
1
104
1
350
1
306
1
785
1
10
1
175
1
575
1
310
1
270
1
204
1
22
2
296
1
360
1
151
2
753
1
55
2
218
1
167
1
422
1
568
1
1191
1
337
1
399
1
78
3
168
1
75
1
411
1
46
1
10
1
175
1
242
1
916
1
202
1
22
1
869
1
738
1
14
1
808
2
56
1
81
1
64
1
90
1
272
1
194
1
185
1
657
1
581
1
230
1
5
1
72
1
737
1
45
1
10
1
418
1
89
1
244
1
137
1
263
1
405
1
2
1
137
1
78
1
593
1
794
1
36
1
194
1
591
1
477
1
389
1
602
1
136
1
818
2
486
1
379
1
508
1
539
1
825
1
345
1
151
1
139
1
78
1
93
1
346
1
150
1
386
1
182
1
240
1
752
1
195
1
658
1
57
1
171
1
259
1
263
1
66
1
33
1
541
1
231
1
1
1
69
1
737
1
2
1
112
1
22
1
264
1
361
1
47
1
654
1
812
1
354
1
106
1
165
1
333
1
123
1
12
1
156
1
15
1
74
1
183
1
550
1
258
1
1047
2
67
1
249
1
92
1
469
2
79
1
502
1
153
1
1
1
305
1
92
1
411
1
42
1
430
1
180
1
106
1
45
1
1
1
565
1
242
2
568
1
214
1
228
1
272
1
457
1
169
1
537
1
10
1
535
1
224
1
13
2
498
3
307
1
71
1
78
1
170
1
487
1
33
1
2509
1
195
1
166
1
94
1
225
1
1393
1
181
1
839
1
103
2
327
1
397
1
38
1
31
1
251
1
77
1
12
1
90
1
64
1
26
1
224
1
1
1
115
1
26
1
244
1
420
2
466
1
102
1
215
1
10
1
494
1
388
1
240
1
484
1
882
1
160
1
439
1
93
1
197
1
662
1
13
1
232
1
562
1
6
1
588
1
63
1
26
1
137
1
763
1
343
1
509
1
482
1
89
1
203
1
33
1
301
1
346
1
161
1
116
1
78
1
547
1
67
1
34
1
521
1
460
1
591
1
236
1
2
1
345
1
540
1
91
1
90
1
89
1
447
1
586
1
209
1
348
1
239
1
404
1
179
1
75
1
13
1
1006
1
56
1
834
1
668
1
388
1
501
1
159
2
704
1
11
1
171
1
361
1
138
1
33
1
21
1
754
1
566
1
89
1
632
1
178
1
184
1
92
1
1424
1
1084
1
600
1
231
1
165
1
1363
1
1313
1
825
1
134
1
11
1
1680
1
240
1
809
1
576
1
2
1
160
1
346
1
231
1
309
1
495
1
4
1
32
1
261
1
77
1
420
1
659
1
13
1
93
1
924
1
764
1
796
1
797
1
58
1
758
1
3
1
69
1
65
1
93
1
437
1
137
1
128
1
658
1
139
1
104
1
257
1
89
1
239
1
47
1
80
1
170
1
91
1
181
1
73
1
162
1
392
1
417
1
647
1
208
1
510
1
206
1
330
1
457
1
125
1
751
1
66
1
1
2
64
1
169
1
271
1
205
1
26
1
307
1
639
1
324
1
12
1
446
1
26
1
63
1
14
1
260
1
163
1
150
1
47
1
10
1
11
1
333
1
254
1
1167
1
271
1
90
1
1361
1
495
1
84
2
157
1
64
1
78
1
433
1
310
1
92
1
1358
1
233
1
13
1
256
1
369
1
440
1
220
1
695
1
613
1
240
1
69
1
590
1
275
1
169
1
363
1
82
1
148
1
571
1
473
1
503
1
474
1
333
2
137
1
341
1
329
1
123
1
15
1
154
1
93
1
406
1
115
1
101
1
15
1
334
1
1361
1
500
1
1639
1
55
1
58
1
10
1
11
1
45
1
33
1
337
1
102
1
135
1
11
1
649
1
160
1
765
1
31
1
13
2
23
1
21
1
11
1
57
1
260
1
180
1
251
2
182
1
180
1
445
1
34
1
24
1
319
1
453
1
1075
1
165
1
180
1
170
1
44
1
262
1
515
1
54
1
408
1
295
1
70
1
354
1
91
1
704
1
418
1
49
1
22
1
749
1
60
1
71
1
518
1
195
1
23
1
752
1
57
1
1038
1
633
1
68
1
100
1
115
1
477
1
24
1
124
1
592
1
54
1
228
1
12
1
182
1
89
1
89
1
205
1
70
1
66
1
672
1
486
1
448
1
284
1
471
1
643
1
323
1
347
1
233
1
701
1
46
1
66
1
695
1
185
1
79
1
981
1
269
1
122
1
832
1
212
1
585
1
143
1
633
1
162
1
262
1
90
1
314
1
26
1
377
1
372
1
55
1
196
1
921
1
76
1
156
1
267
1
138
2
426
1
89
1
278
1
667
1
209
1
649
1
80
1
93
1
257
1
89
1
89
1
540
1
384
1
32
1
142
1
157
1
91
1
432
1
32
1
717
1
69
1
45
1
320
1
429
1
67
1
135
1
11
1
92
1
640
1
725
1
57
1
752
1
305
1
409
1
21
1
882
1
683
1
113
1
148
1
14
1
153
1
14
1
165
1
263
1
129
1
954
1
717
1
33
1
92
1
544
1
80
1
14
1
246
1
166
1
89
1
1032
1
69
1
645
1
81
1
331
1
90
1
327
1
71
1
395
1
15
1
338
1
210
1
728
1
506
1
173
1
1
1
452
1
626
1
10
1
510
1
155
1
52
1
25
1
258
1
180
1
146
1
558
1
89
1
106
1
54
1
59
1
34
1
659
1
55
1
209
1
168
1
431
1
58
1
69
1
80
1
63
1
559
1
718
1
113
1
136
1
26
1
153
1
15
1
405
1
82
1
320
1
441
1
295
1
497
1
221
1
335
1
197
1
113
1
68
1
56
1
684
1
317
1
181
1
251
1
207
1
261
1
282
1
57
1
57
1
879
1
634
1
10
1
150
1
264
1
639
1
76
1
555
1
79
1
193
1
641
1
77
1
259
1
166
1
555
1
418
1
125
1
56
1
22
1
351
1
91
1
160
1
11
1
20
1
23
1
411
1
303
1
23
1
70
1
33
1
114
1
796
1
259
1
414
1
879
1
80
1
652
1
22
1
755
1
124
1
81
2
622
1
80
1
534
2
143
1
143
1
250
1
382
1
105
1
45
1
11
1
79
1
576
1
10
1
300
1
362
1
103
1
185
1
80
1
349
1
161
1
283
1
274
1
74
1
719
1
347
1
70
1
14
1
192
1
752
1
67
1
580
1
81
1
430
1
65
1
209
1
868
1
207
1
493
1
84
1
474
1
228
1
106
1
306
1
76
1
538
1
194
1
181
1
247
1
380
1
442
1
64
1
1
1
66
1
125
1
306
1
1233
1
192
1
417
1
60
1
241
1
1345
1
21
1
81
1
519
1
219
1
228
1
90
1
76
1
352
1
72
1
57
1
54
1
194
1
90
1
272
1
20
1
32
1
71
1
45
1
105
1
76
1
484
1
115
1
103
1
44
1
66
1
157
1
179
1
231
1
253
1
534
1
32
1
70
1
416
1
12
1
194
1
114
1
71
1
643
1
94
1
306
1
376
1
184
1
248
1
810
1
429
1
197
1
13
1
586
1
59
1
23
1
33
1
365
1
567
1
77
1
719
1
92
1
592
1
1583
1
695
1
704
1
231
1
1209
1
326
1
806
1
70
1
160
1
13
1
53
1
205
1
75
1
14
1
262
1
32
1
243
1
255
1
310
1
70
1
80
1
167
1
180
1
89
1
1017
1
57
1
531
1
232
1
33
1
181
1
498
1
298
1
914
1
271
1
287
1
80
1
260
1
333
1
403
1
353
1
90
1
809
1
104
1
80
1
76
1
272
1
309
1
70
1
725
1
69
1
1331
1
630
1
626
1
183
1
409
1
57
1
80
1
750
1
601
1
367
1
568
1
409
1
90
1
89
1
133
1
155
1
702
1
58
1
373
1
180
1
147
1
11
1
72
1
136
1
441
1
230
1
32
1
104
1
261
1
337
1
58
1
12
1
383
1
330
1
207
1
25
1
169
1
496
1
83
1
338
1
262
1
69
1
54
1
215
1
25
1
166
1
306
1
38
1
57
1
66
1
812
1
52
1
1264
1
253
1
113
1
169
1
183
1
223
1
23
1
286
1
581
1
321
1
429
1
115
1
93
1
666
1
396
1
319
1
21
1
950
1
342
1
282
1
20
1
22
1
143
1
233
1
432
1
651
1
629
1
373
1
10
1
868
1
90
1
184
1
810
1
531
1
53
1
421
1
306
1
84
1
212
1
418
1
246
1
77
1
77
1
502
1
45
1
170
1
168
1
13
1
550
1
154
1
617
1
464
1
73
1
157
1
293
1
443
1
72
1
32
1
23
1
522
1
193
1
173
1
351
1
231
1
220
1
979
1
191
1
474
1
41
1
112
1
258
1
243
1
57
1
433
1
432
1
180
1
14
1
415
1
303
1
650
1
222
1
431
1
287
1
284
1
193
1
343
1
272
1
75
1
319
1
68
1
24
1
122
1
190
1
115
1
286
1
250
1
92
1
74
1
237
1
154
1
123
1
112
1
180
1
321
1
554
1
26
1
182
1
21
1
69
1
56
1
206
1
153
1
239
1
21
1
882
1
23
1
270
1
491
1
94
1
132
1
510
1
22
1
71
1
216
1
587
1
94
1
145
1
12
1
324
1
178
1
63
1
195
1
21
1
270
1
206
1
114
1
46
1
183
1
1069
1
253
1
42
1
149
1
91
1
592
1
785
1
590
1
104
1
80
1
249
1
270
1
103
1
135
1
233
1
77
1
842
1
76
1
246
1
394
1
261
1
331
1
296
1
579
1
102
1
385
1
253
1
20
1
91
1
94
1
424
1
148
1
95
1
219
1
648
1
507
1
125
1
104
1
475
1
103
1
369
1
77
1
167
1
818
1
89
1
24
1
64
1
220
1
58
1
34
1
66
1
13
1
53
1
191
1
286
1
59
1
66
1
136
1
93
1
165
1
413
1
101
1
35
1
168
1
76
1
104
1
89
1
1244
1
1277
1
20
1
104
1
489
1
366
1
11
1
80
1
350
1
192
1
430
1
295
1
423
1
115
1
404
1
17
1
111
1
91
1
775
1
387
1
89
1
144
1
71
1
70
1
159
1
256
1
206
1
59
1
543
1
1005
1
20
1
21
1
82
1
71
1
327
1
338
1
36
1
92
1
80
1
260
1
282
1
69
1
809
1
41
1
80
1
136
1
383
1
797
1
278
1
90
1
13
1
169
1
488
1
70
1
796
1
13
1
507
1
368
1
260
1
90
1
214
1
596
1
89
1
204
1
81
1
80
1
169
1
751
1
637
1
250
1
362
1
319
1
10
1
270
1
321
1
69
1
251
1
534
1
184
1
75
1
271
1
159
1
560
1
264
1
55
1
399
1
91
1
73
1
15
1
215
1
69
1
250
1
640
1
595
1
83
1
408
1
1441
1
244
1
13
1
90
1
366
1
55
1
372
1
1623
1
112
1
102
1
12
1
23
1
377
1
163
1
219
1
332
1
418
1
11
1
978
1
161
1
65
1
78
1
11
1
66
1
288
1
53
1
69
1
160
1
66
1
11
1
92
1
373
1
34
1
34
1
10
1
24
1
66
1
339
1
472
1
646
1
320
1
76
1
256
1
83
1
84
1
725
1
36
1
264
1
335
1
127
1
32
1
83
1
112
1
466
1
217
1
837
1
309
1
12
1
168
1
65
1
25
2
241
1
135
1
145
1
11
1
91
1
481
1
201
1
35
1
383
1
129
1
126
1
338
1
319
1
45
1
170
1
184
1
384
1
81
1
405
1
404
1
582
1
40
1
161
1
24
1
326
1
340
1
287
1
506
1
685
1
344
1
10
1
24
1
156
1
66
1
318
1
425
1
76
1
399
1
296
1
113
1
90
1
204
1
31
1
638
1
1030
1
137
1
282
1
1802
1
364
1
21
1
183
1
222
1
561
1
418
1
82
1
12
1
137
1
78
1
91
1
465
1
175
1
77
1
650
1
133
1
798
1
117
1
403
1
94
1
219
1
165
1
991
1
242
1
58
1
67
1
666
1
10
1
11
1
46
1
103
1
247
1
316
1
469
1
719
1
513
1
398
1
482
1
133
1
286
1
511
1
510
1
59
1
431
1
77
1
102
1
255
1
373
1
810
1
385
1
44
1
69
1
80
1
646
1
13
1
69
1
327
1
53
1
414
1
80
1
65
1
104
1
772
1
571
1
11
1
146
1
103
1
91
1
549
1
77
1
335
1
149
1
81
1
69
1
339
1
77
1
102
1
230
1
11
1
12
1
113
1
246
1
12
1
180
1
629
1
431
1
578
1
93
1
420
1
168
1
37
1
51
1
242
1
296
1
441
1
59
1
589
1
13
1
368
1
65
1
11
1
627
1
106
1
76
1
335
1
149
1
10
1
208
1
271
1
411
1
11
1
869
1
54
1
90
1
272
1
341
1
1116
1
54
1
89
1
89
1
254
1
216
1
650
1
341
1
90
1
284
1
10
1
23
1
138
1
171
1
544
1
79
1
93
1
256
1
227
1
10
1
94
1
385
1
356
1
20
1
614
1
103
1
20
1
595
1
89
1
203
1
46
1
148
1
313
1
89
1
118
1
420
1
78
1
36
1
52
1
89
1
324
1
509
1
217
1
83
1
65
1
353
1
90
1
954
1
47
1
22
1
12
1
217
4
493
1
558
1
405
1
144
1
90
1
91
2
91
1
212
1
21
1
128
1
11
1
13
1
827
1
251
1
232
1
242
1
228
1
14
1
221
1
89
1
483
1
465
1
59
1
54
1
492
1
1044
1
26
1
276
2
493
1
95
1
43
1
418
1
105
1
215
1
149
1
169
1
397
1
413
1
505
1
105
1
135
1
248
1
495
1
65
1
45
1
358
1
280
1
32
1
92
1
78
1
546
1
25
1
53
1
261
1
93
1
431
1
10
1
25
1
64
1
13
1
64
1
586
1
65
1
589
1
140
1
66
1
649
1
80
1
94
1
888
1
349
1
522
1
44
1
260
3
131
1
81
1
717
1
174
1
160
1
484
1
82
1
46
1
276
1
717
1
169
1
75
1
471
1
577
1
70
1
11
1
578
1
74
1
213
1
94
1
51
1
374
1
1276
1
102
1
44
1
201
1
311
1
13
1
382
1
320
1
253
1
65
1
501
1
69
1
511
1
228
1
12
1
386
1
294
1
139
1
284
1
572
1
632
1
246
1
964
1
406
1
80
1
114
1
67
1
13
1
78
1
246
1
55
1
21
1
629
1
104
1
353
1
181
1
580
1
69
1
56
1
195
1
166
1
226
1
81
1
81
1
304
1
573
1
263
1
691
1
270
1
160
1
152
1
508
1
207
1
888
1
32
1
419
1
77
1
117
1
59
1
41
1
10
1
26
1
42
1
11
1
159
1
156
1
67
1
35
1
389
1
55
1
25
1
78
1
169
1
396
1
229
1
92
1
393
1
105
1
139
1
78
1
259
1
295
1
93
1
67
1
263
1
442
1
35
1
212
1
597
1
31
1
22
1
14
1
541
1
59
1
79
1
463
1
490
1
170
1
979
1
457
1
93
1
168
1
52
1
667
1
498
1
12
1
44
1
146
1
14
1
349
1
193
1
33
1
70
1
238
1
558
1
12
1
68
1
143
1
101
1
180
1
242
1
71
1
611
1
102
1
1421
1
629
1
65
1
116
1
227
1
13
1
294
1
65
1
26
1
51
1
22
1
404
1
42
1
362
1
332
1
12
1
784
1
310
1
165
1
538
1
12
1
65
1
101
1
180
1
242
1
786
1
1803
1
78
1
593
1
31
1
24
1
54
1
1399
1
94
1
12
1
349
1
24
1
92
1
316
1
57
1
696
1
20
1
46
1
59
1
69
1
75
1
2
2
883
1
271
1
175
1
20
1
21
1
319
1
90
1
180
1
264
1
20
1
113
1
236
1
357
1
79
1
20
1
21
1
93
1
78
1
260
1
389
1
66
1
429
1
229
1
151
1
564
1
10
1
107
1
20
1
79
1
181
1
92
3
394
1
11
1
12
1
1017
1
624
1
708
1
42
1
69
1
12
1
236
1
182
1
89
1
248
1
320
1
980
1
192
1
125
1
56
1
306
1
421
1
162
1
416
1
538
1
586
1
143
1
67
1
409
1
309
1
22
1
2
1
165
1
905
1
87
1
157
1
58
1
228
1
90
1
345
1
301
1
112
1
327
1
321
1
25
1
42
1
11
1
45
1
193
1
558
1
892
1
79
1
169
1
212
1
117
1
21
1
193
1
171
1
640
1
484
1
82
1
124
1
180
1
14
1
394
1
94
1
68
1
728
1
499
1
499
1
421
3
331
1
202
1
78
1
317
1
186
1
395
1
308
1
333
1
64
1
378
1
127
1
291
1
586
1
324
1
334
1
293
1
259
1
256
1
21
1
361
1
90
1
165
1
61
1
323
1
349
1
154
1
849
1
41
1
10
1
106
1
111
1
103
1
234
1
198
1
456
1
352
1
112
1
420
1
377
1
24
1
54
1
248
1
12
1
93
1
329
1
101
1
115
1
170
1
325
1
47
1
728
1
59
1
56
1
70
1
53
1
428
1
172
1
58
1
726
1
171
1
10
1
159
1
169
1
14
1
131
1
369
1
43
1
67
1
103
1
77
1
91
1
719
1
166
1
299
1
251
1
500
1
45
1
79
1
185
1
498
1
113
1
104
1
591
1
296
1
488
1
82
1
133
1
12
1
811
1
256
1
307
1
1049
1
36
1
233
1
415
1
726
1
914
1
21
1
185
1
141
1
250
1
10
1
208
1
24
1
79
1
76
1
91
1
92
1
341
1
284
1
444
1
67
1
33
1
92
1
78
1
663
1
68
1
79
1
255
1
490
1
12
1
235
1
286
1
206
1
407
1
54
1
37
1
309
1
21
1
32
1
671
1
104
1
360
1
448
1
705
1
374
1
78
1
369
1
284
1
444
1
20
1
239
1
12
1
508
1
304
1
254
1
583
1
717
1
171
1
76
1
182
1
204
1
173
1
658
1
309
1
444
1
1006
1
233
1
13
1
92
1
627
3
496
1
925
1
26
1
334
1
1707
1
25
1
297
1
160
1
169
1
64
1
78
1
241
1
22
1
568
1
185
1
625
1
183
1
101
1
25
1
317
3
312
1
310
1
592
1
222
1
1064
1
818
1
11
1
195
1
274
1
647
1
81
1
238
1
235
1
209
1
365
1
475
1
94
1
303
1
103
1
91
1
943
1
139
1
79
1
568
1
114
1
139
1
1
2
74
1
509
1
94
1
22
1
260
1
397
1
444
1
168
1
389
1
971
1
246
1
469
1
173
2
62
1
78
1
114
1
297
1
80
1
157
1
184
2
303
1
325
1
402
1
48
1
101
1
13
1
303
1
319
1
253
3
79
1
63
1
571
1
867
1
101
1
375
1
93
1
265
1
1788
1
388
1
55
1
274
1
258
1
301
1
508
1
218
1
44
1
23
1
12
1
418
1
90
1
171
1
925
1
249
1
713
1
372
1
721
1
286
1
251
1
732
1
260
1
387
1
408
1
482
1
809
1
727
1
501
1
1341
1
26
1
717
1
441
1
89
1
434
1
361
1
278
1
169
1
467
1
342
1
573
1
327
1
481
1
158
1
568
1
227
1
718
1
273
1
649
1
543
1
435
1
704
1
14
1
256
1
220
2
316
1
182
1
90
1
300
1
235
1
573
1
79
1
634
1
94
1
236
1
2189
1
171
1
346
1
89
1
929
2
160
1
64
1
586
1
498
1
306
1
83
1
327
1
561
1
646
1
227
1
651
1
66
1
638
1
841
2
82
1
167
1
245
1
16
1
87
1
206
1
1
1
65
1
12
1
1
1
234
1
1085
2
87
1
82
1
31
1
80
1
14
2
78
1
703
1
25
1
863
1
822
1
92
1
809
1
704
1
657
1
341
1
271
1
1
1
87
1
1
1
115
1
80
1
810
1
510
1
194
1
264
1
168
1
641
1
169
1
561
1
1444
1
1063
1
569
1
233
1
349
1
1088
1
447
1
85
1
1111
1
80
1
729
1
795
1
14
1
79
1
873
1
1388
1
68
1
68
1
180
1
376
1
1430
1
87
1
88
1
126
1
240
1
557
1
93
1
54
1
741
1
94
1
76
1
653
1
325
1
376
1
186
1
887
1
1081
1
373
1
79
1
248
1
270
1
720
1
265
1
101
1
352
2
284
1
183
1
730
1
79
1
648
1
67
1
14
1
810
1
680
1
33
1
174
1
76
1
1089
1
286
1
959
1
259
1
367
1
114
1
1138
1
387
1
69
1
91
1
169
1
1382
1
159
1
1380
1
941
1
115
1
555
1
228
1
374
1
539
1
489
2
319
1
453
1
34
1
137
1
91
1
168
1
410
1
580
1
216
1
46
1
116
1
658
1
800
1
51
1
729
1
352
1
360
1
346
1
103
1
361
1
127
1
412
1
165
1
230
1
489
1
319
1
308
1
362
1
208
1
601
1
137
1
775
1
433
1
739
1
477
1
56
1
79
1
90
1
14
1
532
1
34
1
866
1
11
1
866
1
914
1
168
1
409
1
138
1
1253
1
204
1
93
1
419
1
315
1
333
1
421
1
41
1
13
1
241
1
258
1
89
1
539
1
486
1
846
1
10
1
104
1
520
1
1178
1
1606
1
750
1
3
1
62
1
105
1
478
1
678
2
114
1
15
1
318
1
453
1
341
1
271
1
228
1
58
1
739
1
1039
1
1391
1
57
1
759
1
333
1
75
1
377
1
26
1
238
1
154
1
357
1
58
1
121
1
2795
1
717
1
536
1
11
1
672
1
321
1
167
1
352
1
47
1
724
1
82
2
65
1
92
1
258
1
1
1
88
1
355
1
995
1
346
1
463
1
884
1
91
1
548
1
93
1
474
1
11
1
810
1
56
1
67
1
11
1
1435
1
127
1
79
1
76
1
439
1
707
1
552
1
351
1
102
1
788
1
544
1
264
1
865
1
149
1
171
1
75
1
388
1
23
1
68
1
251
1
907
2
467
1
80
1
415
1
105
1
208
1
65
1
248
1
13
2
1
1
441
1
1343
1
550
1
1243
1
271
1
548
1
45
1
148
1
432
1
531
1
587
1
76
1
156
1
168
1
191
1
96
1
42
1
2
1
321
1
488
1
55
1
68
1
685
1
136
1
351
1
317
1
402
1
394
1
12
1
58
1
1139
1
1082
1
219
1
74
1
169
1
564
1
402
1
402
1
329
1
408
1
71
1
162
1
257
1
89
1
76
1
12
1
278
1
532
1
81
1
20
1
32
1
312
1
347
1
126
1
22
1
882
1
55
1
91
1
649
1
55
1
678
1
824
1
71
1
41
1
205
1
1253
1
171
1
680
1
37
1
844
1
56
1
169
1
361
1
197
1
92
1
338
1
285
1
831
1
150
1
183
1
461
1
31
1
3
1
65
1
137
1
384
1
89
1
115
1
10
1
117
1
21
1
184
1
243
1
89
1
291
1
14
1
336
1
274
1
716
1
113
1
93
1
317
1
537
1
195
1
347
1
538
1
420
1
140
1
635
1
21
1
11
1
71
1
1237
1
273
1
36
1
146
1
657
1
48
1
105
1
247
1
1244
1
193
1
577
1
48
1
275
1
166
1
180
1
148
1
938
1
78
1
558
1
263
1
168
1
354
1
67
1
53
1
23
1
124
1
35
2
259
1
180
1
91
1
357
1
483
1
70
1
82
1
144
1
103
1
90
1
89
1
88
1
357
1
14
1
587
1
127
1
657
1
24
1
763
1
69
1
624
1
93
1
113
1
878
1
78
1
658
1
22
1
1
1
419
3
1113
1
13
1
205
1
365
1
87
1
150
1
810
1
783
1
835
1
556
1
216
1
22
1
24
1
10
1
442
1
446
1
23
1
725
1
22
1
2
1
508
1
228
2
810
1
137
1
79
1
155
1
469
1
249
1
468
1
113
1
68
1
658
1
165
1
324
1
90
1
253
1
56
1
739
1
126
1
169
1
457
1
125
1
498
1
249
2
44
1
10
1
15
1
79
1
76
1
442
1
60
1
62
1
14
1
384
1
425
1
566
2
238
1
390
1
454
1
356
1
393
1
164
1
507
1
627
1
484
1
156
1
500
1
295
1
509
1
14
1
54
1
12
1
394
1
203
1
116
1
23
1
137
1
671
1
312
1
255
1
3
1
86
2
206
1
1049
1
93
1
394
1
25
1
101
1
101
1
13
1
171
1
1068
1
135
1
243
1
336
1
92
1
550
1
644
1
546
1
240
1
23
1
246
1
459
1
248
1
24
1
180
1
263
1
103
1
338
1
401
1
318
1
491
1
810
1
692
1
20
1
10
1
72
1
240
1
545
1
431
1
180
1
160
1
123
1
101
1
56
1
217
1
456
2
78
1
168
1
77
1
734
1
90
1
74
1
196
1
41
1
142
1
248
1
1068
1
643
1
387
1
45
1
691
1
661
1
94
1
366
1
76
1
455
1
386
2
406
1
35
1
58
1
44
1
1
1
666
2
208
1
348
1
89
1
14
1
133
1
12
1
129
1
680
1
796
1
13
1
58
1
751
1
58
1
228
1
581
1
56
1
646
1
93
1
56
1
441
1
258
2
14
1
54
1
317
1
414
1
42
1
103
1
80
1
77
1
90
1
269
1
150
1
300
1
494
1
11
1
2
1
127
1
614
1
64
1
2
1
56
1
70
1
80
1
348
1
297
1
69
1
157
1
180
1
378
1
1517
1
31
1
175
1
157
1
91
1
419
1
75
1
241
1
323
1
175
1
138
1
2
1
611
1
30
1
389
1
281
1
160
1
130
1
614
1
30
1
93
1
125
1
1186
1
89
1
145
1
129
1
157
1
548
1
45
1
69
1
876
1
611
1
67
1
57
1
507
1
565
1
270
1
253
1
702
1
26
1
749
1
33
1
380
1
90
1
179
1
355
1
13
1
260
1
341
1
284
1
509
1
128
1
157
1
271
1
392
1
249
1
442
1
53
1
115
1
449
1
551
1
13
1
91
1
329
1
113
1
91
1
246
1
1163
1
59
1
396
1
105
1
89
1
91
1
65
1
116
1
693
1
128
1
250
1
430
1
378
1
489
1
149
1
77
1
258
1
332
1
202
1
359
1
150
1
26
1
479
1
1515
1
181
1
89
1
124
1
93
1
215
1
744
1
659
1
305
1
271
1
219
1
81
1
657
1
11
1
13
1
780
1
93
1
2
1
381
1
22
1
66
1
251
1
27
1
42
1
423
1
272
1
53
1
47
1
160
1
904
1
257
1
90
1
123
1
845
1
797
1
35
1
521
1
228
1
243
1
796
1
525
1
84
1
71
3
329
1
164
1
448
1
12
1
259
1
91
2
613
1
258
1
118
1
101
1
11
1
396
1
319
1
399
1
105
1
397
1
34
1
33
1
250
1
257
1
368
1
603
1
69
1
797
1
161
1
678
1
56
1
183
1
65
1
192
1
90
1
288
1
1
1
1046
1
270
1
146
1
38
1
263
1
182
1
469
1
144
1
558
1
10
1
162
1
426
1
170
1
73
1
138
1
439
1
157
1
212
1
76
1
182
1
165
1
171
1
48
1
1067
1
13
1
348
1
153
1
100
1
33
1
1
1
714
1
738
1
10
1
119
1
274
1
75
1
14
1
89
1
89
1
289
1
403
1
448
1
24
1
258
1
274
1
30
1
820
1
141
1
170
1
272
1
273
1
104
1
249
1
166
1
225
1
49
1
65
1
103
1
719
1
56
1
54
1
567
1
841
1
575
1
262
1
183
1
1469
1
11
1
742
1
67
1
57
1
145
1
537
1
21
1
184
1
77
1
182
1
417
1
204
1
674
2
158
1
706
1
181
1
416
1
60
1
82
1
67
1
453
1
172
1
183
1
717
1
11
1
678
1
60
1
11
1
475
1
266
1
43
1
331
1
395
1
937
1
486
1
446
1
92
1
256
1
226
1
300
1
193
1
89
1
604
1
653
1
168
1
257
1
209
1
105
1
601
1
136
1
113
1
180
1
442
1
197
1
12
1
565
1
21
1
15
1
67
1
384
1
104
1
738
1
75
1
14
1
294
1
244
1
624
1
11
1
341
1
89
1
182
1
124
1
138
1
598
1
72
1
307
1
573
1
507
1
135
1
94
1
57
1
521
1
113
1
696
1
123
1
37
1
43
1
161
1
260
1
90
1
326
1
1
1
713
1
108
1
217
1
493
1
575
1
181
1
432
1
537
1
22
1
430
1
392
1
66
1
576
1
22
1
142
1
601
1
124
1
57
1
353
1
90
1
213
1
504
1
323
1
93
1
1
1
67
1
124
1
33
1
258
1
1191
1
342
1
302
1
778
1
263
1
93
1
578
1
56
1
158
1
182
1
90
1
224
1
165
1
66
1
246
1
14
1
90
1
74
1
172
1
786
1
310
1
517
1
59
1
10
1
12
2
409
1
629
1
166
1
180
1
632
1
302
1
59
1
104
1
667
1
142
1
739
1
703
1
162
1
13
1
1454
1
23
1
70
1
1123
1
103
1
629
1
53
1
583
1
67
1
182
1
76
1
318
1
38
1
180
1
25
1
659
1
229
1
153
1
12
1
376
1
58
1
32
1
237
1
104
1
283
1
127
1
69
1
739
1
383
1
15
1
271
1
42
1
47
1
33
1
125
1
1033
1
384
1
162
1
12
2
158
1
77
1
90
1
90
1
295
1
150
1
169
1
14
1
232
1
169
1
154
1
44
1
628
1
65
1
46
1
158
1
195
1
535
1
659
1
397
1
297
1
184
1
645
1
219
1
375
1
90
1
247
1
34
1
32
1
115
1
43
1
651
2
22
1
136
1
258
1
344
1
193
1
92
1
381
1
401
1
192
1
379
1
81
1
77
1
1264
1
113
1
868
1
532
1
230
1
579
1
213
1
34
1
93
1
42
1
11
1
214
1
89
1
89
1
252
1
593
1
112
1
119
1
31
1
105
1
728
1
327
1
398
1
152
1
245
1
14
1
89
1
89
1
287
1
55
1
1262
1
277
1
519
1
148
1
493
1
76
1
352
1
374
1
89
1
89
1
23
1
206
1
241
1
90
1
90
1
76
1
237
1
82
1
218
1
547
1
43
1
309
1
477
1
22
1
581
1
122
1
164
1
160
1
256
1
553
1
577
1
566
1
106
1
52
1
141
1
55
1
102
1
485
1
277
1
312
1
23
1
65
1
128
1
30
1
676
1
193
1
93
1
160
1
1700
1
522
1
362
1
167
1
231
1
500
1
332
1
126
1
440
1
93
1
829
1
40
1
70
1
10
1
16
1
20
1
44
1
484
1
118
1
275
1
261
1
271
1
357
1
75
1
456
1
44
1
139
1
635
1
34
1
218
1
506
1
118
1
91
1
259
1
423
1
204
1
90
1
887
1
103
1
366
1
807
1
46
1
65
1
92
1
132
1
449
1
42
1
11
1
237
1
13
1
603
1
360
1
12
1
76
1
12
1
218
1
151
1
351
1
294
1
69
1
327
1
340
1
95
1
282
1
549
1
440
1
1282
1
544
1
283
1
45
1
89
1
594
1
34
1
216
1
393
1
493
1
398
1
13
1
11
1
1015
1
649
1
1138
1
90
1
236
1
70
1
137
1
90
1
569
1
706
1
69
1
292
1
272
1
90
1
287
1
80
1
43
1
615
1
683
1
183
1
625
1
830
1
10
1
82
1
137
1
260
1
181
1
913
1
160
1
10
1
91
1
261
1
1469
1
234
1
1018
1
41
1
70
1
13
2
68
1
773
1
691
1
58
1
11
1
57
1
11
1
56
1
349
1
250
1
27
1
79
1
44
1
315
1
494
1
224
1
490
1
228
1
270
1
391
1
715
1
69
1
739
1
544
1
90
1
286
1
126
1
47
1
577
1
71
1
67
1
78
1
495
1
666
1
331
1
205
1
64
1
267
1
307
1
542
1
20
1
21
1
210
1
797
1
105
1
153
1
193
1
224
1
91
1
11
1
80
1
23
1
611
1
48
1
101
1
46
1
111
1
24
1
694
1
193
1
481
1
472
1
265
1
58
1
33
1
360
1
299
1
56
1
114
1
274
1
281
1
59
1
206
1
155
1
429
1
224
1
78
1
244
1
345
1
219
1
153
1
367
1
72
1
37
1
126
1
21
1
854
1
92
1
796
1
182
1
411
1
46
1
336
1
379
1
56
1
464
1
217
1
23
1
34
1
92
1
65
1
195
1
421
1
21
1
104
1
78
1
495
1
10
1
83
1
23
1
90
1
104
1
452
1
113
1
243
1
153
1
429
1
94
1
160
1
31
1
1024
1
378
1
80
1
247
1
104
1
222
1
18
1
191
1
103
1
590
1
568
1
145
1
95
1
34
1
92
1
65
1
12
1
485
1
903
1
231
1
533
1
1000
1
10
1
136
1
687
1
729
1
54
1
659
1
138
1
25
1
562
1
233
1
156
1
12
1
374
1
139
1
112
1
91
1
731
1
657
1
35
1
669
1
59
1
55
1
140
1
541
1
181
1
249
1
500
1
556
1
290
1
114
1
785
1
11
1
78
1
258
1
448
1
375
1
63
1
25
1
228
1
311
1
975
1
320
1
821
1
220
1
75
1
578
1
36
1
179
1
21
1
24
1
53
1
339
1
93
1
71
1
160
1
334
1
13
1
216
1
12
1
936
1
93
1
75
1
811
1
181
1
89
1
1258
1
577
1
152
1
79
1
588
1
46
1
67
1
78
1
270
1
103
1
225
1
80
1
11
1
80
1
145
1
78
1
89
1
744
1
181
1
321
1
32
1
169
1
14
1
165
1
226
1
28
1
64
1
308
1
90
1
344
1
111
1
697
1
79
1
57
1
146
1
464
1
20
1
246
1
232
1
423
1
11
1
283
1
719
1
548
1
121
1
10
1
11
1
251
1
76
1
66
1
268
1
75
1
71
1
65
1
93
1
167
1
143
1
189
1
30
1
184
1
43
1
520
1
93
1
70
1
33
1
1529
1
100
1
695
1
57
1
82
1
622
1
718
1
20
1
139
1
10
1
91
1
66
1
579
1
31
1
319
1
12
1
65
1
424
2
214
1
13
1
222
1
22
1
66
1
323
1
215
1
719
1
37
1
166
1
91
1
90
1
537
1
625
1
904
1
506
1
208
1
169
1
258
1
448
1
609
1
265
1
78
1
78
1
92
1
614
1
11
1
786
1
195
1
363
1
91
1
417
1
253
1
126
1
351
1
153
1
60
1
243
1
66
1
11
1
14
1
259
1
388
1
67
1
78
1
77
1
430
1
71
1
11
1
125
1
12
1
415
1
96
1
62
1
48
1
10
1
318
1
283
1
246
1
94
1
305
1
11
1
375
1
331
1
271
1
311
1
147
1
169
1
167
1
527
1
458
1
205
1
247
1
156
1
265
1
23
1
196
1
153
1
104
1
330
1
464
1
165
1
121
1
91
1
92
1
741
1
147
1
677
1
80
1
56
1
101
1
78
1
103
1
64
1
405
1
111
1
137
1
454
1
24
1
134
1
56
1
215
1
525
1
67
1
112
1
327
1
82
1
58
1
340
1
180
1
424
1
37
1
153
1
527
1
682
1
93
1
68
1
234
1
192
1
115
1
20
1
140
1
707
1
110
1
31
1
433
1
202
1
70
1
114
1
193
1
190
1
618
1
33
1
272
1
446
1
55
1
923
1
295
1
20
1
480
1
194
1
693
1
484
1
234
1
351
1
96
1
541
1
147
1
80
1
274
1
325
1
167
1
156
1
67
1
214
1
89
1
10
1
331
1
163
1
122
1
215
1
90
1
133
1
233
1
170
1
499
1
58
1
160
1
979
1
180
1
539
1
372
1
59
1
792
1
367
1
614
1
81
1
78
1
77
1
182
1
75
1
155
1
132
1
216
1
21
1
24
1
53
1
308
1
263
1
13
1
78
1
42
1
292
1
313
1
612
1
102
1
94
1
773
1
262
1
76
1
719
1
15
1
371
1
139
1
32
1
23
1
496
1
241
1
35
1
104
1
1412
1
51
1
69
1
103
1
78
1
44
1
47
1
166
1
319
1
400
1
76
1
206
1
693
1
115
1
80
1
21
1
69
1
136
1
614
1
11
1
92
1
281
1
15
1
1091
1
59
1
79
1
205
1
166
1
434
1
208
1
522
1
317
1
64
1
78
1
101
1
185
1
122
1
69
1
11
1
56
1
23
1
123
1
89
1
1129
1
113
1
83
1
133
1
787
1
281
1
13
1
203
1
80
1
138
1
205
1
570
1
146
1
525
1
77
1
128
1
78
1
555
1
105
1
149
1
346
1
365
1
295
1
262
1
111
1
173
1
78
1
66
1
559
1
227
1
126
1
977
1
424
1
204
1
91
1
90
1
284
1
46
1
100
1
106
1
254
1
218
1
500
1
404
1
148
1
543
1
945
1
159
1
246
1
643
1
544
1
12
1
146
1
183
1
384
1
162
1
78
1
55
1
281
1
459
1
498
1
93
1
104
1
100
1
1081
1
90
1
229
1
153
1
77
3
714
1
941
1
79
1
171
1
262
1
30
1
186
1
32
1
205
1
167
1
334
1
136
1
78
1
170
1
141
1
80
1
232
1
158
1
104
1
302
1
49
1
125
1
67
1
648
1
94
1
133
1
12
1
261
1
223
1
59
1
46
1
271
1
368
1
73
1
106
1
33
1
418
1
321
1
321
1
452
1
69
1
51
1
687
1
51
1
93
1
183
1
213
1
265
1
375
1
169
1
615
1
78
1
744
1
258
1
525
1
194
1
343
1
192
1
536
1
55
1
34
1
274
1
383
1
186
1
43
1
452
1
185
1
339
1
225
1
213
1
109
1
41
1
34
1
124
1
259
1
495
1
157
1
487
1
58
1
238
1
67
1
444
1
364
1
445
1
13
1
270
1
430
1
82
1
82
1
409
1
201
1
309
1
615
1
126
1
91
1
852
1
201
1
45
1
43
1
159
1
39
1
225
1
614
1
48
1
65
1
317
1
66
1
23
1
355
1
181
1
78
1
195
1
316
1
1289
1
90
1
134
1
10
1
27
1
31
1
228
1
26
1
51
1
409
1
126
1
1004
1
180
1
316
1
206
1
239
1
168
1
193
1
80
1
31
1
150
1
1115
1
10
1
358
1
67
1
43
1
90
1
591
1
310
1
257
1
229
1
138
1
236
1
114
1
76
1
148
1
378
1
524
1
567
1
448
1
180
1
77
1
340
1
48
1
296
1
718
1
169
1
64
1
267
1
63
1
82
1
239
1
143
1
23
1
90
1
683
1
37
1
387
1
497
1
229
1
151
1
144
1
78
1
114
1
76
1
148
1
59
1
435
1
512
1
113
1
93
1
242
1
11
1
253
1
115
1
727
1
124
1
684
1
126
1
144
1
407
1
416
1
221
1
300
1
195
1
222
1
470
1
900
1
90
1
258
1
148
1
81
1
857
1
34
1
33
1
462
1
253
1
2
1
840
1
465
1
64
1
148
1
162
1
159
1
13
1
64
1
247
1
23
1
104
1
207
1
54
1
237
1
114
1
53
1
36
1
380
1
64
1
14
1
221
1
390
1
10
1
431
1
695
1
340
1
10
1
27
1
42
1
69
1
251
1
166
1
332
1
386
1
437
1
125
1
1257
1
538
1
376
1
354
1
314
1
37
1
284
1
238
1
584
1
726
1
11
1
363
1
340
1
10
1
220
1
146
1
23
2
166
1
298
1
45
1
938
1
746
1
171
1
78
1
78
1
103
1
550
1
501
1
519
1
36
1
1199
1
292
1
410
1
160
1
262
2
325
1
277
1
21
1
92
1
166
1
404
1
66
1
588
1
301
3
74
1
599
1
10
1
149
1
184
1
491
1
145
1
159
1
65
1
11
1
90
1
184
1
192
1
91
1
146
1
11
1
456
1
10
1
185
1
157
1
303
1
18
1
291
1
158
1
204
1
153
1
450
1
115
1
242
1
30
1
274
1
169
1
76
1
78
1
97
1
73
1
5
1
64
1
242
1
76
1
92
1
331
1
385
1
691
1
240
1
64
1
12
1
547
1
316
1
229
1
69
1
90
1
227
1
469
1
203
1
92
1
625
1
660
1
81
1
55
1
11
1
236
1
103
1
76
1
15
1
60
1
82
1
70
1
23
1
295
1
184
1
468
1
575
1
70
1
35
1
21
1
79
1
259
1
558
1
43
1
136
1
115
1
331
1
51
1
48
1
125
1
192
1
201
1
310
1
513
1
433
1
259
1
101
1
207
1
602
1
125
1
59
1
159
1
33
1
431
1
445
1
498
1
93
1
24
1
32
1
11
1
406
1
643
1
244
1
11
1
502
1
55
1
147
1
122
1
14
1
111
1
241
1
35
1
158
1
422
1
52
1
106
1
450
1
496
1
143
1
67
1
260
1
59
1
21
1
466
1
239
1
59
1
193
1
339
1
90
1
228
1
69
1
421
1
75
1
159
1
70
1
69
1
174
1
141
1
411
1
22
1
11
1
70
1
111
1
509
1
49
1
79
1
562
1
116
1
171
1
170
1
90
1
183
1
386
1
12
1
112
1
10
1
23
1
78
1
156
1
277
1
159
1
385
1
224
1
59
1
138
1
360
1
228
1
253
1
248
1
492
1
135
1
90
1
273
1
238
1
363
1
26
1
626
1
535
1
143
1
11
1
114
1
371
1
13
1
720
1
783
1
67
1
34
1
114
1
59
1
135
1
240
1
432
1
20
1
788
1
935
1
383
1
747
1
323
1
70
1
116
1
701
1
69
1
534
1
310
1
304
1
12
1
91
1
468
1
79
1
473
1
162
1
253
1
63
1
103
1
263
1
136
1
68
1
250
1
63
1
288
1
31
1
105
1
213
1
15
1
532
1
339
1
12
1
91
1
90
1
309
1
644
1
70
1
47
1
10
1
57
1
281
1
367
1
30
1
90
1
34
1
67
1
327
1
12
1
183
1
365
1
474
1
414
1
234
1
252
1
150
1
544
1
59
1
192
1
406
1
209
1
911
1
174
2
165
1
93
1
454
1
170
1
2
2
381
1
80
1
21
1
846
1
76
1
67
1
340
1
214
1
334
1
235
1
549
1
992
1
167
1
324
1
122
1
271
1
1107
1
175
1
246
1
1
1
419
1
937
1
78
1
476
1
111
1
91
1
421
1
214
1
230
1
23
1
66
1
327
1
159
1
256
1
42
1
283
1
401
1
67
1
55
1
10
1
182
1
144
1
470
1
102
1
259
1
228
1
490
1
93
1
181
1
351
1
92
1
64
1
652
1
66
1
379
1
125
1
572
