0
240579
1
58319
1
14578
1
810
1
14578
1
7289
1
7289
1
7290
1
6478
1
7290
1
21868
1
37259
1
810
1
7289
1
28349
1
6478
1
15389
1
810
1
6478
1
8100
1
5668
1
66420
1
286735
1
6478
1
1
1
1619
1
4858
1
808
1
809
1
2
1
809
1
10530
1
2425
1
809
1
4052
1
1616
1
808
1
812
1
1619
1
2429
1
807
2
3
1
803
1
2
1
2430
1
809
1
807
2
1618
1
5671
1
5665
1
814
1
3234
1
815
1
2423
1
1621
1
2
1
5670
1
804
1
4
1
8096
1
7292
1
4042
1
6
1
8909
1
2424
1
807
1
3239
1
1626
1
809
1
809
1
6473
1
815
1
8188
1
5574
1
1714
1
7290
1
712
1
6480
1
4859
1
810
1
8101
1
901
1
7288
1
7211
1
76
1
811
1
5574
1
901
1
7212
1
75
1
810
1
813
1
3142
1
2521
1
1621
3
3143
1
2521
1
733
1
75
1
3957
1
2429
1
91
1
733
1
807
2
81
1
725
3
77
2
5590
2
806
1
2
1
79
1
1537
1
4051
1
808
3
74
1
730
1
2
1
79
1
729
1
807
2
77
1
3973
1
6463
1
901
1
6387
1
824
1
886
1
811
1
3144
1
2520
1
1621
1
813
1
6474
1
810
1
4951
1
639
1
75
1
95
1
621
1
15
1
5839
1
638
1
808
1
812
1
75
1
716
1
15
1
77
1
730
1
3316
1
93
1
811
1
2254
1
3
1
76
2
730
1
3409
1
637
1
795
1
1714
1
3146
1
808
1
185
1
636
1
77
1
1625
1
729
1
805
1
4131
1
6476
1
94
1
639
1
76
1
1622
1
2332
1
2445
1
74
1
2433
1
2334
1
2615
1
1450
1
885
1
810
2
3239
1
899
1
639
1
793
1
16
1
792
1
903
1
2
1
2427
1
809
2
898
1
1449
1
76
1
732
3
792
1
13
2
81
1
726
2
79
1
729
1
889
1
809
2
728
1
262
1
531
1
185
1
1446
1
809
1
3
1
79
1
806
2
728
1
1
1
794
1
13
2
78
1
809
2
897
1
639
1
1697
1
735
1
78
1
712
1
12
1
3
1
76
2
2350
1
1789
1
1445
1
809
1
79
1
4
1
806
2
731
1
2597
1
811
1
2339
1
730
1
74
1
1
1
731
1
807
2
2414
1
809
1
809
1
1619
1
2526
1
805
1
6387
1
94
2
1615
1
3956
1
1620
1
93
1
2351
1
1696
2
2429
1
808
1
2
1
2348
1
1696
1
812
1
807
2
810
1
728
1
978
1
624
1
825
1
75
1
733
3
791
1
14
1
808
2
78
1
2
1
728
1
77
1
1
1
807
1
730
1
809
1
809
1
808
1
172
1
1449
1
75
1
810
1
809
1
1
1
714
1
12
1
79
1
809
1
2
1
895
1
640
1
170
1
637
1
173
1
714
1
810
1
1620
1
1
1
807
1
809
1
2
1
2344
1
174
1
1524
1
810
1
2
1
726
1
80
1
809
1
1
1
731
1
975
1
625
1
12
1
172
1
635
1
175
1
2253
1
83
1
713
1
17
1
75
2
732
1
76
1
732
1
77
1
714
1
905
1
10433
1
2526
1
729
1
887
1
5669
2
900
1
639
1
886
1
810
1
810
1
1523
1
904
2
1539
1
980
1
1525
1
810
1
809
1
1
2
806
3
807
1
730
2
792
1
90
1
94
1
623
1
16
1
169
1
622
1
91
1
95
1
621
1
92
1
810
1
813
1
726
2
80
1
729
1
807
1
2
1
791
1
15
1
166
2
641
1
169
1
639
1
809
2
792
1
13
3
887
1
3
1
728
1
76
1
2
1
726
1
79
1
809
1
3
1
711
1
90
1
91
1
641
1
808
1
808
1
809
1
79
1
716
1
12
1
80
1
3
1
805
1
2
1
730
1
75
1
2
1
726
1
810
1
167
1
640
1
807
1
174
1
1444
1
895
1
1618
1
1537
1
807
2
171
1
3150
1
805
1
2433
1
6384
1
1618
1
6571
1
1
2
1621
1
2332
1
4141
4
1621
1
4048
2
2424
1
812
1
810
1
1523
1
904
3
728
1
792
1
809
1
901
1
811
1
810
1
809
1
809
1
2
1
728
1
77
1
2
1
729
1
974
4
2243
1
92
1
810
1
810
1
731
1
77
1
2
1
809
1
1538
1
883
1
1546
1
806
2
77
1
729
1
2
1
77
1
812
1
2348
1
805
1
3
1
73
1
94
1
636
5
805
1
78
1
811
1
1538
1
890
1
809
1
715
1
16
1
260
1
544
2
2
1
2505
1
810
1
809
1
2
1
725
1
797
1
96
1
33925
2
808
1
8101
1
4045
1
1
1
807
1
1620
1
3
1
809
1
3234
1
812
1
810
1
3238
1
1
1
6480
1
2425
1
810
1
810
1
810
1
5669
2
808
1
1620
1
809
1
1618
1
1618
2
808
1
2431
1
1619
1
2427
1
1
1
802
1
4
1
804
1
5
1
4045
1
1622
1
2431
1
2423
1
815
1
1618
1
809
1
6479
1
1620
1
1612
1
4049
1
6
1
7289
1
809
1
6479
1
1705
1
808
1
810
1
3963
1
894
1
2429
1
811
1
3236
2
716
1
3240
1
3330
1
1
1
7287
1
810
1
6481
1
2428
1
809
1
5589
1
77
1
730
1
1620
1
890
1
1616
1
1541
1
81
1
809
1
809
1
726
1
813
1
888
1
2430
1
2349
1
884
1
2432
1
1538
2
81
1
728
1
793
1
11
1
1704
1
809
1
809
1
3239
1
712
1
16
1
79
1
2350
1
3237
1
890
1
712
1
821
1
815
1
809
1
806
1
891
1
724
1
174
1
634
1
2
1
806
1
1620
1
1
1
82
1
725
2
81
1
808
1
1524
1
1081
1
720
1
641
1
805
1
3
1
2430
1
75
1
730
1
2
1
809
1
1066
1
720
1
642
1
2503
1
815
1
729
1
74
1
734
1
1063
1
549
1
169
1
3069
1
1620
1
84
1
1521
1
274
1
716
1
5585
1
986
1
716
1
4
1
805
2
1526
1
4231
1
1
1
716
1
5
1
806
1
5666
1
91
1
717
1
1620
2
1526
1
4140
1
809
1
3
1
808
1
3146
1
2524
1
804
1
1620
2
2337
1
718
1
91
1
994
1
86
1
1265
1
174
1
2255
1
2431
1
806
1
350
1
628
1
91
2
3867
1
2703
1
86
2
366
1
263
1
1527
1
2
1
2243
1
1632
1
903
1
163
1
183
1
365
1
260
1
3
1
2164
1
4066
1
339
1
175
1
446
1
90
1
5
1
2335
2
715
1
1540
1
2063
1
87
2
536
1
1371
2
808
1
160
1
649
1
1606
1
2063
1
87
2
1098
2
807
1
158
1
810
1
637
1
823
2
795
1
1713
1
255
1
93
1
87
1
1349
1
562
1
809
1
809
1
807
1
65
1
730
1
1607
1
105
1
347
1
366
1
93
2
726
1
3
1
75
1
171
1
637
1
1
1
886
1
3
1
650
1
156
1
650
1
1607
1
796
1
105
1
809
1
171
1
554
1
3
1
78
1
166
1
1449
1
1
1
731
1
157
1
650
1
2946
1
90
2
89
1
2525
1
4128
1
366
1
88
1
86
1
2
1
89
1
1885
1
1625
1
621
1
2456
1
609
1
89
1
445
2
721
1
3150
1
634
1
2065
1
88
1
175
1
4
1
171
1
900
1
96
1
555
2
1619
1
969
1
1
1
1524
1
743
1
77
1
437
1
180
1
176
1
276
1
470
1
77
1
74
1
655
1
1780
1
645
1
811
1
2135
1
5
1
89
1
84
1
110
1
889
1
76
1
656
1
1774
1
812
1
2268
1
612
1
274
1
809
1
728
1
252
1
716
1
1448
1
16
1
155
2
652
1
807
2
1415
1
4
1
89
1
913
1
67
1
826
1
166
2
637
1
84
1
1615
2
1460
1
794
1
91
1
348
1
183
3
85
1
1
2
982
1
11
1
809
1
1622
1
888
2
1460
1
1418
1
1256
1
810
1
2
1
635
1
810
1
889
1
1
1
715
1
745
1
806
1
810
1
341
2
467
3
79
1
883
1
2247
1
996
1
1535
1
528
1
545
1
465
1
82
1
73
1
652
2
1605
1
983
1
636
1
983
1
1345
1
111
1
65
1
271
1
552
1
166
1
560
1
4
1
249
1
554
1
158
1
651
1
2497
1
92
1
1537
1
167
1
182
1
445
1
824
1
167
1
1369
1
3
1
809
1
63
1
743
1
1
1
156
1
652
1
806
1
1238
1
1
1
457
1
260
1
1
1
465
1
892
1
169
3
560
1
792
1
16
1
805
1
3
1
793
1
12
1
886
1
94
1
1065
1
2
2
1265
1
981
1
1
1
637
1
2512
1
644
1
78
1
619
1
109
1
1150
1
536
1
994
2
639
1
808
1
77
1
4
1
2331
1
11
1
529
1
375
1
72
1
901
1
480
1
1
1
65
1
78
1
662
1
1
1
53
1
17
1
1617
1
76
1
717
1
13
1
3144
1
24
2
810
1
809
1
70
1
808
1
80
1
1536
1
80
1
808
2
894
1
628
1
362
1
390
1
2
1
805
1
957
1
662
1
2
1
69
1
1617
1
889
1
647
1
608
1
89
1
110
1
339
1
469
1
809
1
158
1
95
1
555
3
874
1
92
1
3078
1
809
1
430
4
457
1
811
1
166
1
558
1
4
1
153
1
651
1
1
1
783
1
2531
1
1160
1
3
1
87
1
89
1
88
1
1
1
447
2
1
2
1525
1
558
1
810
1
2
1
63
1
91
1
652
2
2043
1
816
1
85
3
89
1
86
1
3
1
104
1
67
1
272
1
468
1
158
1
736
1
883
1
92
1
2
1
559
1
1775
1
1166
1
811
1
2
1
86
1
2
1
86
1
3
1
1164
1
92
1
1
1
715
1
642
1
3674
1
720
1
90
1
2
2
85
1
2
1
86
1
3
1
92
1
91
1
797
1
181
1
91
1
548
1
169
1
814
1
635
1
728
1
81
2
809
1
898
1
1157
1
3
2
85
2
90
2
537
3
388
1
235
1
91
1
455
1
902
1
78
1
92
1
1
1
639
1
793
1
12
1
2
1
809
1
1708
1
346
1
720
1
719
1
1292
1
70
1
804
1
3172
2
1946
1
1288
1
56
1
1565
1
1605
1
699
1
122
1
416
1
90
1
1348
1
91
1
723
1
1379
1
149
1
804
1
626
1
186
1
622
1
103
1
347
1
89
1
89
1
177
1
22
1
81
1
258
1
91
1
90
2
87
3
171
1
22
1
82
1
75
1
91
1
93
1
464
1
252
1
556
1
67
1
718
1
25
1
967
1
2348
1
810
1
76
1
181
1
90
2
89
4
89
1
276
1
260
1
717
1
811
1
556
1
810
1
1
1
156
1
1620
1
647
1
79
1
258
1
470
1
339
1
90
1
90
1
3
1
174
1
108
1
341
1
467
1
81
1
262
2
547
1
885
1
627
1
27
1
62
1
746
1
807
1
873
1
360
1
89
1
89
1
449
1
1451
1
168
1
91
1
811
1
548
3
1695
1
93
2
2873
1
189
1
352
4
1264
1
728
1
892
1
1
1
978
1
545
1
11
1
980
1
624
1
531
1
89
1
89
1
97
1
351
1
91
1
365
1
79
1
272
1
481
1
328
1
811
1
551
1
977
3
1379
1
155
1
636
1
520
1
89
1
89
1
121
1
2
1
159
1
255
1
393
1
64
1
260
1
92
2
362
1
22
1
3
1
1857
1
545
1
79
1
16
1
805
1
1549
3
158
1
346
1
179
1
1260
1
92
3
389
1
51
1
11
1
262
1
2247
1
649
1
1074
1
252
1
301
1
84
1
423
1
299
1
163
1
349
3
293
1
423
3
396
1
227
1
92
1
1
1
462
1
68
1
11
1
1551
1
68
1
79
1
626
1
1097
1
162
1
476
1
423
1
180
1
2
3
277
1
348
2
310
1
408
3
532
1
91
1
583
1
228
2
1364
1
1620
1
14
1
324
1
89
1
268
1
98
1
79
1
90
1
91
1
91
1
90
1
89
1
273
1
356
1
452
1
11
1
159
1
637
1
11
1
254
1
542
1
15
2
804
1
2
1
807
2
158
1
637
1
978
1
270
1
89
1
267
1
455
1
89
1
630
1
624
1
902
1
534
1
277
1
554
1
3
1
155
1
651
2
1695
1
168
1
560
1
80
1
350
1
89
1
178
1
108
1
342
1
92
1
373
1
343
1
465
1
83
1
1536
1
810
1
3
1
154
1
93
1
1540
1
162
1
269
1
721
1
629
1
92
1
456
1
168
1
1452
1
167
1
91
1
1
2
441
1
1895
1
554
1
175
1
702
1
107
1
433
1
631
1
270
1
1
1
445
1
92
1
1
1
454
1
1070
1
553
1
73
1
182
1
1
1
548
2
726
1
979
2
1434
1
10
1
176
1
254
1
91
4
86
3
86
1
3
1
116
1
66
1
741
1
1
1
419
2
386
1
1
1
327
1
627
1
182
1
2
1
545
1
1553
1
809
1
62
1
745
2
158
1
73
1
272
2
89
3
86
1
3
1
114
1
56
1
363
1
388
1
424
1
624
1
902
1
1
1
441
1
36
1
53
1
822
1
171
1
571
1
872
1
16
1
75
1
166
1
644
1
74
1
272
1
90
3
86
4
172
1
107
1
255
1
457
1
353
3
716
1
1288
1
810
1
2
1
1059
1
553
1
68
1
259
1
991
1
91
3
87
2
129
1
407
1
399
1
45
1
821
1
171
1
92
2
2881
1
530
1
89
1
1032
1
1
1
54
1
15
1
425
1
90
5
288
1
79
1
165
1
494
1
224
1
91
1
476
1
787
1
266
1
1433
1
12870
1
1620
1
8907
1
4
1
810
1
4044
1
1625
1
9719
1
7289
1
5667
1
810
1
810
1
895
1
1621
1
807
1
810
2
2425
1
2433
1
1539
2
79
1
2424
2
729
1
891
1
2348
1
2
1
79
1
727
1
77
1
733
1
80
1
2427
3
5662
1
814
1
1
1
805
1
6480
1
808
1
808
2
729
1
80
1
808
1
1
1
730
1
78
1
728
1
1701
1
807
1
806
1
731
1
808
1
2
1
79
1
810
1
730
1
74
1
3
1
730
1
792
1
13
1
79
2
809
1
2333
1
95
1
4050
1
808
1
1523
1
95
1
729
1
805
1
3320
1
1539
2
81
1
804
1
809
1
5
1
1522
1
1711
1
2352
1
810
1
810
1
810
1
79
1
2344
1
1703
1
724
1
6481
1
82
1
728
1
80
1
7380
1
3063
1
2511
1
1077
1
2
1
631
1
806
1
716
1
5223
1
541
1
6569
1
88
1
176
1
1
1
6925
1
95
1
178
1
89
1
87
2
1166
1
810
1
637
1
2430
1
2240
1
364
1
84
1
2339
1
652
1
157
2
649
1
1
1
63
1
718
1
1896
1
88
1
89
1
180
1
86
1
2
1
355
2
722
1
1456
1
161
1
634
1
12
1
2
1
158
1
809
1
807
1
1
1
1710
1
84
1
89
1
93
1
180
1
1727
1
78
1
809
1
2353
1
62
1
904
1
895
1
4
1
87
1
270
1
86
1
97
1
263
1
1367
1
163
1
645
1
1624
1
76
1
704
1
27
1
154
1
3
1
1795
2
88
2
268
1
2
1
187
1
170
1
558
1
811
1
75
1
894
1
809
1
726
1
82
1
622
1
27
1
158
1
809
1
645
2
77
1
531
1
1260
1
1527
1
637
1
174
3
3079
1
429
1
83
1
90
1
542
1
466
2
251
1
1366
1
1623
1
157
1
2
1
648
1
874
1
743
1
700
1
187
3
163
1
563
1
810
1
810
1
965
1
1624
1
646
1
160
1
713
1
12
1
730
2
245
1
184
1
2001
1
3211
1
834
1
697
1
189
1
264
1
175
1
293
1
74
1
3
1
808
1
167
1
641
1
807
1
1
1
809
1
794
1
14
1
703
1
1441
1
721
2
286
1
255
1
638
1
165
1
1
1
641
1
805
1
3
1
809
1
809
1
808
1
1064
1
992
2
542
1
712
1
3162
1
810
1
1
1
75
1
650
1
1241
1
87
1
355
1
187
1
639
1
167
1
623
1
3240
1
742
1
1153
1
719
1
85
1
1363
1
165
1
557
1
85
1
809
1
809
1
1522
1
620
1
267
1
271
1
90
1
1
1
632
1
803
1
645
1
164
1
1
1
556
1
85
1
72
1
736
1
809
1
701
1
107
1
881
1
13
3
254
1
379
1
430
1
92
1
630
1
1360
2
2505
1
625
1
1003
1
1162
1
86
2
184
1
260
1
1622
1
2
1
554
1
893
3
1535
1
159
1
1347
1
635
1
714
1
720
1
2886
1
79
1
91
1
731
1
884
1
1171
1
95
1
86
3
982
1
272
1
1531
3
554
1
2601
1
1157
1
181
1
3
1
901
1
355
1
477
1
1052
1
567
1
1
1
1605
1
808
1
985
1
162
1
362
1
95
1
260
1
185
1
715
1
2
1
453
1
26
1
52
1
993
1
573
1
807
1
1
1
794
1
808
1
982
1
346
1
181
1
95
1
10
1
435
1
385
1
329
1
2
1
464
1
256
1
569
1
51
1
2362
1
2138
1
181
1
95
1
10
1
14
1
810
1
63
1
261
1
2
1
715
1
810
1
2
1
3414
1
1082
1
106
1
14
1
156
1
77
1
181
1
722
1
481
1
1671
1
755
1
955
1
988
1
1081
1
4
1
86
2
280
1
73
1
181
1
2
1
467
1
1543
1
1045
1
572
2
2424
1
1
2
601
1
84
1
3
1
539
1
715
1
3
1
1527
1
1449
1
1549
1
967
1
650
1
509
2
298
1
2577
1
731
1
1551
1
251
1
342
1
1024
1
64
1
95
1
883
1
182
2
387
1
56
1
276
1
479
1
1618
1
1
1
1617
1
249
1
558
1
812
1
62
1
93
1
165
1
272
1
1
1
211
1
418
1
390
1
324
1
2088
1
252
1
545
1
24
1
54
1
184
1
554
1
263
1
1528
1
166
1
275
1
630
1
1171
1
1643
1
147
1
662
1
890
1
75
1
438
1
295
1
62
1
270
1
996
1
442
1
186
1
383
1
3483
1
1
1
566
1
156
1
91
1
346
1
294
1
725
1
601
1
3
1
367
1
74
1
186
1
719
1
2339
1
807
2
1630
1
343
1
295
1
515
1
2
1
288
1
76
1
77
1
181
1
471
1
247
1
3
1
1433
1
730
1
172
2
1444
1
13
1
261
1
717
1
642
1
73
1
442
2
290
1
80
1
258
1
397
2
1850
1
807
1
569
1
809
1
887
1
1148
1
90
1
311
1
152
1
657
1
876
1
2
1
161
1
541
1
980
1
92
2
1628
1
705
1
11
1
1069
1
90
1
91
1
1021
1
326
4
477
1
145
1
902
1
1436
1
831
1
156
1
653
1
1056
1
276
1
85
1
1
1
115
1
164
1
255
1
1534
1
479
1
807
1
1
1
143
1
665
1
52
1
183
1
817
1
558
1
81
1
811
1
425
1
185
1
275
1
349
3
1083
1
1167
1
1262
1
1640
1
81
1
172
1
253
1
1530
1
90
1
4
1
1161
1
272
1
811
1
812
1
2985
1
1329
1
1
1
369
3
1442
1
1620
1
11
1
1152
1
973
1
1271
1
440
1
2
1
219
1
150
1
346
1
308
1
2
1
67
1
340
1
399
1
318
1
3158
1
572
1
132
1
1263
1
2
1
220
1
149
1
659
1
314
1
478
1
83
1
64
1
2969
1
1078
1
107
1
973
1
182
3
365
1
4
1
163
1
90
1
724
1
485
1
811
1
1
1
2426
1
1
2
234
1
1068
1
810
1
378
1
740
1
323
1
543
1
15
1
807
2
968
1
2
1
541
1
169
1
193
1
256
1
225
1
64
1
264
2
72
1
1082
1
116
1
777
1
362
1
565
1
723
1
80
1
1781
2
564
1
11
1
239
1
570
4
240
1
162
1
472
1
518
1
294
1
76
1
646
1
1143
2
476
1
797
1
798
1
170
1
91
1
581
1
65
1
983
1
715
1
349
1
383
1
76
1
350
1
366
1
169
1
182
2
364
1
79
1
272
1
811
1
717
1
536
1
10
1
24
1
145
1
675
1
3015
1
3
1
365
1
647
1
423
3
532
1
90
1
902
1
444
1
102
1
78
1
675
1
233
1
77
1
719
1
360
1
223
1
242
1
567
1
66
1
519
1
94
1
127
1
67
1
891
3
974
1
93
2
1195
1
1151
1
479
3
809
1
1303
1
380
1
79
1
258
1
90
1
91
3
273
1
15
1
244
1
90
1
92
2
272
1
36
1
315
1
2273
1
152
1
493
1
67
1
982
1
704
1
542
1
720
1
293
1
75
1
167
1
537
1
26
1
154
1
90
1
491
1
2
1
66
2
1059
1
803
1
719
1
107
1
252
1
198
1
901
1
67
1
11
1
530
1
538
1
810
1
90
1
378
1
4
1
336
1
375
1
343
1
490
1
68
1
739
1
82
1
338
1
550
1
643
1
408
1
538
1
180
1
180
1
287
1
33
1
2
1
807
2
490
1
457
2
731
1
154
1
654
1
819
1
244
1
2865
1
58
1
579
1
202
1
22
1
403
1
407
1
139
1
171
1
473
1
57
1
90
1
91
1
581
1
228
1
741
1
166
1
91
1
472
1
78
1
729
1
970
1
344
1
90
1
209
1
1
1
53
1
455
1
172
1
455
2
408
1
310
1
1298
1
228
1
577
1
83
1
714
1
58
1
101
1
93
1
164
1
401
1
69
1
609
1
130
1
2
1
42
1
453
1
366
1
352
2
2341
1
442
1
36
1
329
1
622
1
660
1
11
1
68
1
172
1
567
1
814
1
64
1
429
1
90
1
91
2
198
2
702
1
79
1
271
1
92
3
373
1
1963
1
571
1
79
1
170
1
1062
1
209
1
11
1
68
1
173
1
164
1
401
1
589
1
223
1
863
1
92
1
76
1
181
1
811
1
456
1
169
1
185
1
1205
1
161
1
153
1
15
1
703
1
450
1
929
1
256
1
1155
1
719
1
310
2
149
3
883
1
90
1
91
1
811
1
372
1
23
1
330
1
1785
1
288
1
91
1
519
1
208
1
329
1
271
1
90
1
278
1
349
1
92
3
288
1
335
1
91
1
309
1
2
1
1125
1
91
1
373
1
184
1
731
1
154
1
569
1
1052
1
165
1
378
1
21
1
69
1
248
1
180
1
719
1
551
1
349
1
309
1
151
2
256
1
92
2
363
1
353
1
373
1
105
1
341
1
383
1
83
1
79
1
75
1
93
1
488
2
70
1
739
1
393
1
1081
1
128
1
11
1
2
1
213
1
453
1
2
1
534
1
182
3
366
1
2
1
347
3
375
1
342
2
371
1
445
1
468
1
249
1
717
1
94
1
162
1
393
1
809
1
416
1
180
1
106
1
1333
1
91
3
369
1
165
1
91
1
1523
1
104
1
92
1
305
1
69
1
80
1
64
1
103
1
346
1
465
1
1064
1
1111
1
600
1
2
1
627
2
320
1
122
1
183
1
640
1
738
1
78
1
259
1
92
1
883
1
383
1
603
1
100
1
889
1
452
1
241
1
1
1
570
1
87
1
114
1
161
1
2267
1
22
1
70
1
158
1
581
3
227
1
624
1
11
1
79
1
626
1
260
1
363
1
90
3
91
1
105
1
78
1
257
1
718
1
91
4
384
1
1859
1
579
1
13
2
67
1
157
1
734
1
76
1
555
1
160
1
94
1
1246
1
128
1
46
1
453
1
275
1
34
1
148
1
76
1
570
1
329
1
628
1
276
1
373
1
249
1
662
1
156
1
95
1
557
1
53
1
450
1
306
1
156
1
165
1
270
1
199
1
175
1
253
1
180
1
721
1
718
1
459
1
2
2
792
1
900
1
182
1
465
1
264
1
1263
1
1074
1
555
1
601
1
90
1
720
4
285
1
2
1
426
1
461
3
254
1
94
1
715
1
715
1
13
1
477
1
68
1
13
1
252
1
1963
1
129
1
137
1
104
1
437
1
811
4
91
1
32
1
69
1
79
1
349
1
92
3
285
1
2
1
63
1
362
1
312
2
498
1
386
1
78
1
706
1
275
1
488
3
212
1
360
1
235
1
809
1
122
1
451
1
219
1
11
1
57
1
429
1
460
1
797
1
12
1
442
2
285
1
80
1
895
1
583
1
2
1
41
1
23
1
250
1
1369
1
969
1
582
1
483
1
180
1
279
1
626
1
170
1
271
1
1224
1
41
1
271
1
93
1
717
1
476
1
69
1
906
1
666
2
61
1
805
1
417
1
298
1
10
1
69
1
12
1
67
1
797
1
181
1
180
1
182
1
446
1
90
1
90
1
319
1
66
1
434
1
719
1
393
1
12
2
309
1
254
1
230
1
1695
1
734
1
139
1
259
1
410
1
70
2
418
1
181
2
102
1
251
1
91
1
92
1
405
1
317
1
184
1
522
1
102
1
536
1
103
1
604
1
100
1
708
1
100
1
708
1
362
1
270
1
244
1
294
1
903
2
406
1
2466
1
1541
1
3
1
885
1
1540
1
3224
1
1634
1
1
1
76
1
2430
1
2426
1
3
3
805
1
810
4
726
2
77
1
809
1
809
1
1620
1
811
1
806
1
1619
2
728
1
2
1
1616
1
2510
1
806
1
1
1
715
1
91
1
1
1
715
1
13
1
808
1
3
1
2426
1
78
1
3159
1
892
1
811
1
1534
1
3239
1
1622
1
891
1
3964
1
81
1
1620
1
1621
1
1521
1
4060
1
4
1
804
1
5
1
810
1
79
1
1533
1
2432
1
890
1
4137
1
810
1
809
1
992
1
85
2
2162
1
1443
1
1620
1
2059
1
1
1
3686
1
3328
1
95
1
84
1
181
1
453
1
3953
1
1540
1
1072
1
544
1
174
1
6655
1
183
1
86
1
187
1
981
2
2336
1
744
1
810
1
1867
1
86
1
89
1
184
1
89
1
268
1
1618
1
2272
1
781
1
837
1
155
1
2
1
810
1
86
1
86
1
89
1
2
1
90
1
90
1
85
1
1082
1
805
1
651
1
1700
1
82
1
809
1
809
1
809
1
263
1
89
1
454
1
1457
1
77
2
82
1
645
1
79
1
894
1
803
1
2258
1
440
1
89
1
540
1
560
1
887
1
734
1
805
1
4
1
792
1
91
1
888
1
627
1
11
1
12
1
1326
1
2
1
354
1
90
1
653
1
965
1
718
1
16
1
3132
1
24
1
811
2
332
1
180
1
1258
1
654
1
1616
1
2594
1
648
2
698
1
918
1
154
1
90
1
2248
1
1528
1
1641
1
67
1
11
1
529
1
203
1
430
1
85
1
2
1
444
1
96
1
3067
2
808
2
726
1
1236
1
385
1
424
1
182
1
201
1
78
1
74
1
732
1
1
1
810
1
806
1
3
1
805
1
888
1
626
1
104
1
2
1
1152
1
726
1
178
1
290
1
79
1
809
1
165
2
1447
1
3587
1
270
1
189
1
265
1
83
1
4
1
89
1
89
1
274
1
175
1
633
1
1539
1
1608
1
170
1
1460
1
1154
1
83
1
1257
1
900
1
92
2
3797
1
808
1
67
1
277
1
83
1
3
1
176
1
2
1
88
1
1171
1
1618
1
635
1
172
2
808
2
809
1
556
1
1238
1
180
1
1
1
89
1
447
2
2338
1
626
1
993
1
810
1
557
1
170
2
808
1
350
1
87
1
90
1
450
1
454
1
900
1
170
1
4
1
1364
1
250
1
1620
1
2
1
564
1
1
1
687
1
121
1
160
1
437
1
3
1
204
1
1143
1
477
1
1607
1
3250
2
66
1
93
4
528
1
540
1
87
1
1094
1
11
1
2
1
810
1
236
1
811
1
568
1
2
1
809
1
781
1
169
1
824
4
524
1
932
1
417
2
391
1
64
1
745
1
953
1
1448
1
1803
1
649
1
512
1
85
1
1023
1
142
1
661
1
239
1
1368
1
11
1
1871
3
715
1
1249
1
629
2
4442
1
246
2
344
1
1024
1
511
1
85
1
2
1
210
1
1671
1
2613
1
573
1
79
1
512
1
1186
1
253
1
94
1
630
1
542
1
1608
1
992
1
1384
1
79
1
512
1
1025
1
505
1
2
1
456
1
3
1
170
1
635
2
168
2
2098
1
146
1
2440
1
654
1
77
1
76
1
259
1
5
1
86
1
462
1
72
1
90
1
5
1
554
1
2
1
1775
1
571
1
55
1
754
1
237
1
653
2
164
1
561
1
80
1
167
1
1
1
560
1
414
1
91
1
303
1
329
1
804
1
2
1
556
1
797
1
12
1
2
1
808
2
794
1
898
1
90
1
91
1
1
1
1880
1
369
1
2265
1
2666
1
11
1
95
1
715
1
2
2
433
1
204
2
1238
1
352
1
364
2
363
1
353
1
1437
1
661
1
68
1
988
1
182
2
254
1
372
1
256
1
383
2
887
1
440
2
371
1
163
1
492
2
134
1
90
1
1395
1
1841
1
102
1
90
1
90
3
536
1
1450
4
519
1
287
1
79
1
661
1
67
2
245
1
562
2
808
2
874
1
1000
1
362
1
253
1
1261
1
221
2
147
1
810
1
350
1
378
1
81
3
621
1
844
1
810
1
320
2
814
1
271
1
1166
1
663
1
811
1
64
1
1702
2
657
1
810
1
320
2
814
1
977
1
991
1
721
3
443
1
185
1
1194
1
165
1
656
1
68
1
80
1
1
1
168
1
1
1
808
2
1431
1
741
1
174
1
569
1
404
1
94
1
374
1
79
1
263
1
1195
1
80
1
84
1
165
1
812
1
638
2
633
1
623
1
75
1
463
2
613
1
1175
1
311
1
406
1
466
1
255
1
473
1
165
1
165
1
2
1
1447
1
1
1
622
1
22
1
248
1
363
1
90
1
446
1
1159
1
369
1
167
1
91
2
1118
1
810
1
865
1
91
1
810
1
741
3
75
1
262
1
1437
2
703
1
11
1
168
1
273
2
288
1
337
1
474
1
701
1
35
1
1036
1
718
1
184
1
647
1
348
1
1
1
88
1
89
2
93
1
261
1
92
2
475
1
69
1
877
1
544
1
1
1
130
1
144
1
350
1
460
1
730
1
80
1
714
1
14
2
79
1
166
1
490
1
319
1
1087
1
3
1
85
1
3
1
445
1
256
1
220
1
69
1
877
1
1172
1
91
3
366
1
167
1
561
1
66
1
90
1
558
1
1642
1
161
1
794
1
90
1
1379
1
3229
1
331
1
92
1
454
1
93
1
819
1
873
1
11
1
810
1
1378
1
683
1
1
1
274
1
1436
1
913
1
901
1
153
1
373
1
106
1
435
2
624
1
546
1
981
1
532
1
140
2
486
1
323
1
809
1
122
1
12
1
262
2
1206
1
82
1
605
1
106
1
176
1
73
1
183
1
385
1
787
1
159
1
104
1
2
1
434
1
106
1
34
1
1
1
810
1
212
1
275
2
317
1
398
1
2
1
409
1
213
1
1392
1
82
1
76
1
528
1
282
1
644
1
1634
1
577
1
1
1
227
1
397
1
412
1
1744
1
12
1
660
1
82
1
1146
1
386
1
148
1
183
1
2
1
72
1
482
1
599
1
142
1
66
1
327
1
415
1
808
2
133
1
1792
1
490
1
223
1
1391
1
164
1
243
1
378
1
105
1
599
2
102
1
34
1
55
1
11
1
67
1
260
1
413
2
66
2
955
1
1714
3
541
1
259
1
196
1
86
3
87
1
2
1
128
1
574
1
232
1
1041
1
255
1
719
1
400
1
149
1
660
1
70
1
79
1
635
1
985
1
666
2
225
1
271
1
94
1
261
1
23
1
813
1
153
1
1379
1
69
1
67
1
453
1
721
1
353
1
103
1
810
1
716
1
93
1
1063
1
192
1
89
1
176
1
10
1
825
1
79
1
169
2
714
1
706
1
107
1
344
1
813
2
991
1
261
1
993
1
453
1
632
1
201
1
78
1
155
1
104
1
470
1
1551
1
121
1
105
1
635
1
521
1
537
1
275
1
284
1
1244
1
281
1
260
1
451
1
201
1
234
1
103
1
399
1
70
1
248
1
493
1
67
3
593
1
267
1
104
1
437
1
106
1
704
1
115
1
2043
1
91
1
560
1
151
1
192
1
723
1
626
1
1157
1
214
1
52
1
755
1
725
1
592
1
275
1
536
1
227
1
56
1
433
1
320
1
584
1
222
1
67
1
523
1
272
1
809
1
11
1
598
1
210
1
4
1
155
1
578
1
883
1
507
1
300
1
419
1
1131
1
238
1
623
1
609
1
1103
3
243
1
1291
1
4
1
596
1
628
1
392
1
1046
1
92
2
409
1
237
1
567
1
500
1
91
1
262
1
272
1
94
1
973
1
277
1
820
1
340
1
181
1
3
1
1093
1
12
1
1
1
692
1
79
1
273
1
476
1
328
1
469
1
33
1
243
1
348
1
628
1
342
1
374
1
434
1
633
1
276
1
90
1
92
1
263
1
389
1
329
1
543
1
627
1
21
1
68
1
262
1
475
1
32
1
2
1
33
1
195
1
256
1
94
1
261
1
979
1
106
1
485
1
3
1
68
1
703
1
267
1
345
1
722
1
375
1
706
1
183
1
261
1
548
1
752
1
157
1
153
1
719
1
105
3
544
1
170
1
488
1
4
1
148
1
62
1
11
1
581
1
487
1
181
1
127
1
318
1
181
1
813
1
716
1
718
1
91
1
395
1
80
1
417
1
310
1
422
1
548
1
706
1
10
1
93
1
516
1
214
1
595
1
140
1
232
1
440
1
112
1
606
1
214
1
502
1
284
1
36
1
213
1
274
1
1125
1
959
1
156
1
549
1
22
1
252
1
1368
2
158
1
256
1
181
1
139
1
397
1
458
1
91
1
443
1
2255
1
92
1
294
1
161
1
156
1
107
1
441
1
103
1
716
1
1632
1
2
1
772
1
762
1
1874
1
164
1
183
1
89
2
274
1
262
1
254
1
154
1
950
2
513
1
155
1
808
2
123
1
648
1
10
1
85
1
691
1
352
1
272
1
91
1
135
1
147
1
92
1
244
1
310
1
604
1
89
1
125
1
412
1
408
1
3
1
53
1
147
1
103
1
535
1
90
1
16
1
513
1
198
1
172
1
1158
1
90
1
153
1
1013
1
181
1
493
1
793
1
237
1
193
1
181
1
1424
1
1119
1
1220
1
180
1
629
1
272
1
173
1
10
1
626
1
219
1
249
1
559
1
63
1
533
1
1019
1
672
1
134
1
1
1
672
1
135
1
55
1
12
3
154
1
180
1
180
1
962
1
125
1
443
1
90
2
1109
1
168
1
62
1
425
1
1
1
68
2
506
1
298
1
3
1
734
1
138
1
519
1
224
1
144
1
730
1
3
1
1236
1
91
3
535
1
1195
1
263
1
65
1
192
1
179
1
144
1
133
1
95
1
168
1
406
2
56
1
251
1
166
1
309
1
162
1
658
1
811
3
122
1
660
1
80
1
339
1
95
1
351
1
22
1
717
1
432
1
385
1
32
1
811
2
68
1
161
1
62
1
103
1
467
1
250
1
477
1
161
1
174
1
343
1
198
1
96
1
242
1
378
1
613
1
231
3
302
1
491
1
46
1
1081
1
477
1
184
1
812
1
77
1
565
1
307
1
823
1
639
1
658
1
71
3
596
1
371
2
347
1
264
1
777
1
303
1
182
1
399
1
416
1
309
1
83
1
81
1
337
3
389
1
233
1
94
1
407
2
55
1
250
1
501
2
33
1
275
1
345
1
210
1
810
1
2
1
156
1
348
1
288
1
158
1
180
1
182
1
217
1
149
1
1168
1
287
1
21
1
83
1
158
1
351
2
87
1
1
1
101
1
36
1
69
1
327
1
412
1
291
1
571
1
728
1
163
3
668
1
1
1
54
1
810
1
3
1
597
1
209
1
508
1
92
1
633
1
287
1
264
1
258
1
180
1
210
1
161
1
165
1
483
1
221
1
107
1
544
1
170
1
557
1
81
1
889
1
1158
1
277
1
624
1
151
1
483
1
392
1
81
1
427
1
89
1
137
1
233
1
646
1
332
1
476
1
2
1
772
1
35
1
54
1
729
1
172
1
76
1
270
1
369
1
259
1
424
1
566
1
90
1
219
1
235
1
180
1
992
1
434
1
11
1
513
1
389
1
1230
1
773
1
80
1
82
2
623
1
831
1
23
1
567
1
468
1
732
1
77
1
440
1
370
1
75
1
348
1
554
1
342
1
809
1
30
1
44
1
811
2
21
1
79
1
23
1
2
1
737
1
716
1
682
1
149
1
149
1
170
1
153
1
402
1
81
1
519
1
290
1
431
1
282
1
2130
1
176
1
191
1
92
1
796
1
452
1
127
1
503
1
89
1
89
1
113
1
149
1
100
1
579
1
10
1
11
2
126
1
93
1
168
2
884
1
390
1
728
1
163
2
75
1
440
1
106
1
32
1
74
1
51
1
10
1
350
1
93
3
455
1
615
1
453
2
308
1
68
1
434
1
312
1
10
1
84
1
145
1
156
1
192
1
196
1
69
1
114
1
79
1
168
1
1219
1
3
1
31
1
169
1
103
1
476
1
161
1
428
1
288
1
170
1
441
5
135
1
583
1
283
1
248
1
900
1
420
1
137
1
428
1
473
1
168
1
376
1
266
1
62
1
11
1
95
1
252
1
225
1
724
1
15
1
53
1
251
1
347
1
291
1
730
1
54
1
684
1
579
2
231
1
212
1
271
1
94
1
235
1
68
1
877
1
354
1
548
1
169
1
374
1
105
1
223
1
822
1
477
1
161
1
66
1
559
1
159
1
270
1
483
1
416
1
90
1
93
1
369
2
813
1
349
1
89
1
198
1
68
1
102
1
77
1
90
1
91
1
91
2
87
1
208
1
81
1
233
1
657
1
167
1
254
1
118
1
32
1
138
1
707
1
169
1
270
1
448
1
25
2
669
2
292
1
549
1
26
1
597
1
375
1
349
1
89
1
198
1
68
1
102
1
246
1
104
1
380
1
246
1
643
1
167
1
420
1
125
1
265
1
475
1
1
1
725
1
69
1
752
1
786
1
409
1
180
1
90
1
149
1
227
1
349
1
288
1
79
1
91
1
77
1
168
1
402
1
316
1
105
1
331
1
218
1
714
1
264
1
417
1
57
1
240
1
572
1
877
1
1
1
76
1
347
1
267
1
195
1
656
1
252
1
716
1
259
1
318
1
11
1
573
1
282
1
95
1
79
1
62
1
511
1
139
1
170
1
93
2
415
1
300
1
534
1
32
1
69
1
79
1
730
1
3
1
423
1
313
1
150
2
584
1
84
1
52
1
683
1
71
1
66
1
78
1
350
1
311
1
408
1
91
1
307
1
2
1
67
1
341
1
398
1
807
2
229
1
164
1
298
1
160
1
670
1
23
1
465
1
405
1
53
1
13
1
336
1
89
1
806
1
253
1
57
1
13
1
240
1
62
1
719
1
377
1
70
1
86
1
1
1
1593
1
24
2
59
1
53
1
174
1
73
1
357
1
147
1
135
1
438
1
162
1
209
1
602
1
127
1
693
1
454
1
3690
1
1621
1
1977
3
1255
1
811
1
3146
1
1890
1
1266
1
175
1
810
1
621
1
187
1
808
1
809
1
809
1
623
1
91
1
1710
1
3243
1
713
1
94
1
1619
2
4859
1
1459
1
157
1
809
1
1616
1
3893
1
157
1
1461
1
1506
1
267
1
810
1
2272
1
160
1
1523
1
2162
1
360
1
1616
1
2
1
648
2
156
1
3
1
647
1
2
1
76
2
76
1
734
1
727
1
82
1
1697
1
86
1
359
1
89
1
176
1
809
1
13
1
730
1
64
1
95
1
646
1
1704
1
2425
1
167
1
547
1
12
1
796
1
14
1
155
1
654
1
810
1
159
1
650
1
73
1
85
1
2266
1
1604
1
14
1
810
1
77
1
262
1
470
1
77
1
810
1
75
1
649
1
83
1
809
1
714
1
822
1
1619
1
519
2
289
1
80
1
810
1
168
1
640
1
74
1
733
1
886
1
1542
1
77
1
649
1
64
1
744
1
77
1
349
1
3
1
86
2
290
1
247
1
557
1
895
1
724
1
82
1
703
1
833
1
891
1
725
1
3
1
75
1
810
1
3
1
258
1
86
1
1
1
88
2
1096
1
5
1
886
1
3146
1
824
2
807
1
810
1
75
1
2
1
811
1
2344
1
890
1
729
1
887
1
168
1
450
1
109
1
4
1
250
1
85
1
553
1
164
2
3068
1
2597
1
560
1
5
1
249
1
559
1
962
1
1460
1
1063
1
808
1
2
1
806
1
2
1
621
1
180
1
96
1
2336
1
808
1
809
3
2427
1
903
1
179
1
804
1
1177
1
984
1
810
1
554
1
255
1
568
2
63
1
1527
1
11
1
171
1
173
1
985
1
88
2
89
1
84
1
278
1
808
1
804
1
4
1
809
1
569
1
240
1
568
2
51
1
757
1
234
1
2074
1
116
1
511
1
2714
1
15
1
1048
1
1374
1
1
1
249
1
2
2
622
1
93
2
1459
1
235
1
558
1
15
1
235
1
574
1
235
1
810
1
545
1
798
1
276
1
566
1
973
1
162
1
1082
1
207
1
330
1
1289
1
3239
2
596
1
268
1
270
1
480
1
605
1
534
1
467
1
16
1
804
1
1620
1
147
1
91
1
2188
1
56
1
104
4
1159
1
298
1
325
1
4
1
622
1
2270
1
798
1
1535
1
106
1
785
1
532
1
90
1
1
1
536
1
3
1
452
1
4324
2
450
2
92
1
79
1
259
1
484
1
234
1
273
1
302
1
328
1
543
1
718
1
914
1
80
2
808
2
730
1
78
1
169
1
560
1
618
2
81
1
1255
1
87
1
303
1
154
1
174
1
557
1
248
1
1368
1
79
1
705
1
276
1
637
1
170
1
1
1
557
2
165
1
1449
1
78
1
351
1
536
1
96
1
807
1
1286
1
890
1
251
2
808
1
1
1
1285
2
77
1
170
2
436
1
631
1
303
1
73
1
4
1
963
1
902
2
454
1
22
1
79
1
889
1
172
1
465
1
67
1
181
1
93
2
1087
2
1086
1
890
1
76
1
735
1
256
1
719
1
1301
2
226
1
1365
1
170
1
456
1
181
1
24
1
1487
1
187
1
13
4
75
1
257
1
181
1
222
1
148
1
348
3
379
1
80
1
655
1
71
1
1
1
873
1
745
1
734
2
67
1
739
1
2
1
237
1
1158
1
278
1
12
1
610
1
2
1
276
1
348
1
275
1
185
1
261
1
372
1
903
1
892
1
1164
1
1923
1
1124
1
273
1
1015
1
81
1
80
1
2244
1
542
1
1923
1
65
1
610
1
447
1
181
1
3
1
351
1
367
1
1275
1
249
1
1808
1
1111
1
146
1
1470
1
1222
1
3065
1
1624
2
568
1
64
1
525
1
442
1
181
1
1529
1
467
1
833
1
135
1
808
1
27
1
344
1
632
1
1290
1
1684
1
741
1
775
1
90
1
1725
1
976
1
615
1
914
2
256
1
2
1
716
1
3
1
714
1
639
1
980
1
479
1
159
1
988
1
270
1
539
1
1292
1
314
1
496
1
3224
1
12
1
1496
1
200
1
1
1
78
1
1702
1
577
1
581
1
202
1
58
1
456
1
1104
1
892
1
80
1
665
1
70
1
338
1
402
1
150
2
654
1
669
1
128
1
825
1
668
1
1
1
123
1
319
1
181
1
320
1
398
1
92
2
1173
1
355
1
371
1
441
1
388
1
13
1
151
1
527
1
2
1
112
1
333
1
2
1
162
1
553
1
1424
1
10
1
889
1
363
1
307
1
504
1
717
1
479
1
335
1
991
1
185
1
32
1
321
1
487
1
3
1
864
1
1331
1
91
1
903
1
1651
1
161
1
812
1
436
1
219
2
319
1
454
1
981
1
1160
1
90
1
302
1
810
1
234
1
182
1
284
1
10
1
94
2
326
1
92
1
465
1
1790
1
165
1
325
1
1040
1
1459
1
416
1
811
1
283
1
10
1
515
1
1625
1
180
1
254
1
194
1
488
1
2
1
225
1
348
1
462
1
347
1
301
1
1
1
508
3
296
1
2
1
418
2
316
1
786
1
1715
1
75
1
440
1
75
1
279
1
14
2
166
1
490
2
67
2
738
1
71
1
600
2
101
1
103
1
2
1
416
1
2
1
293
1
239
1
1803
1
557
1
258
1
475
1
792
1
824
1
78
1
662
1
132
1
169
1
732
1
3
1
552
1
92
1
728
1
12
1
68
1
694
1
46
1
68
1
727
1
81
1
168
1
545
1
95
2
243
1
181
1
91
1
91
1
1089
1
515
1
3
1
136
2
70
1
77
1
342
1
281
1
170
1
91
1
582
1
228
1
581
1
213
1
183
1
398
1
81
1
329
1
487
1
3
1
736
1
136
1
441
1
90
1
1
1
123
1
13
1
34
1
440
1
392
1
83
1
242
1
486
1
51
1
1470
1
1326
1
271
1
45
1
804
1
11
1
578
1
197
1
32
2
809
1
936
1
15
1
168
2
473
1
83
1
810
1
160
1
649
1
416
1
91
1
301
1
52
1
638
1
183
1
1065
1
1725
2
73
1
900
1
153
1
809
3
217
1
1400
1
568
1
183
1
102
1
737
1
1411
1
277
1
535
1
227
1
57
1
82
1
167
1
500
1
1
1
383
1
1221
1
70
1
1229
1
332
1
57
1
328
1
90
1
317
1
797
1
69
1
531
1
277
1
534
1
90
2
445
1
643
1
242
1
423
1
1031
1
553
1
34
1
57
1
601
1
137
1
217
1
363
1
296
1
264
1
61
1
191
1
278
1
1344
1
90
1
138
1
124
1
182
1
166
1
379
1
95
2
666
1
476
1
287
1
265
1
589
1
221
1
164
1
272
1
137
1
581
1
1003
1
277
1
1158
1
90
1
123
1
822
1
139
1
669
1
867
1
161
1
439
1
371
1
74
1
181
1
182
1
149
1
220
1
256
1
182
1
136
1
496
1
277
1
32
1
499
1
378
1
433
1
305
1
822
1
924
1
24
3
75
1
77
1
271
1
90
1
812
1
124
1
244
1
165
1
183
1
460
1
349
1
227
1
224
1
104
1
91
1
73
1
277
1
274
1
257
1
297
1
1141
1
502
1
1
1
841
1
107
1
517
1
136
1
57
1
93
2
645
1
243
1
1
1
164
1
91
1
376
1
341
1
92
1
319
1
327
1
1275
1
255
2
73
1
183
1
1265
1
171
1
502
2
565
1
2
1
240
1
138
1
340
1
315
1
68
1
164
1
164
1
480
1
329
1
427
1
59
1
253
2
495
2
58
1
81
1
144
1
101
1
415
1
69
1
142
1
558
1
342
1
503
1
43
1
11
1
158
1
168
1
1084
1
209
1
510
1
460
1
73
1
502
1
57
1
340
1
741
1
491
1
65
1
81
1
516
1
127
1
86
1
416
2
1
1
319
1
852
1
170
1
94
1
497
1
476
1
181
1
138
1
798
1
82
1
161
1
256
1
91
1
718
1
294
1
809
1
37
1
66
1
81
1
622
1
37
1
68
2
159
1
346
1
2
1
88
1
172
1
21
1
342
1
1206
1
153
1
76
1
1448
1
11
1
866
1
11
1
831
1
169
1
244
1
242
1
4
1
149
1
728
1
64
1
637
1
69
1
363
1
166
1
552
1
166
1
473
1
245
1
180
1
384
1
667
1
477
1
390
1
162
1
588
2
148
1
154
1
13
1
244
1
315
1
81
1
75
1
796
1
78
1
283
1
195
1
69
1
36
2
419
1
281
1
915
2
66
1
669
1
13
1
58
1
146
1
257
1
390
1
83
2
632
1
421
1
423
1
32
1
35
1
248
1
92
1
151
1
243
1
71
1
81
1
654
1
72
1
65
1
441
1
300
1
421
2
1139
1
101
1
270
1
410
1
82
1
694
1
57
1
127
1
78
1
661
2
68
2
77
1
166
1
423
1
68
1
809
1
81
1
75
1
650
1
161
1
646
1
135
1
193
1
93
1
72
1
1065
1
125
1
658
1
151
1
683
1
126
1
669
1
387
1
423
1
68
1
403
1
27
1
601
1
27
1
73
1
481
1
945
1
193
1
422
2
761
1
831
1
230
1
77
1
180
1
402
1
866
1
13
1
246
1
456
1
35
1
78
1
260
1
63
1
101
1
383
1
143
1
26
1
74
1
180
1
299
1
160
1
441
1
343
1
270
1
345
2
294
1
466
1
46
1
784
1
25
1
21
1
260
1
583
1
68
1
338
1
181
1
115
1
105
2
67
1
155
1
90
1
90
1
333
1
471
1
26
1
74
1
15
1
794
1
229
1
152
1
414
1
13
1
461
2
73
1
1277
1
47
1
296
1
486
1
892
1
705
1
91
1
81
1
65
1
13
1
259
1
335
1
11
2
142
2
79
1
633
1
68
1
531
1
149
1
286
1
197
1
386
1
236
1
1698
1
482
1
158
1
351
1
242
1
1027
1
258
1
336
1
4
1
67
1
740
1
294
1
78
1
433
1
58
1
587
1
448
1
512
1
1469
1
151
1
114
1
544
1
208
1
510
1
228
1
581
1
247
1
73
1
312
1
469
1
265
1
497
1
386
1
90
1
90
1
461
1
648
1
812
1
64
1
647
1
788
1
44
1
141
1
76
1
615
1
21
1
818
1
339
1
258
1
140
1
10
1
138
1
184
1
485
1
152
1
234
1
283
1
126
1
23
1
142
1
336
1
332
1
761
1
45
1
844
1
835
2
66
1
518
1
175
1
116
1
77
1
554
1
102
1
343
1
546
1
171
1
474
1
10
1
70
1
81
1
234
1
421
1
15
1
139
1
428
1
295
1
68
1
682
1
24
1
1160
1
900
1
1369
1
183
1
704
1
489
1
23
1
1
1
137
1
668
1
479
1
91
1
90
1
123
1
412
1
1358
1
740
1
588
1
163
1
646
1
653
1
151
1
950
1
410
1
564
1
77
1
258
1
182
1
134
1
401
1
1185
1
102
1
46
1
270
1
480
1
751
1
878
1
433
1
320
1
793
1
151
1
519
1
290
1
430
1
90
1
956
1
2087
1
1385
1
577
1
44
1
762
1
1473
1
286
1
739
2
945
1
810
1
590
1
139
1
66
1
452
1
651
1
63
1
26
1
74
1
15
1
193
1
251
1
348
1
797
1
235
1
809
1
69
1
76
1
2
1
166
1
489
1
2
1
808
1
843
1
706
1
206
1
681
1
147
1
235
1
355
1
139
1
158
1
570
1
407
1
376
1
238
1
103
1
717
1
168
1
180
1
460
1
1
2
255
1
218
1
409
1
378
1
46
1
140
1
1494
1
1
1
104
1
33
1
79
1
577
1
139
1
14
1
80
1
633
1
14
1
42
1
180
1
181
1
91
4
239
1
42
1
171
1
591
1
1
1
220
1
61
1
586
1
64
1
1623
1
335
1
184
1
1002
1
809
1
197
1
75
1
155
1
101
1
240
1
73
1
144
1
441
1
265
1
10
1
355
1
385
1
161
1
168
1
375
1
103
1
752
1
59
1
750
1
125
1
519
1
292
1
518
1
193
1
365
1
411
1
31
1
117
1
79
1
888
1
255
1
356
1
10
1
248
1
11
1
91
1
317
1
153
1
77
1
168
1
813
1
405
1
798
1
82
1
241
1
345
1
223
2
746
4
66
1
66
1
729
1
175
1
423
1
209
1
13
1
145
1
93
1
624
1
443
1
91
1
366
1
261
1
304
1
858
1
1085
1
453
1
183
1
66
1
270
1
318
1
24
2
149
1
714
1
175
1
574
1
71
1
44
1
195
1
1320
1
126
1
79
1
260
1
342
1
32
1
23
1
2
1
315
1
433
1
854
1
243
2
1154
1
137
1
175
1
78
1
693
1
117
1
169
1
163
1
553
1
509
2
362
1
284
1
368
1
352
1
248
1
130
1
679
1
868
2
784
1
148
1
589
1
23
1
56
1
94
1
78
1
731
1
79
1
231
1
719
1
399
1
160
1
351
1
341
1
274
1
286
1
380
1
246
1
395
1
10
1
58
1
10
1
777
1
621
1
128
1
69
1
35
2
393
1
412
1
328
1
479
1
1515
1
69
1
739
1
69
1
444
1
92
1
246
1
57
1
322
1
558
1
158
1
465
1
43
1
105
1
670
1
33
1
70
1
56
1
911
1
716
1
637
1
44
1
126
1
957
1
375
1
72
1
40
1
422
1
92
1
363
1
184
2
891
1
461
1
56
1
114
1
753
1
1141
1
486
1
396
1
318
1
164
1
65
1
169
1
493
1
737
1
140
1
78
2
648
1
775
1
101
1
174
1
254
1
90
1
152
1
44
1
262
1
559
1
83
1
333
1
92
2
476
1
173
2
241
1
172
1
3
1
22
1
47
1
691
1
45
1
23
1
115
1
160
1
256
5
86
1
147
1
218
1
1687
1
549
1
37
1
142
1
569
1
331
1
350
1
290
1
427
1
94
1
167
1
69
1
66
1
67
1
11
1
78
1
92
1
75
1
342
2
138
1
79
1
156
1
433
1
140
1
80
1
612
1
34
1
304
1
103
1
468
1
890
1
169
2
407
1
217
1
90
1
349
1
139
1
11
1
57
1
891
1
519
1
243
1
144
1
546
1
263
1
325
1
219
1
185
1
157
1
155
1
11
1
180
1
162
1
301
1
164
1
93
1
249
1
58
1
224
1
78
1
105
2
163
1
150
1
151
1
1060
2
419
1
869
1
586
1
126
1
433
1
166
1
208
1
855
1
139
1
671
1
297
1
257
1
91
1
158
1
810
1
471
1
302
1
22
1
297
1
258
1
253
1
104
1
192
1
477
1
10
1
69
1
80
1
1893
1
419
1
1262
1
412
1
46
1
362
1
92
1
376
1
341
1
398
1
69
1
2
1
738
2
32
1
990
1
13
1
725
1
275
1
547
1
647
1
82
1
80
1
730
1
157
1
153
1
353
1
468
1
91
1
91
1
112
1
607
1
431
1
193
1
489
1
35
1
34
2
681
1
287
1
345
1
127
1
32
1
230
1
77
1
183
1
328
1
57
1
486
1
336
1
149
1
574
1
83
1
33
1
21
1
14
1
158
1
578
1
2
1
291
1
11
1
90
1
91
1
248
1
72
1
43
1
158
1
194
1
92
1
374
1
251
1
406
1
58
1
92
1
2
1
156
1
1333
1
21
1
193
1
810
1
576
1
479
1
318
1
128
1
35
1
65
1
93
1
63
1
513
1
490
1
720
1
408
1
2
1
702
1
489
1
1164
1
23
1
46
1
240
1
495
1
867
1
163
1
171
1
414
1
725
1
61
1
128
1
35
2
132
1
376
1
365
1
515
1
84
1
776
1
106
1
59
1
157
2
1438
1
636
1
1700
1
262
1
1357
1
796
1
91
1
92
1
810
1
556
1
159
1
1524
1
455
1
91
1
196
1
78
1
1538
1
81
1
981
1
716
1
1460
1
80
1
1536
1
341
1
92
1
376
1
79
1
1605
1
2430
1
742
1
252
1
554
1
810
1
156
1
733
2
171
1
1364
1
159
1
1436
1
277
1
1525
1
1082
1
90
1
283
1
2
1
247
2
3
1
553
1
3
1
77
4
807
1
1525
1
889
1
91
1
1541
1
726
1
3
1
519
1
91
1
352
1
91
1
563
1
79
1
805
1
3414
1
808
1
560
1
249
1
86
1
454
1
907
1
3154
1
79
1
888
1
95
1
1618
1
87
1
86
1
89
1
539
1
2
1
562
1
962
1
3334
3
806
1
635
1
530
1
205
1
72
1
1517
1
820
1
1884
1
812
1
1612
1
183
1
266
1
1982
1
809
1
1366
1
1065
1
804
1
819
1
183
1
443
1
531
1
90
1
930
1
420
1
386
1
814
1
771
1
832
1
822
1
147
1
909
1
720
1
648
1
810
1
807
1
814
1
52
1
993
1
557
1
1884
1
718
1
622
1
23
1
419
1
90
1
537
1
92
1
5845
1
277
1
901
1
744
1
1046
1
1380
1
55
1
2069
1
278
1
531
1
277
1
355
3
1353
1
2338
1
821
1
250
1
545
1
90
1
439
1
810
1
300
1
56
1
274
1
477
1
2
1
811
1
142
1
1711
1
1381
1
331
1
463
1
519
1
369
1
94
3
258
1
84
1
4
1
90
1
204
1
1
1
65
1
263
1
1264
1
22
1
1783
1
634
1
173
1
171
1
637
1
169
1
1890
1
90
1
114
1
162
2
168
1
480
1
157
1
809
4
621
1
10
1
11
1
67
1
15
1
964
1
571
1
55
1
24
1
250
3
543
1
825
1
165
1
559
1
157
1
264
1
174
1
213
1
77
1
156
1
95
1
555
1
249
1
559
1
3
1
2677
1
2
1
635
1
1246
1
294
1
610
1
450
1
84
2
393
1
78
1
691
1
118
1
244
1
810
1
558
1
250
1
1
1
807
1
3
1
1294
1
810
1
238
1
92
2
477
1
879
3
517
1
291
2
77
1
350
1
305
1
73
2
78
1
75
1
183
1
400
1
68
1
725
1
164
1
622
1
106
1
733
1
787
1
430
1
471
1
742
1
68
4
607
1
93
1
36
1
68
3
77
1
656
1
4
1
67
1
737
1
71
1
65
1
824
1
168
1
454
1
355
1
622
1
372
1
540
1
718
1
733
2
606
1
199
1
247
1
90
1
470
1
80
1
167
1
718
1
718
1
13
1
1466
1
509
1
448
1
92
1
614
1
750
1
82
1
79
1
348
1
276
1
994
1
261
2
395
1
150
1
2697
1
89
1
448
1
92
2
554
1
600
1
267
1
10
1
260
1
490
1
150
1
1469
1
69
1
1059
1
903
1
2014
1
1
1
807
1
504
1
86
3
220
1
406
3
715
1
490
1
946
1
275
2
1624
1
89
1
2421
1
1916
1
11
1
56
1
261
1
536
1
366
1
385
1
147
1
274
1
996
1
1263
1
568
1
811
1
2402
1
79
1
355
2
807
1
560
1
525
1
256
1
360
1
906
1
89
1
125
2
812
1
405
2
716
1
559
1
1154
2
807
1
544
1
180
1
436
1
1447
1
216
2
498
1
718
1
2
1
533
1
991
1
492
1
1220
1
404
1
150
1
1070
1
271
1
2
1
1711
1
31
1
581
1
91
1
141
1
122
1
455
2
225
1
493
1
304
1
58
1
2357
1
92
1
2
1
64
1
13
1
528
1
526
1
1081
1
138
1
5
1
42
1
889
1
271
1
274
1
275
1
259
1
2030
1
55
1
440
1
381
2
82
1
512
1
463
1
454
1
1422
1
229
1
1392
1
301
1
65
1
717
1
25
1
235
1
500
1
496
1
465
1
73
1
180
1
629
1
92
2
473
1
1220
1
991
1
90
1
210
1
809
1
738
1
491
1
316
1
69
1
55
1
10
1
270
1
554
1
885
1
93
2
716
1
577
1
217
1
15
1
164
1
483
1
1
1
159
1
73
1
501
1
581
1
461
1
576
1
232
1
646
1
54
1
683
1
151
1
656
1
2
1
320
2
715
1
347
1
463
1
165
1
482
1
1584
1
34
1
1230
1
454
1
106
1
163
1
552
1
528
1
283
1
167
1
490
1
303
1
575
1
324
1
411
1
489
1
627
1
993
1
295
1
57
1
455
1
560
1
554
1
85
1
861
1
25
1
623
1
34
1
70
1
81
1
729
1
509
1
1012
1
421
1
93
2
453
1
92
1
261
1
387
1
809
1
426
1
382
3
607
1
185
1
14
1
810
1
737
1
150
3
621
1
102
1
422
1
318
1
151
1
726
1
82
2
62
1
548
1
197
1
339
1
621
1
27
1
1065
1
90
1
94
1
106
2
1058
2
347
1
913
1
912
1
56
1
834
1
661
1
54
1
93
1
741
1
593
1
143
1
67
2
162
1
422
1
149
1
479
1
12
1
90
1
344
1
193
1
1970
1
209
1
509
1
92
1
147
1
205
1
272
1
1174
1
37
1
77
3
141
1
489
1
161
1
67
1
25
1
1
1
163
1
414
1
54
1
80
1
440
1
631
2
550
1
152
1
361
1
106
1
703
1
1622
1
92
1
55
1
46
1
831
3
155
1
66
1
24
1
721
2
163
1
1219
1
402
1
467
1
706
1
20
1
166
1
62
1
900
1
180
1
319
1
127
1
11
1
903
1
439
1
442
1
500
1
246
1
562
1
128
1
10
1
823
1
259
1
90
3
88
1
225
1
787
1
150
1
14
1
809
1
633
1
21
1
153
1
245
1
366
1
261
1
13
1
634
1
718
1
42
1
2
1
231
1
1232
1
462
1
92
2
1357
1
77
1
731
1
656
1
83
1
147
1
534
1
113
1
601
1
469
1
1300
1
112
1
540
1
462
1
2178
1
147
1
603
1
296
1
537
1
10
1
35
1
1149
1
443
1
1576
1
53
1
57
1
101
1
905
1
253
1
218
1
69
1
171
1
591
1
881
1
67
1
520
1
220
1
589
1
442
1
1182
1
128
1
578
1
244
1
795
1
12
1
310
1
498
1
948
1
338
1
389
1
13
2
809
1
53
1
12
1
247
1
182
1
227
1
163
1
348
1
364
1
79
1
809
1
95
1
348
2
89
1
933
1
13
3
31
1
622
1
812
3
147
1
385
1
90
1
904
1
808
1
227
2
327
1
445
1
32
1
856
1
194
1
566
1
413
3
1219
1
794
1
13
1
475
1
810
1
469
1
752
1
733
1
314
1
1
1
163
1
307
1
243
1
336
1
102
1
136
1
15
1
22
1
33
1
135
1
285
3
388
2
749
1
126
1
172
1
483
1
24
2
205
1
167
1
272
1
369
1
76
1
478
1
58
1
10
1
626
1
531
1
719
1
24
1
501
1
55
1
147
1
361
1
1111
1
146
1
184
1
417
1
810
1
46
1
12
1
147
1
439
1
291
1
427
1
90
1
137
1
83
1
588
1
144
1
151
1
326
1
25
1
315
1
27
1
1171
1
1082
1
196
1
57
1
101
1
182
1
256
1
463
1
568
1
750
1
1617
1
296
1
258
1
25
1
90
1
92
1
262
1
66
1
651
1
92
1
166
1
270
1
720
1
227
1
71
1
147
1
182
1
75
1
15
2
1124
1
1668
1
521
1
237
1
821
2
310
1
453
1
171
1
67
1
462
1
1066
1
284
1
75
1
15
2
373
1
750
1
140
1
173
1
451
1
879
1
853
1
585
1
25
1
197
1
726
1
23
1
1
1
2008
1
373
1
44
1
127
1
889
1
94
1
635
1
728
1
238
1
1077
1
115
1
197
1
2370
1
297
1
93
2
1529
1
2591
1
89
1
115
1
356
1
649
1
136
1
23
1
592
2
219
1
347
1
1073
1
32
1
240
1
257
1
368
1
185
2
163
1
378
1
22
1
1309
1
740
1
64
1
657
1
548
1
63
1
271
1
377
1
250
1
182
1
331
1
389
2
253
1
150
1
846
1
275
1
165
1
1155
1
751
1
46
1
32
1
33
1
173
1
321
1
89
1
641
1
378
1
599
1
302
2
65
1
1416
1
294
1
349
1
164
1
54
1
499
1
902
1
810
1
163
1
368
1
10
1
103
1
1
2
301
1
25
1
125
1
13
3
77
3
572
1
315
2
505
1
1
1
128
1
430
3
234
1
128
1
729
1
1229
1
181
1
149
1
882
1
146
1
575
1
34
1
138
1
315
1
351
1
225
1
169
1
414
1
48
1
12
1
240
1
463
1
20
1
10
1
142
1
144
1
283
1
90
1
292
1
153
1
184
1
326
1
1586
1
10
1
82
1
879
1
519
1
124
1
42
2
127
1
351
1
90
1
64
1
27
1
101
1
42
1
117
1
274
1
373
1
80
1
24
1
750
1
127
1
246
1
271
1
161
2
12
1
101
1
94
1
165
1
183
1
224
1
25
1
284
1
811
1
522
1
115
1
172
1
716
1
830
1
258
1
180
1
125
1
59
1
170
1
589
1
12
2
59
1
748
1
1
1
59
2
66
1
680
1
13
1
46
2
68
1
79
1
347
1
90
1
538
1
92
1
281
1
56
1
1264
1
645
1
737
1
154
1
102
1
180
1
1021
1
238
1
509
2
59
1
314
1
180
1
252
1
59
1
123
1
26
1
730
1
246
1
92
1
325
1
58
1
1506
1
357
1
254
1
276
1
644
1
94
1
42
1
376
1
507
1
211
1
191
1
344
1
33
1
25
1
495
1
239
1
12
1
129
1
53
1
26
1
657
1
72
1
246
1
535
1
259
1
445
1
742
1
54
1
70
1
738
1
24
1
1640
1
26
1
734
1
13
1
58
3
65
1
727
1
82
1
80
1
731
1
247
1
417
1
70
1
34
1
193
1
76
1
1243
1
195
1
180
1
433
1
784
1
96
1
493
1
380
1
741
3
145
1
259
1
404
1
65
1
248
1
183
1
294
1
83
3
248
2
428
1
114
1
248
1
549
1
184
1
485
1
93
1
231
1
508
1
794
1
229
1
182
1
91
1
1196
1
499
1
252
1
125
1
56
1
10
1
273
1
398
1
69
1
3
1
247
1
464
1
329
1
734
1
346
1
197
1
10
1
510
1
254
1
69
1
415
1
275
1
44
1
125
1
169
1
286
1
296
1
146
1
67
1
282
1
309
1
487
1
266
1
54
1
411
1
2
1
339
1
124
1
4
1
75
1
2
1
167
1
1
1
474
1
83
1
156
1
77
1
180
1
240
1
116
1
194
1
510
1
647
1
275
1
44
1
160
1
143
1
23
1
376
1
22
1
320
1
640
1
245
1
340
1
106
1
547
1
159
1
59
1
409
1
313
1
155
1
153
1
94
1
372
1
44
1
297
1
512
1
465
1
90
1
299
1
12
1
239
1
543
1
547
1
86
2
113
1
59
1
47
1
794
1
68
1
13
1
79
1
143
1
503
1
242
1
636
1
416
1
642
1
813
1
1434
1
614
1
67
1
33
1
206
1
243
1
12
1
237
1
5
1
385
1
65
1
575
1
335
1
617
1
652
1
351
1
91
2
628
1
303
1
414
1
490
1
55
1
740
1
762
1
309
1
243
1
102
1
255
1
34
1
341
2
281
1
42
1
143
1
250
1
392
1
323
1
166
1
180
1
369
1
441
1
159
1
209
1
259
1
470
1
248
1
374
1
102
1
84
1
678
1
58
1
395
1
339
1
11
1
1
1
1289
1
304
1
820
1
128
1
1972
1
91
1
263
1
101
1
355
1
337
1
129
1
811
1
1142
1
102
1
242
1
570
1
459
1
702
1
248
1
1093
1
629
1
328
1
58
1
332
1
535
1
182
1
76
1
469
1
91
1
679
1
70
1
67
1
91
1
349
1
241
1
1
1
385
1
65
1
116
1
602
1
191
1
251
1
301
1
885
1
490
1
137
1
364
1
248
1
379
1
395
1
10
1
95
1
123
1
91
1
347
1
303
1
159
1
894
1
434
1
125
1
13
1
247
1
273
1
369
1
585
1
2182
1
90
1
156
1
786
1
95
1
21
1
1005
1
830
1
63
1
434
1
56
1
588
1
304
1
79
1
244
1
367
1
249
1
282
1
378
1
1153
3
464
1
81
3
726
1
1629
1
171
1
499
1
478
1
615
1
798
1
373
1
217
1
12
2
809
1
726
1
224
1
597
1
45
1
318
1
735
1
512
1
130
1
102
1
79
1
260
1
389
1
82
1
63
1
15
1
542
1
10
1
80
1
226
1
584
1
80
1
77
1
350
4
155
1
469
4
73
1
264
1
1191
1
72
1
368
1
169
1
591
1
672
1
295
1
10
1
171
1
259
1
3
1
72
1
12
1
1
1
113
1
240
1
248
1
424
1
322
1
556
1
326
1
341
1
303
1
164
1
1140
1
72
1
68
1
247
1
257
1
555
1
452
1
91
1
921
1
565
1
59
1
10
1
11
1
83
1
158
1
75
1
94
1
973
1
160
1
74
1
66
1
79
1
77
1
349
1
462
1
257
1
91
2
112
1
103
1
68
1
248
1
91
1
400
1
214
1
102
1
492
1
70
1
739
1
320
1
495
1
161
1
716
1
173
1
153
1
13
1
1137
1
221
1
576
1
85
1
226
1
257
1
90
1
525
1
102
1
92
1
236
1
207
1
12
1
261
1
315
1
235
1
978
1
497
1
67
1
877
1
11
1
730
1
668
1
377
1
458
1
79
1
21
1
753
1
44
1
534
1
113
1
116
1
752
1
57
1
55
1
82
2
259
1
281
1
55
1
128
1
832
1
52
1
26
1
76
1
335
1
118
1
20
1
21
1
573
1
456
1
169
1
418
1
222
1
171
1
1202
1
388
1
284
1
355
1
272
1
328
1
222
1
261
1
625
1
347
1
171
1
71
1
406
1
180
1
105
1
69
1
271
1
15
1
74
1
182
1
91
1
144
1
71
1
305
1
106
1
547
1
76
1
94
1
163
1
321
1
70
1
1478
1
469
1
91
1
90
1
215
1
151
1
2
1
166
1
406
1
128
1
22
1
159
1
591
1
394
1
368
1
287
1
231
1
25
1
236
1
220
1
695
1
33
1
81
1
76
1
509
1
366
1
585
2
783
1
536
1
226
1
57
1
81
1
2
1
713
1
79
1
91
1
830
1
569
1
737
1
70
1
487
1
1167
1
180
1
12
1
258
1
393
2
233
1
90
1
410
1
953
1
573
1
37
1
947
1
632
1
478
1
719
1
23
1
92
1
395
1
324
1
554
1
147
1
666
1
233
1
182
1
91
1
703
1
472
1
3
1
541
1
691
1
262
1
2
1
11
1
137
1
301
1
10
1
13
2
455
1
11
1
158
1
489
1
81
1
82
1
142
1
15
1
164
1
309
1
307
1
101
1
185
1
379
1
76
2
463
1
44
1
545
1
240
1
11
1
12
1
60
1
52
1
169
1
736
1
164
1
2
2
612
1
101
1
95
1
163
1
237
1
185
1
411
1
85
1
1
1
144
1
799
1
139
1
68
1
194
1
614
1
22
1
429
1
137
1
10
1
85
1
486
4
72
1
128
1
171
1
237
1
103
4
384
1
68
1
11
1
157
1
90
1
398
1
96
1
67
1
77
1
65
1
512
1
400
1
395
1
30
1
311
1
354
1
283
1
342
2
63
1
261
1
153
1
160
1
1378
1
67
1
327
1
90
1
91
2
183
1
32
1
242
1
334
1
161
1
127
1
169
1
183
2
315
1
82
1
68
1
145
1
479
1
116
1
69
1
663
1
95
1
485
1
471
1
248
1
155
1
1041
1
11
1
738
1
47
1
172
1
235
1
330
1
94
1
69
1
157
1
259
1
93
1
214
1
14
1
212
1
78
1
102
1
537
1
274
1
327
1
127
1
93
1
1166
1
458
1
338
1
379
1
106
1
154
1
1450
1
636
1
511
1
250
1
560
1
92
1
111
1
102
1
410
1
93
1
293
1
162
1
261
1
567
1
172
1
164
1
367
1
24
1
404
1
565
1
692
1
22
1
170
1
155
1
483
1
588
1
798
1
81
1
581
1
343
1
22
1
427
1
188
1
55
1
307
1
92
1
394
1
11
1
972
1
430
1
534
1
77
1
14
1
411
1
69
1
52
1
90
1
580
1
13
1
136
1
672
1
934
1
442
1
300
2
42
1
10
1
272
1
91
1
318
1
475
1
261
1
310
1
77
1
14
1
490
1
382
1
168
1
26
1
460
1
231
1
345
1
1285
1
555
1
587
1
753
1
57
1
32
1
26
1
41
1
376
1
342
1
285
1
164
1
261
1
962
1
80
1
337
1
445
1
106
1
461
1
114
1
71
1
65
1
236
1
319
1
1146
1
575
1
490
1
393
1
41
1
192
1
1900
1
276
1
443
1
90
1
274
1
79
1
169
1
78
1
117
1
201
1
160
1
24
1
623
1
69
1
43
1
46
1
238
1
664
2
427
1
265
1
169
1
101
1
182
3
89
1
214
1
81
1
3
1
41
1
833
1
1161
1
184
1
264
1
613
1
915
1
1070
1
387
1
2
1
2575
1
1092
1
180
1
432
1
16
1
531
1
10
1
174
1
75
1
364
1
369
1
167
1
718
1
573
1
969
1
809
1
1601
1
11
1
93
1
435
1
630
1
630
1
183
1
459
1
1457
3
969
1
647
1
161
1
76
1
2255
1
94
1
256
1
270
1
175
1
2375
1
1
1
862
1
916
1
809
1
76
1
1798
1
270
1
2536
1
1633
1
331
1
2427
1
1
1
1341
1
182
1
571
2
808
1
1595
1
91
1
170
1
1537
1
616
1
911
1
742
2
784
1
23
1
2
1
862
1
821
1
95
1
1457
1
81
1
78
1
792
1
991
1
446
1
34
1
811
1
1593
1
23
1
972
1
647
1
81
1
78
1
730
1
250
1
475
2
80
1
244
1
481
1
1
1
161
1
168
1
86
2
551
1
727
1
78
1
649
1
4
1
75
2
80
1
730
1
80
1
805
1
887
1
653
1
78
1
171
2
450
1
27
1
51
1
28
1
727
1
506
1
180
1
450
1
636
1
734
1
80
1
2596
1
559
1
249
1
1
1
1613
1
195
1
90
1
192
1
692
1
200
1
156
1
15
1
565
1
57
1
261
1
90
1
90
1
308
2
501
1
309
1
225
1
1392
1
149
1
1243
1
102
1
106
1
809
1
6
1
62
1
12
1
810
1
338
1
399
2
56
1
823
1
248
1
492
1
54
1
706
1
856
1
798
1
336
1
467
1
253
1
555
1
6
1
62
1
752
1
70
2
519
1
90
1
126
2
1622
1
67
1
341
1
547
1
660
1
942
1
540
1
119
1
5
1
1315
1
310
1
227
1
275
1
305
1
413
1
398
1
317
1
492
1
807
1
797
1
1149
1
2
2
265
1
3
1
199
1
1133
1
180
1
310
1
69
1
739
1
1
1
810
1
147
1
809
1
660
1
148
1
77
1
547
1
1172
2
270
1
1519
1
89
1
90
1
126
1
56
1
754
1
43
1
103
1
4035
1
193
2
268
1
93
1
1152
1
185
1
87
1
88
2
89
1
1087
1
169
1
494
1
806
1
1768
1
614
1
373
1
2
1
177
1
367
1
171
1
1
3
633
1
432
1
88
1
367
1
169
1
2112
1
957
1
662
1
1228
1
180
1
343
1
1086
1
87
1
88
1
629
1
717
1
559
1
158
1
570
1
798
1
834
1
409
1
560
2
257
1
89
1
176
1
527
1
816
1
1208
1
761
1
180
1
674
1
316
1
1290
1
67
1
185
2
817
2
566
1
136
1
993
1
2085
1
21
1
491
1
90
1
227
1
218
1
1403
1
805
1
408
1
394
1
493
1
644
1
453
1
35
1
810
1
230
1
579
1
668
1
136
1
400
1
182
1
226
1
126
1
365
1
352
1
771
1
1387
1
226
1
235
1
93
1
1154
1
720
1
629
1
409
1
491
1
91
1
226
1
58
1
249
1
627
1
674
1
78
1
703
1
443
1
89
1
1352
1
1156
1
902
1
628
1
318
1
72
1
159
1
258
1
376
1
818
1
3
1
52
1
10
1
11
1
168
1
485
1
595
1
76
1
1010
1
1150
1
549
1
94
1
256
1
91
1
1014
1
22
1
1744
1
10
1
180
1
491
1
152
1
348
1
164
1
12
1
128
1
948
1
729
1
522
1
90
1
209
1
1
1
771
1
912
1
92
1
795
1
90
1
637
1
823
1
439
3
216
2
1618
1
71
2
416
1
296
1
330
1
184
2
808
1
363
1
23
1
892
1
337
1
387
1
78
1
258
1
527
1
23
1
260
2
268
3
279
1
727
2
601
1
205
1
3
1
155
1
259
1
3
1
385
1
83
1
808
1
645
1
787
1
103
1
420
1
294
1
238
1
26
1
254
1
382
2
809
1
64
1
12
1
172
1
559
1
52
1
24
1
431
1
86
2
140
1
123
1
102
1
262
1
305
1
1620
1
503
1
808
1
294
1
11
1
251
1
346
1
278
1
444
1
87
2
75
1
13
1
202
1
884
1
78
1
441
1
446
1
181
1
308
1
13
3
52
1
79
1
649
1
24
1
123
1
23
1
648
1
504
1
271
1
46
1
54
1
92
1
725
1
353
1
256
1
177
1
34
1
597
1
926
1
425
1
373
1
347
1
254
1
300
1
957
1
453
1
1019
1
748
1
149
2
258
1
91
1
282
1
17
1
76
1
159
1
2
1
551
1
241
1
601
1
208
1
182
1
90
2
88
2
369
1
1144
1
1189
1
983
1
552
1
27
1
74
1
136
1
296
2
88
2
89
1
127
1
865
1
761
2
299
1
91
1
89
2
87
1
75
1
162
2
774
1
34
1
24
1
106
1
153
1
571
1
56
1
452
1
1530
1
181
1
133
1
82
2
249
1
91
2
88
2
88
1
89
1
939
1
810
1
667
1
93
1
55
1
46
1
68
1
78
1
12
1
602
1
1017
1
566
1
10
1
127
1
362
1
403
1
873
1
275
1
89
1
88
1
172
1
101
1
1318
1
383
1
77
1
77
1
375
1
92
1
841
1
847
1
21
1
521
1
217
1
94
1
809
1
43
1
692
2
45
1
10
1
263
1
181
1
178
1
128
1
124
1
106
1
578
1
666
1
138
1
1124
1
636
1
741
2
53
1
12
1
78
1
637
1
1559
1
333
1
91
1
89
1
178
1
126
2
231
1
532
1
90
1
91
1
337
1
13
1
89
1
275
1
263
1
638
1
172
1
1307
1
205
1
569
1
104
1
241
1
256
1
91
1
92
1
442
1
90
1
483
1
51
1
297
1
537
1
635
1
341
1
91
3
89
1
88
1
137
2
307
1
500
1
56
1
238
1
14
1
1379
1
146
1
444
1
204
1
12
1
67
1
66
1
915
1
485
1
57
1
181
1
66
1
571
1
985
1
259
1
303
1
398
1
425
1
214
1
568
1
24
1
113
1
195
1
499
1
569
1
809
1
240
1
136
1
431
1
648
1
181
1
433
1
106
1
521
1
454
4
1263
1
525
1
149
1
31
1
34
1
498
1
228
1
13
1
67
1
2
1
1047
1
261
1
239
1
54
1
513
1
476
1
1392
1
137
1
2
1
424
1
1048
1
38
1
446
1
324
1
302
1
453
1
841
1
48
1
845
1
134
1
362
1
90
1
133
1
92
1
161
1
2
1
572
1
72
1
125
1
113
1
91
3
1064
1
160
1
106
1
679
1
23
2
35
1
615
1
144
1
13
1
635
1
160
1
13
1
1
1
820
1
739
1
253
1
564
1
103
1
1
1
145
1
67
1
89
1
436
1
398
1
255
1
155
1
6
1
94
1
669
1
43
1
810
1
36
1
738
1
34
1
47
1
749
1
12
1
2
1
286
1
484
1
59
1
265
1
345
1
116
1
149
1
658
1
30
1
70
1
137
1
112
1
66
1
89
1
23
1
65
1
89
1
474
1
91
2
269
1
146
1
286
1
1277
1
57
1
33
1
342
1
406
1
767
1
66
1
774
1
37
1
32
1
24
1
135
1
77
1
14
1
463
1
116
1
485
1
715
1
449
1
477
1
181
1
1676
2
467
1
340
1
856
1
241
1
508
1
12
1
103
1
729
1
171
1
601
1
204
1
192
1
65
1
342
1
3
1
102
1
205
1
165
1
89
1
89
1
15
1
194
1
706
1
523
1
89
1
195
1
20
1
10
1
403
1
91
1
88
1
1255
1
1459
1
252
1
566
1
611
1
138
1
58
1
252
1
556
1
68
1
92
1
347
1
89
1
106
1
43
1
58
1
407
1
1153
1
856
1
252
1
454
1
113
1
13
1
134
1
1810
1
65
1
402
1
752
1
476
1
286
1
20
1
26
1
462
1
13
1
180
1
913
1
102
1
148
1
603
1
1108
1
582
1
394
1
307
1
266
1
62
1
168
1
483
1
810
2
693
1
454
1
331
1
795
1
36
1
622
1
219
1
148
1
78
1
12
1
349
1
149
1
660
1
914
1
31
1
47
1
191
1
14
1
437
1
164
1
1096
1
74
1
479
1
81
1
1
3
51
1
671
1
162
1
812
1
589
1
772
1
684
1
717
1
91
1
193
1
42
1
3
1
237
1
65
1
101
1
401
1
68
1
969
1
507
1
5
1
125
1
66
1
611
1
212
1
440
1
537
1
92
1
302
1
962
1
519
1
105
1
102
1
253
1
492
1
25
1
67
1
1
1
146
1
146
1
112
1
333
1
137
1
134
1
10
1
283
1
242
1
295
1
507
1
17
1
169
1
360
1
11
1
249
1
132
1
79
1
166
1
77
1
193
1
207
1
513
1
213
1
94
1
320
1
428
1
365
1
420
1
479
1
316
1
49
1
296
1
63
1
101
1
156
1
189
1
126
2
63
1
13
1
53
1
384
1
207
1
333
2
463
1
857
1
1080
1
103
1
305
1
33
1
1668
1
11
1
215
1
13
1
658
1
78
1
545
1
102
1
164
1
74
1
361
1
334
1
206
2
163
1
461
1
576
1
672
1
373
1
256
1
305
1
33
1
472
1
522
1
451
1
303
1
1490
1
181
1
203
1
180
1
298
1
240
1
718
1
695
1
282
1
270
1
266
1
90
1
557
1
20
1
164
1
144
1
2153
2
45
1
11
1
160
1
592
1
43
1
80
1
56
1
294
1
376
1
809
1
600
1
256
1
34
1
428
1
250
1
287
1
182
1
89
1
225
1
404
1
428
1
116
1
981
1
257
1
196
1
124
1
82
1
515
1
150
1
1
1
44
1
13
1
123
1
475
1
208
2
1573
1
20
1
10
1
162
1
258
1
435
1
34
1
341
1
90
1
89
1
157
1
195
1
184
1
164
1
475
1
243
1
180
1
106
1
195
1
739
1
81
1
729
1
507
1
239
2
182
1
114
1
568
1
3
1
404
1
329
1
12
1
57
1
149
1
1376
1
245
1
169
1
164
1
264
1
286
1
557
1
175
1
585
1
72
1
80
1
169
1
511
1
191
1
14
1
52
1
522
1
70
2
737
1
14
1
58
1
122
1
282
1
343
1
375
1
183
1
249
1
634
1
383
1
170
1
639
1
63
1
489
1
843
1
1466
1
14
1
208
1
145
1
184
1
533
1
184
1
463
1
843
1
879
1
322
1
372
1
69
1
195
1
565
1
138
1
23
1
81
1
335
1
340
2
148
1
236
1
495
2
157
1
348
1
2
1
131
1
233
1
337
1
394
1
875
1
259
1
90
1
90
1
446
1
570
1
82
1
623
1
80
1
10
1
80
1
263
1
1066
1
573
1
51
1
89
1
10
1
391
1
79
1
157
1
192
1
297
1
424
2
396
1
71
1
156
1
167
1
415
1
229
1
242
1
278
1
43
1
409
1
435
1
659
1
31
1
48
1
91
1
12
1
81
1
62
1
522
1
11
1
196
1
184
1
472
1
262
1
336
1
159
1
315
1
63
1
822
1
385
1
176
1
156
1
581
1
231
1
254
1
1133
1
33
1
648
1
20
1
33
1
25
1
354
1
91
1
522
1
11
1
668
1
588
1
302
1
173
1
141
1
424
1
45
1
248
1
23
1
90
1
471
1
250
1
474
1
137
1
589
1
70
1
23
1
487
1
461
1
167
1
90
1
90
1
236
1
141
1
81
1
63
1
570
1
344
1
424
1
72
1
485
1
89
1
11
1
222
1
44
1
102
1
168
1
66
1
425
1
69
1
144
1
11
1
272
1
90
1
218
1
203
1
730
1
589
1
10
1
48
1
250
1
901
1
90
1
410
1
491
1
364
1
93
1
169
1
543
1
22
1
263
1
421
1
57
1
66
1
224
1
651
1
14
1
52
1
386
1
219
2
69
1
737
1
113
1
1481
1
47
1
114
1
350
1
459
1
624
1
355
1
500
1
329
1
74
1
307
1
21
1
287
1
192
1
328
1
223
1
258
1
90
1
1118
1
113
1
372
1
379
1
417
1
734
1
90
1
235
1
392
1
717
1
519
1
15
1
42
1
57
1
22
1
263
1
393
1
128
1
10
1
12
1
145
1
373
1
276
1
535
1
943
1
84
1
112
1
450
1
381
1
351
1
204
1
253
1
263
1
351
1
194
1
77
1
92
1
487
1
151
1
171
1
426
1
296
1
12
1
65
1
1219
1
10
1
152
1
79
1
261
1
1136
1
46
1
834
1
1
1
42
1
352
1
91
1
248
1
1190
1
487
1
751
1
1120
1
52
1
113
1
306
1
832
1
139
1
1
1
693
1
44
1
229
1
76
1
272
1
184
1
45
2
396
1
411
1
565
1
173
1
126
1
80
1
171
1
487
1
12
1
203
1
761
1
13
2
79
1
322
1
219
1
69
1
238
1
525
2
68
1
160
1
52
1
116
1
164
1
158
1
49
1
10
1
333
1
244
1
159
1
10
1
107
1
35
1
741
1
54
1
432
1
377
1
66
1
181
1
92
1
468
1
416
1
368
1
759
1
48
1
42
1
14
1
381
1
89
1
159
1
93
1
126
1
102
1
168
1
483
1
144
1
537
1
193
1
170
1
384
1
104
1
151
1
76
1
581
1
579
1
113
1
116
1
737
1
378
1
92
1
410
1
1627
1
23
1
44
1
315
1
339
1
49
1
106
1
64
1
78
1
90
1
182
1
1270
1
425
1
159
1
303
1
650
1
41
1
466
1
367
1
810
1
335
1
258
1
84
1
318
1
477
1
82
1
393
1
561
1
14
1
142
1
114
1
90
1
113
1
173
1
249
1
93
1
548
1
728
1
416
1
227
1
10
1
82
1
71
1
1123
1
341
1
287
1
195
1
90
1
633
1
479
1
80
1
13
1
80
1
232
1
329
1
326
1
493
1
141
1
249
1
1533
1
589
1
44
1
430
1
392
1
327
1
90
1
331
1
388
1
180
1
153
1
233
1
261
1
385
1
83
1
324
1
156
1
171
1
457
1
23
1
387
1
424
1
692
1
527
1
56
1
1228
1
205
1
139
1
374
1
90
1
318
1
71
1
67
1
352
1
89
1
308
1
403
1
89
1
381
1
78
1
78
1
258
1
23
1
207
1
798
1
318
1
469
1
20
1
176
1
62
1
606
1
191
1
616
1
113
1
568
1
172
1
433
1
89
1
299
1
1133
1
481
1
316
1
89
1
310
1
788
1
531
1
475
1
62
1
180
1
340
1
208
1
671
1
695
1
516
2
383
1
94
1
145
1
77
1
14
1
255
1
324
1
78
1
260
1
75
1
310
1
227
1
12
1
717
1
352
1
75
1
1193
3
51
1
10
1
11
1
1346
1
20
1
36
1
56
1
405
1
14
1
90
1
112
1
127
1
57
1
145
1
537
1
54
1
72
1
222
1
15
1
484
1
342
1
65
1
116
1
459
1
601
1
287
1
257
1
1323
1
10
1
661
1
160
1
2
2
346
1
146
1
151
1
67
1
743
1
796
1
80
1
173
1
573
1
91
1
215
1
444
1
1
2
134
1
13
2
64
1
93
1
63
1
192
1
459
1
170
1
397
1
12
1
69
1
81
1
79
1
75
1
417
1
48
1
788
1
45
1
150
1
76
1
65
1
560
1
169
1
995
1
338
1
115
1
355
1
331
1
324
1
474
1
322
1
78
1
559
1
11
1
67
1
91
1
169
1
398
1
12
1
69
1
644
1
10
1
48
1
329
1
15
1
487
1
579
1
135
1
94
1
70
1
325
1
296
1
240
1
730
1
667
1
184
1
80
1
235
1
15
1
624
1
92
1
143
1
22
1
367
1
182
1
260
1
307
1
82
1
159
1
170
1
324
1
48
1
343
1
166
1
1364
1
256
1
392
1
682
1
101
1
445
1
73
1
334
1
80
1
77
1
170
1
454
1
91
1
889
1
351
1
381
1
77
1
168
1
326
1
83
1
693
1
59
1
31
1
590
1
526
1
270
1
358
1
374
1
902
1
181
1
111
1
184
1
76
1
91
1
398
1
136
1
742
1
80
1
246
1
90
1
90
1
300
1
54
1
259
1
106
1
233
1
70
1
69
1
13
1
236
1
640
1
77
1
156
1
655
1
63
1
652
1
600
1
15
1
20
1
172
1
351
1
90
1
112
1
367
1
167
1
548
1
156
1
13
1
394
1
582
1
226
1
93
1
70
1
420
1
234
1
82
1
71
1
236
1
488
1
386
1
101
1
277
1
20
1
254
3
61
1
525
1
477
1
205
1
59
1
112
1
678
1
48
1
58
1
385
1
343
1
42
1
12
1
68
1
55
1
361
1
473
1
77
1
349
1
114
1
114
1
70
1
810
1
236
1
257
1
937
1
335
1
1067
1
205
1
113
1
400
1
90
1
294
1
58
1
100
1
284
1
154
1
188
1
124
1
656
1
312
1
496
1
153
1
224
1
11
1
66
1
116
1
389
1
236
1
525
1
669
1
102
1
11
1
205
1
13
1
566
1
69
1
522
1
240
1
13
1
375
2
90
1
201
1
112
1
148
1
169
1
168
1
459
1
428
1
171
1
152
1
81
1
143
1
430
1
128
1
353
1
481
1
236
1
525
1
669
1
320
1
12
1
1
1
256
1
276
1
20
1
513
1
330
1
13
1
1296
1
90
1
217
1
44
1
22
1
251
1
76
1
156
1
171
1
233
1
429
1
134
1
80
1
11
1
126
1
158
1
22
1
418
1
152
1
146
1
1287
1
254
1
65
1
996
1
405
1
775
1
133
1
81
1
225
1
15
1
51
1
299
1
137
1
146
1
79
1
444
1
272
1
476
1
253
1
731
1
238
2
383
1
592
1
250
1
58
1
751
1
72
1
133
1
260
1
616
1
194
1
166
1
207
1
122
1
94
1
42
1
195
1
302
1
49
1
53
1
69
1
160
1
247
1
216
1
59
1
125
1
66
1
14
1
875
1
145
1
27
1
407
1
307
1
385
1
91
1
11
1
961
1
76
1
168
1
91
1
392
1
159
1
462
1
32
1
47
1
10
1
160
1
576
1
219
1
43
1
67
1
259
1
538
1
361
1
299
1
253
1
75
1
811
1
561
1
78
1
693
1
22
1
78
1
595
1
136
1
429
1
229
1
45
1
248
1
572
1
13
1
53
1
11
1
691
1
104
1
111
1
182
1
166
1
219
1
25
1
305
1
572
1
497
1
694
1
747
1
532
1
568
1
410
1
78
1
423
1
12
1
217
1
508
1
83
1
124
1
694
1
101
1
461
1
117
1
330
1
180
1
733
1
795
1
1218
1
219
1
708
1
46
1
223
1
431
1
26
1
181
1
14
2
425
1
147
1
480
1
90
1
411
1
66
1
67
1
270
1
485
1
78
1
716
1
171
1
233
1
23
1
537
1
182
1
471
1
78
1
577
1
465
1
357
1
282
1
398
1
114
1
72
1
66
1
246
1
399
1
410
1
1137
1
175
1
330
1
152
1
11
1
346
1
360
1
78
1
369
1
34
1
78
1
260
1
274
1
113
1
82
1
79
1
532
1
101
1
407
1
343
1
70
1
225
1
732
1
3
1
163
1
469
1
1159
1
12
1
875
1
346
1
293
1
14
1
442
1
31
1
241
1
260
1
330
1
125
1
15
1
246
1
396
1
81
1
695
1
340
1
525
1
58
1
71
1
62
1
15
1
62
1
101
1
388
1
69
1
442
1
571
1
168
1
182
1
444
1
259
1
308
1
833
1
138
1
78
1
981
1
721
1
507
1
45
1
637
1
253
1
3
1
611
1
863
1
148
1
13
1
553
1
106
1
54
1
696
1
56
1
309
1
166
1
90
1
720
1
328
1
57
1
83
2
248
2
718
1
414
1
58
1
10
1
81
1
56
1
568
1
309
1
282
1
90
1
158
1
26
1
181
1
264
1
163
1
121
1
236
1
900
1
103
1
1517
1
14
1
533
1
184
1
76
1
272
1
628
1
375
1
80
1
740
1
148
1
649
1
80
1
738
1
700
1
542
1
74
1
368
1
276
1
255
1
356
1
105
1
624
1
12
1
431
1
810
1
535
1
1393
1
409
1
385
1
77
1
169
1
90
1
90
1
377
1
891
1
78
1
93
1
437
1
116
1
148
1
12
1
352
1
377
1
1607
1
706
1
1267
1
542
1
546
1
523
1
394
1
416
1
91
1
181
1
538
1
810
1
2062
1
24
1
341
1
374
1
806
1
14
1
155
1
183
3
468
1
250
1
979
1
1172
1
1072
1
2247
1
754
1
63
1
1161
1
95
1
89
1
1823
1
81
1
251
1
809
1
545
1
12
1
1962
1
389
1
809
1
413
1
274
1
81
1
1721
1
263
2
808
1
477
1
147
1
2530
1
558
1
514
1
89
1
444
1
90
1
1256
1
1630
1
1071
1
559
1
341
1
819
1
166
1
368
1
182
1
2
1
259
1
89
1
353
1
273
1
626
1
1380
1
1950
1
560
1
899
3
891
1
72
1
274
1
204
1
68
1
184
1
1514
1
181
1
627
1
900
1
2202
1
252
1
718
1
649
1
145
1
259
1
194
1
75
1
371
1
167
1
366
1
31
1
869
1
184
1
76
1
1370
1
1151
1
394
1
1
1
945
1
27
1
647
1
65
1
158
1
12
1
91
1
626
1
626
1
715
1
185
1
443
1
901
1
1255
1
907
1
457
1
24
1
328
1
360
1
985
1
91
1
440
1
811
1
1837
1
868
1
817
1
1073
1
361
1
357
1
614
1
196
1
256
1
993
1
275
1
717
1
11
1
968
1
274
1
717
1
91
1
372
1
1075
1
703
1
1173
1
89
1
447
1
91
1
2076
1
11
1
172
1
886
1
444
1
123
1
894
1
1053
1
644
1
257
4
292
1
10
1
412
1
410
1
136
1
169
1
733
1
2265
1
3
1
430
1
375
2
79
1
1700
1
635
1
174
1
166
1
411
1
70
1
739
1
842
1
22
1
79
1
888
1
637
1
22
1
434
1
250
1
124
1
1
1
247
1
1
1
453
1
187
1
885
1
259
2
389
3
807
1
159
1
567
1
13
2
149
1
76
1
168
1
365
1
47
1
226
1
168
1
445
1
22
1
12
1
953
1
667
1
244
1
435
1
126
1
77
1
732
1
78
2
244
1
90
1
472
2
726
1
81
1
246
1
413
2
147
1
661
1
147
1
704
1
445
1
304
1
80
1
172
2
635
1
786
1
22
1
4
1
503
1
300
1
422
1
386
1
1495
1
180
1
2349
1
259
1
295
1
90
1
125
1
231
1
347
1
223
1
4
1
298
1
102
1
270
1
136
1
2
1
57
1
523
1
90
1
137
1
34
1
105
1
169
1
640
1
154
1
991
1
330
1
1
1
57
1
160
1
167
1
397
1
24
1
569
1
555
1
90
1
90
1
165
1
14
1
92
1
265
2
435
1
106
1
841
1
143
1
1476
1
144
1
154
1
510
1
60
1
600
1
936
1
70
1
965
1
206
2
269
1
125
1
807
1
2
1
399
1
89
1
305
1
14
1
23
1
115
1
77
1
592
1
33
1
10
1
765
1
1027
1
1376
1
150
1
671
1
329
2
613
1
361
1
307
1
152
1
261
1
89
1
459
1
77
1
167
1
564
1
77
1
576
1
71
1
82
1
336
1
472
1
64
1
453
1
2570
1
5
1
127
1
451
1
634
1
179
1
86
1
94
1
250
1
744
1
888
1
439
1
94
1
274
1
717
1
442
1
536
1
181
1
1138
1
126
1
271
1
409
1
809
1
787
1
26
1
54
1
160
1
887
1
537
1
1097
1
612
1
1560
1
610
1
450
1
455
1
356
1
164
1
335
1
655
1
150
1
57
1
511
1
92
1
134
1
324
1
569
1
145
1
1161
1
231
1
159
1
51
1
116
1
480
1
63
1
174
1
255
1
367
1
79
1
259
1
719
1
468
1
44
1
2
1
1024
1
352
1
239
1
70
2
65
1
172
1
259
1
716
1
332
1
568
1
172
1
217
1
75
1
91
1
465
1
253
1
437
1
1260
1
501
2
54
1
57
1
10
1
638
1
90
1
91
1
172
1
75
1
90
1
402
1
239
1
464
1
10
1
24
1
68
1
146
1
353
1
1035
1
162
1
261
1
330
1
462
1
447
1
196
1
243
1
900
1
1123
1
145
1
78
1
273
1
242
1
122
1
351
1
334
1
306
1
262
1
1288
1
165
1
270
1
115
1
162
1
67
1
193
1
182
1
227
1
55
1
47
1
372
1
617
1
488
1
163
1
66
1
451
1
291
1
156
1
1081
1
538
1
522
1
36
1
431
1
331
1
7
1
229
1
54
1
593
1
407
1
14
2
88
2
88
2
193
1
162
1
347
1
369
1
157
1
102
1
435
1
113
1
170
1
90
1
363
1
341
1
509
1
72
1
45
1
271
1
366
1
182
1
91
1
258
1
471
1
675
1
72
1
124
1
615
1
67
1
35
1
297
1
73
1
105
1
88
1
253
1
439
1
1192
1
66
1
103
1
360
1
924
1
778
1
923
1
806
1
22
1
419
1
65
1
113
1
451
1
360
1
525
1
89
1
167
1
449
1
534
1
3
1
376
1
74
1
193
1
160
1
104
1
705
1
34
1
160
1
978
1
561
1
338
1
546
1
192
1
155
1
209
1
809
1
41
1
870
1
69
1
157
1
193
1
629
1
568
1
867
1
183
1
166
1
642
1
568
1
240
1
76
1
271
1
297
1
984
1
1696
1
395
1
70
1
970
1
589
1
11
1
938
1
717
1
35
1
69
1
506
1
158
2
205
1
438
1
269
1
702
1
144
1
502
1
221
1
148
1
274
1
89
1
88
1
1005
1
707
1
20
1
333
1
510
1
71
1
226
1
167
1
389
1
344
1
361
1
699
1
163
1
1
1
784
1
22
1
2
1
139
1
503
1
539
1
433
1
57
1
148
1
1448
1
846
1
68
1
80
1
426
1
161
1
139
1
416
1
483
1
141
1
113
1
65
1
393
1
55
1
10
1
270
1
472
1
670
2
139
1
246
1
421
1
141
1
154
1
258
1
357
1
36
1
79
1
170
1
418
1
843
1
10
1
174
1
660
1
148
1
804
1
14
1
165
1
720
1
718
1
94
1
332
1
460
1
168
1
16
1
466
1
249
1
422
1
21
1
114
1
672
1
123
1
93
1
171
1
256
1
275
1
276
1
257
1
217
1
81
1
509
1
161
1
77
1
304
1
25
1
165
1
237
1
883
1
125
1
102
1
513
1
464
1
538
1
271
1
720
1
76
1
642
1
91
1
427
1
4
1
285
1
166
1
180
1
981
1
66
1
2
1
225
1
67
1
10
1
479
1
24
1
55
1
11
1
739
1
1
1
410
2
443
1
11
1
326
1
318
1
322
1
348
1
304
1
156
1
90
1
270
1
163
1
284
1
182
1
385
1
776
1
10
1
105
1
65
1
168
1
512
1
203
1
34
1
54
1
202
1
310
1
1
1
71
1
154
1
180
1
400
1
137
1
168
1
104
2
88
1
1606
1
195
1
52
1
214
1
75
1
90
1
434
1
361
1
1268
1
21
1
93
1
506
1
156
1
70
1
12
1
240
1
166
1
553
2
165
1
813
1
178
1
234
1
49
1
498
1
101
1
630
1
89
1
89
1
278
1
261
1
166
1
393
1
54
1
11
1
14
1
601
1
207
1
76
1
568
1
69
1
635
1
149
1
43
1
1781
1
360
1
795
1
159
1
60
1
962
1
634
1
525
1
306
1
12
1
124
1
349
1
250
1
15
1
67
1
33
1
23
1
80
1
595
1
208
1
247
1
1014
1
957
1
118
1
260
1
167
1
369
1
23
1
157
1
90
1
375
1
890
1
262
1
91
1
91
1
409
1
809
1
671
1
66
1
55
1
148
1
247
1
449
1
659
1
851
1
59
1
81
1
248
1
167
1
380
1
261
1
90
1
327
1
117
1
90
1
274
1
90
1
376
1
80
1
169
1
75
1
563
1
77
1
498
1
94
1
671
1
339
1
10
1
168
1
353
1
223
1
347
1
183
1
53
1
63
1
144
1
637
1
832
1
35
1
465
1
249
1
208
1
77
1
91
1
374
1
251
1
614
1
378
1
488
1
228
1
91
1
429
1
57
1
750
1
1
1
60
1
158
1
532
1
116
1
748
1
13
1
47
1
144
1
94
1
242
1
278
1
547
1
248
1
12
1
457
1
302
1
321
1
627
1
90
1
12
1
534
1
20
1
103
1
320
1
166
1
1107
1
22
1
2
1
223
1
284
1
226
1
879
1
126
1
282
1
399
1
397
1
342
1
1620
1
466
1
562
1
170
1
506
1
47
1
21
1
57
1
180
1
11
1
66
1
399
1
24
1
149
2
1134
1
12
1
224
1
82
1
71
1
158
1
91
1
154
1
278
1
286
1
153
1
350
1
942
1
80
1
887
1
508
1
142
1
815
1
227
1
511
1
11
1
1
1
713
1
95
1
34
1
708
1
180
1
194
1
454
1
32
1
73
1
663
1
72
1
35
1
530
1
448
1
193
1
180
1
195
1
10
1
604
1
144
1
83
1
475
1
341
1
410
1
64
1
26
1
62
1
243
1
868
1
158
1
486
1
415
1
91
1
613
1
270
1
357
1
979
1
663
1
158
1
362
1
1013
1
184
1
43
1
124
1
65
1
89
1
26
1
222
1
870
1
847
1
296
1
90
1
89
1
539
1
242
1
218
1
173
1
13
1
809
1
416
1
308
1
83
1
313
1
423
1
58
1
12
1
67
1
351
1
738
1
63
1
26
1
62
1
476
1
591
1
44
1
55
1
913
1
76
1
15
1
269
1
704
1
298
1
22
1
46
1
902
1
259
1
365
1
353
1
406
1
10
1
59
1
240
1
182
1
90
1
303
1
307
1
217
1
433
1
557
1
139
1
711
1
97
1
46
1
737
1
72
1
143
1
180
1
296
1
1874
1
1071
1
373
1
32
1
57
1
57
1
179
1
127
1
74
1
238
1
209
1
672
1
1
2
122
1
193
1
166
1
13
1
75
1
13
1
1053
1
47
1
402
1
239
1
10
1
70
1
84
1
713
1
331
1
375
1
183
1
67
1
78
1
286
1
246
1
58
1
578
1
664
1
795
1
551
1
168
1
434
1
180
1
103
1
812
1
482
1
22
1
95
1
47
1
1319
1
156
1
471
1
717
1
257
1
169
1
37
1
36
1
144
1
567
1
298
1
10
1
26
1
494
1
221
1
442
1
273
1
13
2
505
1
232
2
123
1
105
1
483
1
401
1
386
1
139
1
47
1
327
1
374
1
436
1
407
1
34
1
90
1
182
1
257
1
637
1
25
1
90
1
171
1
419
1
501
1
161
1
55
1
205
1
91
1
375
1
82
1
170
1
486
2
68
2
158
1
167
1
77
1
12
1
90
1
205
1
10
1
12
1
2
1
42
1
10
1
825
1
327
1
481
1
403
1
251
1
298
1
349
1
237
1
22
2
465
1
24
1
389
3
42
1
10
1
182
1
640
1
337
1
265
1
53
1
72
1
714
1
163
1
324
1
346
1
44
1
12
1
54
1
11
1
92
1
886
1
272
1
145
1
155
1
326
1
182
1
70
1
542
1
717
1
581
1
262
1
257
1
383
1
77
1
348
1
135
1
233
1
351
1
91
1
142
1
941
1
172
1
555
1
161
1
168
1
271
1
242
1
58
1
54
1
90
1
520
1
471
1
90
1
90
1
141
1
162
1
12
1
1013
1
127
1
1279
1
132
1
822
1
91
1
75
1
168
1
138
1
49
1
112
1
417
1
11
1
346
1
45
1
67
1
168
1
77
1
102
1
538
1
466
1
264
1
441
1
465
1
13
1
462
1
39
1
439
1
37
1
291
1
70
1
32
1
231
1
494
1
130
1
442
1
424
1
113
1
525
1
65
1
1106
1
77
1
494
1
418
1
194
1
819
1
123
1
410
1
684
1
35
1
53
1
89
1
112
1
116
1
49
1
296
1
75
1
719
1
90
1
180
1
204
1
256
1
169
1
74
1
423
1
58
1
705
1
820
1
10
1
501
1
194
1
183
1
11
1
613
1
134
1
810
1
151
1
221
1
89
1
279
1
52
1
12
3
229
1
612
1
10
1
57
1
34
1
575
1
235
1
727
1
161
1
522
1
53
1
25
1
701
1
378
1
388
1
330
1
270
1
330
1
14
1
472
1
115
1
275
1
79
1
326
1
279
1
463
1
316
1
198
1
295
1
75
1
334
1
33
1
10
1
94
1
783
1
105
1
505
1
70
1
25
1
112
1
637
1
879
1
1349
1
178
1
137
1
121
1
127
1
231
1
834
1
447
1
1367
1
35
1
33
1
10
1
1332
1
720
1
295
1
161
1
169
1
91
1
91
1
303
1
905
1
79
1
401
1
460
1
26
1
256
1
721
1
292
1
102
1
116
1
34
1
796
1
92
1
591
1
568
1
240
1
57
1
67
1
261
1
375
1
342
1
406
1
173
1
812
1
155
1
349
1
797
1
13
1
366
1
56
1
10
1
102
1
92
1
352
1
272
1
509
1
69
1
69
1
84
1
889
1
349
1
239
1
11
1
191
1
90
1
91
1
354
1
457
1
423
1
164
2
144
1
90
1
90
1
91
1
172
1
284
1
78
1
66
1
432
1
58
1
216
1
35
1
76
1
398
1
24
1
478
1
603
1
117
1
1101
1
309
1
101
1
468
1
104
1
43
1
270
1
195
1
112
1
43
1
366
1
509
1
105
2
224
1
272
1
243
1
385
1
313
1
60
1
80
1
91
1
672
2
137
1
78
1
350
1
173
1
363
1
167
1
391
1
13
1
53
1
78
1
745
1
154
1
168
1
261
1
37
1
45
1
204
1
477
1
59
1
125
1
67
1
156
1
285
1
569
1
154
1
298
1
32
1
58
1
172
1
133
1
100
1
238
1
39
1
64
1
72
1
671
1
66
2
216
1
474
1
20
1
154
1
421
1
293
1
58
1
35
1
810
1
42
1
180
1
180
1
391
1
82
1
335
1
297
1
10
1
150
1
441
1
133
1
252
1
184
1
153
1
332
1
46
1
79
1
181
1
145
1
37
1
317
1
374
1
101
1
216
1
116
2
138
1
64
1
157
1
113
1
720
1
182
1
262
1
103
1
774
1
10
1
1399
1
104
1
284
1
193
1
327
1
12
1
69
1
80
1
246
1
285
1
127
1
69
1
159
1
795
1
91
1
166
1
320
1
375
1
447
1
386
1
90
1
90
1
539
1
382
1
114
1
58
1
12
1
32
1
911
1
498
1
21
1
807
1
49
1
274
1
258
1
720
1
397
1
151
1
170
1
976
1
378
1
12
1
213
1
296
1
540
1
381
1
219
1
35
1
78
1
335
1
959
1
21
1
37
1
186
1
1351
1
90
1
1166
1
74
1
643
1
52
1
22
1
446
1
125
1
329
1
181
1
171
1
67
1
181
1
10
1
488
1
80
1
105
1
32
1
35
1
414
1
395
1
80
1
242
1
486
1
336
1
636
1
283
1
93
1
420
1
23
1
182
1
885
1
463
1
256
1
390
1
237
1
92
1
313
1
10
1
154
1
66
1
66
1
548
1
42
1
24
1
205
1
649
1
82
1
80
1
164
1
77
1
416
1
497
1
238
1
136
1
338
1
208
1
420
1
23
1
54
1
36
1
52
1
495
1
337
1
390
1
146
1
90
1
258
1
313
1
644
1
165
1
133
1
661
1
14
1
66
1
337
1
297
1
175
1
80
1
164
1
77
1
12
1
90
1
537
1
77
1
104
1
90
1
203
1
33
1
125
1
349
1
89
1
618
1
89
1
331
1
335
1
462
1
69
1
535
1
273
1
739
1
95
2
313
1
561
1
615
1
181
1
14
2
77
3
164
1
296
1
331
1
705
1
134
1
46
1
305
3
223
1
468
1
412
1
35
1
44
1
564
1
39
1
367
1
166
1
332
1
32
1
183
1
77
1
92
1
466
1
509
1
459
1
94
1
73
1
90
1
165
1
201
1
442
1
92
1
133
1
246
1
413
1
399
1
182
1
44
1
214
1
310
1
67
1
79
1
135
1
21
1
787
1
432
1
116
1
259
1
10
1
422
1
375
1
422
1
11
1
308
1
167
1
277
1
126
1
878
1
428
1
241
1
57
1
44
1
22
1
92
1
503
1
151
1
10
1
11
1
408
1
307
1
10
1
84
1
239
1
168
2
211
1
70
1
499
1
101
1
241
1
138
1
171
1
499
1
387
1
91
1
551
1
141
1
340
1
10
1
27
1
20
1
46
1
554
1
126
1
173
1
12
1
122
1
282
1
90
1
158
1
70
1
489
1
90
1
134
1
49
1
30
1
31
1
16
1
227
1
451
1
605
1
53
1
149
1
266
1
302
1
331
1
22
1
35
1
90
1
169
1
13
1
383
1
230
1
363
1
91
1
226
1
25
1
127
1
247
1
1218
1
555
1
460
1
258
1
582
1
91
1
167
1
255
1
134
1
80
1
78
1
567
1
857
1
10
1
79
1
169
1
13
1
557
1
56
1
708
1
112
1
14
1
874
1
557
1
855
1
46
1
81
1
79
1
598
1
566
1
219
1
409
1
195
1
262
1
508
1
300
1
35
1
54
1
741
1
56
1
24
1
78
1
155
1
78
1
369
1
191
1
904
2
715
1
348
1
218
1
93
1
149
1
166
1
180
1
115
1
135
1
136
1
183
1
488
1
69
1
159
1
259
1
64
1
268
1
20
1
365
1
142
1
22
1
218
1
149
1
248
1
410
1
58
1
10
1
25
1
67
1
78
1
604
1
375
1
1163
1
622
1
229
1
232
1
347
1
115
1
136
1
135
1
12
1
235
1
424
1
682
1
101
1
37
1
56
1
237
1
167
1
66
1
652
1
387
1
253
1
259
1
306
1
37
1
20
1
10
1
317
1
191
1
380
1
338
1
471
1
247
1
410
1
58
1
68
1
452
1
649
1
345
1
41
1
847
1
42
1
13
1
145
1
91
1
54
1
517
1
405
1
471
1
339
1
273
1
69
1
282
1
786
1
629
1
112
1
168
1
388
1
21
1
82
1
68
1
79
1
534
1
41
1
92
1
727
1
82
1
80
1
430
1
298
1
1766
1
262
1
602
1
10
1
582
1
147
1
662
1
316
1
410
1
23
1
58
1
55
1
12
1
79
1
2
1
346
1
245
1
92
1
36
1
125
1
66
1
261
3
318
1
463
1
229
1
48
1
20
1
116
1
470
1
80
1
93
1
150
1
55
1
158
1
268
1
141
1
10
1
23
1
23
1
46
1
292
1
10
1
12
1
167
1
76
1
60
1
334
1
144
1
268
1
71
1
649
1
87
1
304
1
338
1
92
1
183
1
44
1
12
1
569
1
336
1
35
1
46
1
281
1
89
1
240
1
69
1
668
1
81
1
10
1
26
1
376
1
165
1
136
1
129
1
544
1
184
1
31
1
335
1
381
1
241
1
248
1
15
1
324
1
208
1
182
1
167
1
298
1
10
1
578
1
138
1
150
1
36
1
722
1
20
1
48
1
46
1
304
1
14
1
165
1
175
1
122
1
68
1
339
1
13
1
400
1
146
1
157
1
67
1
820
1
102
1
185
1
366
1
167
1
214
1
161
1
342
1
642
1
888
1
533
1
182
1
349
1
135
1
527
1
281
1
112
1
243
1
247
1
76
1
187
1
454
1
1125
1
38
1
20
1
21
1
69
1
159
1
247
1
12
1
91
1
123
1
91
1
149
1
261
1
93
1
468
1
80
1
169
1
323
1
152
1
240
1
165
1
298
1
21
1
47
1
10
1
147
1
23
1
841
1
171
1
501
1
137
1
77
1
245
1
15
1
309
1
66
1
544
1
59
1
192
1
92
1
77
1
406
1
404
1
464
1
104
1
33
1
113
1
261
1
400
1
68
1
81
1
74
1
77
1
15
1
62
1
355
1
71
1
227
1
717
1
842
1
77
1
77
1
14
1
165
1
229
1
776
1
239
1
23
1
262
1
222
1
38
1
192
1
67
1
349
1
564
1
978
1
92
1
121
1
59
1
20
1
33
1
390
1
477
1
68
1
172
3
402
1
10
1
27
1
53
1
11
1
115
1
11
1
749
1
343
1
271
1
207
1
224
1
168
1
12
1
285
1
433
1
514
1
32
1
13
1
79
1
682
1
439
1
403
1
157
1
182
1
91
1
225
1
387
1
14
3
393
1
94
1
213
1
13
2
404
1
176
1
21
1
281
1
1117
1
1427
1
454
1
94
1
232
1
1450
1
182
1
92
1
121
1
254
1
235
1
378
1
20
1
33
1
35
1
10
1
252
1
405
1
176
1
21
1
783
1
419
1
286
1
356
1
2105
1
70
1
67
1
431
1
536
1
184
2
211
1
172
1
81
1
2
1
666
1
14
1
283
2
64
1
351
1
187
1
100
1
762
1
93
1
169
1
465
1
253
1
431
1
53
1
545
1
417
1
222
1
78
1
730
1
102
1
329
1
695
1
256
1
414
1
252
1
14
1
283
2
384
1
252
1
67
1
361
1
279
1
92
1
91
1
89
1
89
1
89
1
263
1
889
1
363
1
366
1
353
1
363
1
10
1
15
1
496
1
366
1
91
1
743
1
681
1
10
1
116
1
66
1
797
1
364
1
299
1
164
1
94
1
717
1
257
1
180
1
1182
1
516
1
128
1
163
1
645
1
149
1
13
1
729
1
876
1
91
1
1070
1
260
1
31
1
6
1
61
1
915
1
425
1
289
1
95
1
334
1
1086
1
444
1
386
1
1609
1
68
1
195
1
77
1
718
1
907
1
642
2
167
1
719
1
979
1
273
1
129
1
64
1
67
1
1176
1
534
1
13
1
809
1
887
1
1092
1
365
1
170
1
477
2
239
1
349
1
461
1
261
1
304
1
149
1
262
1
363
1
353
1
489
1
69
1
172
1
555
1
239
1
13
1
637
1
171
1
531
1
114
1
431
1
88
1
88
1
118
1
333
1
640
1
426
2
88
1
131
1
238
1
810
1
169
1
465
1
158
1
184
1
373
1
22
1
242
1
886
1
467
1
433
1
396
1
328
1
95
1
175
2
88
1
117
1
81
1
78
1
648
1
3
1
161
1
600
1
20
1
27
1
405
1
813
1
394
1
84
1
234
1
478
1
95
1
771
1
37
1
52
1
274
1
481
1
65
1
645
1
14
1
81
1
244
1
94
1
465
1
2
1
505
1
224
1
78
1
416
1
2
1
305
1
82
2
157
1
173
1
478
1
157
1
169
1
353
1
127
1
329
2
478
1
80
1
611
1
10
1
186
1
246
1
387
1
174
1
63
1
13
1
168
1
821
1
253
1
177
1
38
1
247
1
556
1
3
1
63
1
354
1
88
1
457
1
174
1
479
1
77
3
248
1
477
1
81
1
63
1
90
1
95
1
477
1
80
1
1056
1
482
1
872
1
103
1
2
1
345
1
89
1
106
1
17
1
850
1
192
1
78
1
362
1
208
1
67
1
638
1
437
1
475
1
890
1
247
1
468
1
696
1
10
1
34
1
966
1
78
1
102
1
180
1
367
1
79
1
184
1
164
1
309
2
243
1
346
1
217
1
2
1
305
1
103
1
180
1
172
1
20
1
21
1
152
1
645
1
821
1
323
1
76
1
397
1
47
1
545
1
719
1
90
1
299
1
152
1
465
1
82
1
107
1
334
1
399
1
411
1
400
1
55
1
11
1
342
1
523
1
195
1
485
1
59
1
11
1
878
1
532
1
125
1
684
1
719
1
299
1
152
1
569
1
86
1
322
1
481
1
433
1
308
1
2199
1
719
1
1164
1
546
1
452
1
11
1
94
1
73
1
401
1
589
1
369
1
78
1
1394
1
42
1
22
1
695
1
1085
1
555
1
174
1
78
1
796
1
364
1
452
1
576
1
415
1
90
3
87
1
1
2
85
1
127
1
323
1
453
1
20
1
10
1
4
1
65
1
81
1
172
1
521
1
21
1
93
1
429
1
204
1
514
1
901
1
809
1
809
1
201
1
17
1
5
1
226
1
180
1
447
1
350
1
12
1
887
1
319
1
490
1
904
1
295
1
160
1
260
1
469
1
875
1
90
1
501
1
582
1
1033
1
415
1
452
1
91
1
658
1
5
1
669
1
204
1
1232
1
387
1
421
1
273
1
367
1
486
1
125
1
456
1
180
1
205
4
793
1
95
1
242
1
12
2
89
1
216
1
69
1
68
1
182
1
257
1
218
1
336
1
714
1
797
1
580
1
410
1
91
1
388
1
420
1
319
1
1139
3
452
1
26
1
237
1
260
1
179
1
131
1
41
1
272
1
477
1
69
1
79
1
183
1
637
1
174
1
164
1
319
1
324
1
554
1
253
1
166
1
536
1
548
1
32
1
11
1
68
1
67
1
169
1
831
1
347
1
86
1
20
1
522
1
3
1
454
1
248
1
270
1
187
1
441
1
628
1
272
1
718
1
469
1
605
1
123
1
14
1
726
1
82
1
144
1
354
1
236
1
71
1
233
1
372
1
95
1
106
1
80
1
347
1
64
1
208
1
106
1
806
1
3
1
235
1
455
1
30
1
595
1
224
1
209
1
743
1
740
1
879
1
247
1
271
1
826
1
123
1
158
1
167
1
272
1
284
1
3
1
235
1
509
2
63
1
132
1
558
1
53
2
208
1
182
1
404
1
12
1
810
1
59
1
317
1
1081
1
461
1
461
1
101
1
4
1
730
1
78
1
76
1
157
1
13
1
496
2
479
1
328
1
1
1
62
1
132
1
194
1
363
1
113
1
149
1
258
1
194
1
133
1
11
1
106
1
23
1
679
1
209
1
77
1
524
1
647
1
161
1
58
1
498
1
294
1
352
1
553
1
169
1
451
1
36
1
5
1
570
1
233
1
4
1
48
1
148
1
103
1
485
1
310
1
521
1
26
1
21
1
696
1
64
1
810
1
47
1
601
1
104
1
91
1
171
1
91
1
76
1
413
1
62
1
16
1
131
1
295
1
89
1
88
1
904
1
42
1
1
1
221
1
585
1
2
1
298
1
362
1
148
1
12
1
113
1
683
1
205
1
349
1
310
1
408
1
446
1
544
1
355
1
1283
3
433
1
719
1
451
1
543
1
361
1
41
1
313
1
1295
1
37
1
32
1
787
1
33
1
240
1
258
1
90
1
1025
1
137
1
569
1
853
1
142
2
77
1
167
1
91
3
86
3
213
1
25
1
33
1
186
1
169
1
419
1
806
1
58
1
136
1
11
1
259
1
318
1
23
1
797
1
12
1
45
1
68
1
11
1
13
1
601
1
67
1
22
1
196
1
169
1
340
1
67
1
315
1
181
1
1
1
178
2
92
1
357
1
496
1
219
1
261
2
86
2
90
1
149
1
55
1
57
1
26
1
702
1
718
1
197
1
79
1
153
1
491
1
408
1
182
1
300
1
65
1
1900
1
93
1
89
1
112
1
16
1
317
1
717
1
246
1
104
1
89
1
150
1
138
1
726
1
46
1
361
1
180
1
948
1
24
1
44
1
604
1
160
1
55
1
68
1
430
1
92
1
113
1
841
1
476
1
89
1
89
1
23
1
95
1
521
1
991
1
175
1
621
1
150
1
13
2
387
1
421
1
136
1
79
1
77
1
94
1
255
1
126
1
10
1
25
1
649
1
203
1
344
1
259
1
135
1
162
1
79
1
77
1
506
1
12
1
138
1
4
1
232
1
433
1
139
2
731
1
64
1
79
1
182
1
64
1
25
1
89
1
202
1
31
1
60
1
138
1
451
1
162
1
56
1
71
1
80
1
657
1
46
1
182
1
90
1
415
1
11
1
16
1
32
1
11
1
306
1
397
1
105
1
57
1
691
1
36
1
252
1
655
1
4
1
221
1
36
2
371
1
49
1
41
1
83
1
796
1
263
1
180
1
88
1
144
1
4
1
207
1
65
1
11
1
476
1
49
1
125
1
54
1
373
1
89
1
157
1
108
1
24
1
415
1
277
1
182
1
1387
1
33
1
106
1
693
1
70
1
74
1
79
1
67
1
258
1
22
1
66
1
171
1
59
1
5
1
159
1
622
1
264
1
334
1
159
1
10
1
998
1
193
1
269
1
94
1
40
1
21
1
291
1
181
1
469
1
738
1
34
1
286
1
165
1
551
1
167
1
305
1
42
1
1
1
115
1
21
1
172
1
499
1
139
1
80
1
347
1
225
1
10
1
304
1
462
1
91
1
10
1
217
1
192
1
285
1
172
1
93
1
244
1
287
1
626
1
75
1
170
1
277
1
180
1
351
1
15
1
32
1
685
1
63
1
11
1
94
1
711
1
58
1
707
1
37
1
147
1
157
1
167
1
13
1
178
1
104
1
46
1
810
1
272
1
102
1
179
1
248
1
290
1
181
1
343
1
42
1
163
1
657
1
321
1
558
1
80
1
64
1
12
1
91
1
405
1
37
1
10
1
10
1
80
1
429
1
387
1
417
1
300
1
354
1
75
1
89
1
14
1
88
1
903
1
251
1
181
1
269
1
186
1
32
1
70
1
416
1
103
1
631
1
313
1
833
1
3
1
1559
1
47
1
5
1
545
1
209
1
52
1
96
1
127
1
75
1
91
1
75
1
89
1
197
1
52
1
59
1
727
1
832
1
59
1
412
1
90
1
246
1
380
1
476
1
240
1
258
1
217
1
103
1
578
1
368
1
182
1
404
1
10
1
13
1
34
1
508
1
821
1
89
1
107
1
30
1
832
1
47
1
161
1
659
1
228
1
731
1
246
1
1962
1
298
1
520
2
56
1
306
1
89
1
22
1
333
1
182
1
296
1
164
1
107
1
57
1
751
1
357
1
74
1
90
1
180
1
104
1
433
1
92
1
396
1
856
1
22
1
683
1
544
1
228
1
69
1
22
1
306
1
478
1
103
1
427
1
186
1
55
2
33
1
238
1
204
1
92
1
1047
1
13
1
634
4
171
1
455
1
165
1
117
1
433
1
433
1
91
1
704
1
126
1
170
1
569
1
499
1
90
1
387
1
248
1
204
1
290
1
248
1
1
1
486
1
138
1
78
1
168
1
825
1
89
1
378
2
159
1
345
1
218
1
591
1
156
1
563
1
253
1
125
1
431
1
251
1
43
1
23
1
45
1
262
1
735
1
146
1
10
1
78
1
125
1
219
1
70
1
738
1
13
1
293
1
501
1
218
1
182
1
88
1
379
1
693
1
788
1
31
1
1153
1
90
1
468
1
158
1
515
1
232
1
135
1
124
1
386
1
13
1
13
1
54
1
1
1
235
1
502
1
138
1
246
1
89
1
227
1
20
1
84
1
58
1
811
1
653
1
39
1
116
1
671
1
31
1
251
1
486
1
31
1
563
1
89
1
113
1
932
1
566
1
159
1
49
1
32
1
1
1
114
1
10
1
598
1
83
2
295
1
102
1
76
1
89
1
463
1
360
1
289
1
664
1
549
1
267
1
374
1
434
1
646
1
113
1
42
1
472
1
90
1
292
1
33
1
228
1
336
1
128
1
114
1
694
1
681
1
12
1
290
1
494
1
26
1
132
1
155
1
1475
1
562
1
285
1
148
1
180
1
284
1
113
1
31
1
16
1
65
1
888
1
2
1
78
1
168
1
53
1
127
1
181
1
342
1
180
1
89
1
195
1
809
1
185
1
326
1
167
1
315
1
326
1
89
1
320
1
71
1
54
1
272
1
481
1
314
1
562
1
169
1
181
1
365
1
23
1
405
1
413
1
65
1
14
1
521
1
122
1
127
1
101
1
902
1
454
1
32
1
71
1
326
1
167
1
11
1
303
1
160
1
62
1
102
1
1095
1
525
1
180
1
810
1
91
1
64
1
806
1
59
1
80
1
46
1
32
1
236
1
202
1
1182
1
77
1
91
1
91
1
962
1
243
1
398
1
327
1
48
1
600
1
448
1
194
1
181
1
122
1
21
1
468
1
105
1
74
1
230
1
503
1
479
1
142
1
24
1
256
1
464
1
565
1
413
1
399
1
66
1
159
1
335
1
460
1
362
1
158
1
70
1
70
1
328
1
166
1
300
1
12
1
329
1
91
1
293
1
1548
1
423
1
182
1
171
1
126
1
43
1
452
1
312
1
225
1
183
1
384
1
14
1
54
1
57
1
35
1
77
1
93
1
371
1
267
1
726
1
146
1
90
1
183
1
262
1
54
1
24
1
112
1
637
1
21
1
244
1
612
1
196
1
153
1
443
1
306
1
406
1
81
1
11
1
1
1
34
1
36
1
53
1
104
2
481
1
29
1
862
1
59
1
11
1
56
1
11
1
78
1
168
1
421
1
73
1
237
1
91
1
362
1
43
1
568
1
125
1
503
1
337
1
72
1
71
1
327
1
180
1
538
1
90
1
415
1
11
1
1
1
273
1
45
1
43
1
89
1
89
1
10
1
252
1
73
1
417
1
90
1
193
1
33
1
127
1
12
1
156
1
436
1
51
1
10
1
12
1
35
1
261
1
77
1
168
1
326
1
494
1
157
1
768
1
102
1
82
1
134
1
26
1
165
1
285
1
524
1
376
1
80
1
67
1
193
1
414
1
104
2
93
1
42
1
46
1
89
1
47
1
75
1
482
1
509
1
227
1
1
1
2
1
20
1
116
1
561
1
105
2
58
1
315
1
421
1
73
1
54
1
363
1
202
1
400
1
11
1
489
1
217
1
11
1
14
1
482
1
164
1
315
1
12
1
326
1
10
1
187
1
23
1
156
1
270
1
266
1
64
1
204
1
304
1
229
2
217
1
181
1
180
1
228
1
115
1
822
1
657
1
139
1
91
1
91
1
90
1
62
1
486
1
154
1
2017
1
594
1
410
1
213
1
22
1
66
1
318
1
173
1
342
1
142
1
149
1
151
1
68
1
692
1
73
1
236
1
269
1
114
1
242
1
184
1
402
1
391
1
478
1
58
1
116
1
531
1
357
1
472
1
256
1
79
1
257
1
326
1
411
1
65
1
888
1
139
1
186
1
43
1
22
1
78
1
476
1
411
1
103
1
89
1
460
1
727
1
750
1
141
1
413
1
170
1
210
1
566
1
594
1
343
1
485
1
224
1
153
1
159
1
324
1
301
1
25
1
65
1
78
1
888
1
194
1
318
1
476
1
332
1
126
1
440
1
115
1
172
1
11
1
509
1
706
1
103
1
446
1
90
1
181
1
364
1
32
1
35
1
460
1
108
1
137
1
681
1
124
1
1
1
487
1
89
1
230
2
44
1
445
1
89
1
143
1
84
1
12
1
43
1
971
1
257
1
248
1
209
1
93
1
63
1
193
1
285
1
91
1
11
1
668
1
117
1
1447
1
134
2
150
1
532
1
229
1
610
1
28
1
100
1
1549
1
35
1
44
1
697
1
206
1
246
1
1208
1
243
1
815
1
247
1
89
1
313
1
80
1
133
1
399
1
262
1
56
1
294
1
236
1
469
1
1348
1
23
1
429
1
241
1
138
1
78
1
351
1
112
1
43
1
82
1
218
1
590
1
762
1
51
1
242
1
315
1
198
1
136
1
239
2
166
1
295
1
176
1
79
1
52
1
594
1
407
1
307
1
22
1
47
1
656
1
497
1
534
1
259
1
180
1
146
1
28
1
889
1
113
1
13
1
52
1
25
1
759
2
313
1
308
1
208
1
137
1
484
1
186
1
215
1
76
1
236
1
222
1
91
1
77
1
270
1
266
1
33
1
56
1
11
1
78
1
90
1
499
1
11
1
285
1
447
1
76
1
59
1
315
1
410
1
47
1
22
1
81
1
740
1
134
1
271
1
264
1
155
1
103
1
57
1
31
1
44
1
91
1
64
1
237
1
19
1
201
1
57
1
44
1
66
1
78
1
338
1
495
1
91
1
315
1
196
1
569
1
80
1
442
1
254
1
375
1
181
1
272
1
419
1
11
1
296
1
161
1
34
1
406
1
77
1
230
1
163
1
65
1
13
1
595
1
276
1
137
1
362
1
185
1
337
1
390
1
496
1
166
1
51
1
164
1
592
1
111
1
442
1
89
1
164
1
41
1
33
1
3
1
55
1
421
1
457
1
234
1
11
1
296
1
136
1
466
1
226
1
92
1
70
1
11
1
44
1
11
1
66
1
270
1
237
1
119
1
121
1
147
1
539
1
226
1
650
1
122
1
1348
1
111
1
697
1
79
1
567
1
132
1
481
1
296
1
124
1
47
1
172
1
64
1
192
1
297
1
851
1
5
1
41
1
182
1
44
1
21
1
101
1
415
1
792
1
16
1
864
1
82
1
78
1
512
1
30
1
32
1
36
1
90
1
259
1
437
1
100
1
439
1
1063
1
220
1
76
1
180
1
342
1
24
1
1158
1
203
1
185
1
20
1
10
1
218
1
247
1
355
3
137
1
593
1
76
2
1572
1
48
1
124
1
78
1
77
1
15
1
242
1
230
1
34
1
207
1
589
1
11
1
128
1
889
1
586
1
12
3
149
1
31
1
89
1
100
1
339
1
188
1
305
1
90
1
75
1
382
1
728
1
419
1
537
1
91
1
91
1
90
1
89
1
239
1
113
1
428
1
219
1
21
1
58
1
697
1
123
1
668
1
302
1
167
1
502
1
80
1
312
1
299
1
228
1
292
1
104
1
539
1
591
1
371
1
103
1
227
1
403
1
477
1
753
1
100
1
102
1
603
1
937
1
156
1
181
1
76
1
13
1
103
1
191
1
275
1
533
1
809
1
809
1
95
1
77
1
554
1
128
1
297
1
351
1
935
1
726
1
696
1
31
1
664
1
262
1
51
1
10
1
106
1
53
1
158
1
397
1
333
1
66
1
192
1
504
1
124
1
354
1
52
1
128
1
648
1
308
1
10
1
745
1
260
1
232
1
130
1
596
1
1545
1
341
1
240
1
64
1
104
1
581
1
32
1
78
1
78
1
319
1
104
1
56
1
11
1
225
1
586
1
79
1
76
1
785
1
1069
1
26
1
629
1
406
1
11
1
46
1
1787
1
22
1
34
1
89
1
32
1
56
1
47
1
282
1
103
1
162
1
64
1
537
1
32
1
12
1
499
1
162
1
30
1
103
1
239
1
91
1
342
1
123
1
160
1
258
1
720
1
492
1
319
1
291
1
427
1
496
1
297
1
589
1
434
1
387
1
34
1
204
1
133
1
320
1
160
1
237
1
846
1
75
1
308
1
10
1
70
1
160
1
474
1
114
1
184
1
10
1
102
1
499
1
105
1
205
1
91
1
152
1
138
1
102
1
22
1
71
1
56
1
172
1
164
1
629
1
406
1
80
1
196
1
78
1
565
1
963
1
156
1
66
1
23
1
54
1
353
1
478
1
606
1
440
1
93
1
195
1
26
1
75
1
90
1
375
1
69
1
274
1
383
1
580
1
11
1
414
1
601
1
216
1
102
1
226
1
154
1
11
1
105
1
251
1
57
1
44
1
349
1
276
1
105
1
121
1
89
1
89
1
239
1
333
1
55
1
35
1
383
1
186
1
225
1
180
1
526
1
284
1
89
1
298
1
68
1
171
1
383
1
20
1
914
1
71
1
136
1
155
1
192
1
435
1
623
1
70
1
56
1
57
1
370
1
300
1
137
1
47
1
258
1
52
1
252
1
196
1
33
1
92
1
497
1
184
1
35
1
76
1
446
1
207
1
323
1
14
1
89
1
297
1
241
1
74
1
307
1
20
1
140
1
35
1
213
1
447
1
204
1
678
1
413
1
261
1
59
1
201
1
57
1
100
1
78
1
319
1
309
1
292
1
14
1
222
1
81
1
11
1
71
1
112
1
33
1
93
1
431
1
137
1
147
1
76
1
90
1
515
1
296
1
352
1
366
2
507
1
115
1
659
1
410
1
337
1
322
1
78
1
104
1
466
1
204
1
409
1
195
1
55
1
648
1
33
1
184
1
612
1
152
1
79
1
349
1
285
1
11
1
35
1
297
1
719
1
413
1
880
1
58
1
841
1
856
1
34
1
213
1
410
1
69
1
238
1
10
1
458
1
137
1
621
1
114
1
126
1
57
1
203
1
182
1
122
1
102
1
106
1
715
1
45
1
252
4
402
1
92
1
218
1
627
1
182
1
555
1
294
1
251
1
262
1
122
1
80
1
115
1
136
1
443
1
444
1
294
1
104
1
227
1
168
1
401
1
317
1
457
1
352
1
244
1
81
1
221
1
157
1
538
1
192
1
91
1
444
1
90
1
798
1
73
1
665
1
202
1
57
1
21
1
248
1
78
1
198
1
111
1
10
1
318
1
78
1
116
1
171
1
204
1
717
1
728
1
387
1
114
1
91
1
226
1
25
1
270
1
596
1
632
1
10
1
59
1
22
1
218
1
77
1
14
1
153
1
11
1
276
1
236
1
192
1
122
1
56
1
279
1
63
1
12
1
272
1
201
1
322
1
318
1
90
1
90
1
133
1
163
1
68
1
91
1
262
1
443
1
1633
1
603
1
181
1
787
1
10
1
608
1
185
1
240
1
155
1
226
1
255
1
55
1
361
1
245
1
305
1
133
1
100
1
653
1
54
1
10
1
25
1
283
1
116
1
43
1
275
1
394
1
26
1
1184
1
182
1
284
1
68
1
24
1
42
1
684
1
634
1
433
1
13
1
76
1
548
1
12
1
157
1
258
1
775
1
279
1
66
1
317
1
375
1
48
1
67
1
43
1
350
1
810
1
401
1
293
1
24
1
166
1
14
1
172
1
249
1
833
1
93
1
493
1
48
1
43
1
810
1
81
1
581
1
30
1
115
1
304
1
11
1
641
1
77
1
156
1
413
1
82
1
324
1
297
1
512
1
307
1
93
1
150
1
63
1
78
1
24
1
181
1
172
1
249
1
114
1
465
1
80
1
934
1
235
1
640
1
259
1
786
1
23
1
204
1
659
1
263
1
58
1
252
1
64
1
78
1
833
1
401
1
135
1
15
1
62
1
103
1
92
1
89
1
1072
1
21
1
497
1
11
1
116
1
701
1
471
1
546
1
263
1
145
1
318
1
266
1
302
1
353
1
312
1
403
1
312
1
578
1
47
1
353
1
166
1
252
1
94
1
46
1
324
1
414
1
70
1
402
1
11
1
157
1
570
1
101
1
136
1
469
1
368
1
294
1
134
1
89
1
35
1
90
1
112
1
347
1
131
1
36
1
406
1
70
1
294
1
350
1
232
1
431
1
183
1
170
1
158
1
114
2
395
1
117
1
203
1
2
2
163
1
238
1
38
1
272
1
349
1
413
1
78
1
169
1
364
1
182
1
171
1
54
1
583
1
214
1
329
1
183
1
82
1
80
1
75
1
93
1
351
1
69
1
281
1
992
1
92
1
376
1
44
1
100
1
559
1
106
1
158
1
164
1
249
1
469
1
168
1
87
1
518
1
144
1
12
1
132
1
130
1
40
1
173
1
160
1
235
1
66
1
130
1
30
1
647
1
312
1
430
1
323
1
112
1
113
1
525
1
180
1
104
1
76
1
91
1
235
1
82
1
137
1
91
1
156
1
506
1
67
1
250
1
74
1
390
1
174
1
582
1
161
1
23
1
92
1
31
1
900
1
180
1
321
1
56
1
79
1
261
1
92
1
251
1
361
1
447
1
283
1
395
1
322
1
13
1
339
1
143
1
38
1
125
1
317
1
167
1
324
1
148
1
603
1
530
1
11
1
237
1
80
1
102
1
136
1
22
1
34
1
179
1
32
1
176
1
180
1
45
1
613
1
69
1
408
1
434
1
161
1
65
1
12
1
1516
1
13
1
522
1
20
1
514
1
549
1
577
1
11
1
206
1
506
1
265
1
135
1
285
1
213
1
150
1
183
1
212
1
209
1
543
1
90
1
216
1
161
1
12
1
54
1
103
1
383
1
185
1
486
1
346
1
126
1
336
1
310
1
82
1
65
1
605
1
124
1
342
1
467
1
54
1
11
1
66
1
24
1
166
1
277
1
79
1
315
1
615
1
102
1
78
1
183
1
363
1
35
1
147
1
325
1
459
1
25
1
155
1
955
1
10
1
404
1
80
1
77
1
167
1
389
1
68
1
648
1
423
1
304
1
310
1
78
1
409
1
330
1
371
1
288
1
35
1
409
1
191
1
112
1
568
1
405
1
53
1
11
1
169
1
90
1
400
1
23
1
44
1
79
1
262
1
62
1
404
1
393
1
346
1
305
1
90
1
90
1
145
1
38
1
274
1
77
1
156
1
27
1
211
1
389
1
500
1
20
1
69
1
750
1
81
1
160
1
717
1
56
1
282
1
628
1
90
1
182
1
614
1
168
1
1216
1
416
1
145
1
163
1
45
1
338
1
342
1
286
1
500
1
31
1
69
1
159
1
104
1
76
1
414
1
563
1
379
1
67
1
25
1
77
1
569
1
124
1
10
1
90
1
247
1
654
1
614
1
1319
1
108
1
42
1
11
1
12
1
43
1
248
1
12
1
3
1
61
1
342
1
196
1
89
1
469
1
30
1
48
1
224
1
78
1
902
1
560
1
633
1
218
1
101
1
78
1
78
1
330
1
229
1
184
1
476
1
136
1
106
1
164
1
469
1
432
2
252
1
123
1
83
1
152
1
399
1
21
1
58
1
137
1
117
1
381
1
30
1
91
1
149
1
184
1
76
1
156
1
229
1
10
1
81
1
56
1
103
1
170
1
76
1
66
1
251
1
138
1
25
1
223
1
102
1
317
1
82
1
55
1
11
1
56
1
285
1
52
1
22
1
239
1
151
1
79
1
888
1
955
1
23
1
3
1
341
1
54
1
305
1
14
1
406
1
106
1
44
1
493
