0
255159
1
7289
1
66418
1
810
1
14578
1
810
1
7288
1
4859
1
2429
1
19440
1
14578
1
1620
1
14578
1
810
1
14578
1
7289
1
810
1
48598
1
8910
1
12958
1
35640
1
8099
1
13768
1
1620
1
5668
1
1620
1
5668
1
58320
1
14579
1
208166
1
809
1
5668
2
808
1
1
1
808
2
5669
1
807
1
2
1
807
1
1
1
12956
1
810
1
5667
2
807
1
809
1
3
1
2429
1
3238
1
810
1
1615
1
4
1
809
1
805
1
2430
2
806
1
814
1
1614
1
1620
1
813
1
4050
1
803
1
5
1
809
1
2425
1
3
1
809
1
809
1
4049
1
807
1
5666
1
8101
1
809
1
4046
1
1621
1
811
1
805
3
1622
1
809
1
1613
1
816
1
2424
1
8907
1
7289
1
3239
1
4049
1
10529
1
8910
1
2428
1
5671
1
5668
1
810
1
3330
1
1526
1
16199
1
1619
1
7289
1
16
1
888
1
8099
1
5667
1
732
1
76
1
809
1
7212
1
75
1
809
3
5590
1
76
1
731
1
808
1
2
1
74
1
3
1
727
3
76
2
2335
1
1713
1
715
1
92
1
1622
1
730
1
74
1
2
1
729
1
3318
1
808
1
730
1
808
1
77
1
731
1
81
1
729
1
3319
1
5574
1
3336
1
6476
1
810
1
4048
1
809
2
806
1
810
1
809
1
715
1
93
1
809
3
807
2
808
2
808
1
1
1
714
1
1635
1
75
1
734
1
1698
1
712
1
1715
1
807
1
902
1
2258
3
74
1
731
2
80
1
726
1
1
1
79
1
728
1
890
1
807
1
1541
1
171
1
621
1
1637
1
74
1
4
1
728
1
78
1
727
1
79
2
729
2
77
2
809
2
714
1
996
1
713
1
809
1
815
1
804
1
2
1
727
1
2
1
76
2
729
2
794
1
824
1
76
1
93
1
637
1
808
1
808
1
809
1
84
1
807
1
727
1
2
1
808
1
1619
1
808
1
1617
1
894
1
807
1
728
1
1
1
2507
1
6481
1
730
1
75
1
2433
1
4046
1
807
1
734
1
75
1
1620
1
714
1
94
4
806
2
809
1
807
1
809
1
732
1
74
1
810
1
3146
1
96
1
809
1
1620
1
1613
1
717
1
827
1
74
1
809
1
731
1
77
1
732
1
76
1
3
1
728
1
808
1
1
1
978
1
639
1
885
1
732
1
808
1
2
1
1695
1
730
1
2
1
75
1
3
1
3157
1
808
1
77
1
1540
1
889
1
809
1
1711
1
639
1
170
1
637
1
2512
1
725
1
79
1
2521
1
810
1
2255
1
894
1
725
1
79
1
2
1
807
1
1
1
809
1
898
1
716
1
93
1
636
1
808
1
78
1
809
1
730
1
84
1
725
1
79
1
1
1
728
1
812
1
793
1
1619
1
4049
1
905
1
806
2
810
1
1620
1
3143
1
903
1
1542
1
886
1
1620
1
809
3
806
1
1
1
1539
1
884
1
2337
1
93
1
715
1
93
1
1623
1
726
2
2505
1
717
1
16
1
809
1
75
1
809
1
731
2
76
1
809
1
4
1
728
1
810
1
1617
1
809
1
1621
1
805
1
2
1
809
1
75
1
4
1
804
1
4
1
712
1
16
1
975
1
1450
1
1696
1
735
1
1694
1
809
1
4
1
989
1
546
1
169
1
3146
1
1620
1
2521
1
1525
1
809
1
730
1
894
1
712
1
12
1
79
1
3
1
1537
1
168
1
639
1
170
1
811
1
2333
1
6
1
723
1
810
1
79
1
813
1
4763
1
809
1
2524
1
714
1
809
1
906
1
4048
1
805
1
1622
1
1620
1
2428
1
1
1
728
2
76
1
732
1
73
1
810
1
810
1
810
1
809
1
809
1
1525
1
14
1
811
1
1693
1
95
1
639
1
791
1
2444
1
2600
1
640
1
169
1
639
1
74
1
734
1
885
1
731
1
1
1
806
1
809
1
1621
1
166
1
626
1
15
1
169
1
639
1
170
1
638
1
75
1
95
1
636
1
808
1
3
1
74
1
716
1
92
1
809
1
717
1
991
1
94
1
716
1
639
1
1696
1
730
1
809
1
79
1
809
1
4
1
1704
1
641
1
808
1
1617
1
809
1
895
1
711
1
12
1
889
1
1526
1
184
1
92
1
544
1
77
1
906
1
632
1
889
1
2431
1
1624
1
5573
1
808
1
95
1
3953
1
2430
1
900
1
813
1
5574
1
94
1
804
1
810
1
812
1
810
1
809
1
809
2
808
2
807
1
715
1
13
1
1
1
76
1
1616
1
810
1
810
1
810
1
809
1
809
1
715
1
15
1
2430
1
169
1
621
1
91
1
717
1
92
1
716
1
93
1
809
1
730
1
1
1
76
1
733
1
75
1
809
1
732
1
73
1
91
1
813
1
1450
1
1616
3
76
1
809
1
729
1
1605
1
826
1
73
1
94
1
640
1
169
1
639
1
74
1
95
1
637
2
75
1
730
1
3
1
75
1
715
1
93
1
2351
1
74
1
734
1
74
1
93
1
640
1
807
3
806
2
77
1
730
1
79
2
728
1
79
1
2352
1
166
1
94
1
547
1
168
1
637
3
75
1
95
1
713
1
96
1
2253
1
79
1
815
1
804
1
20971
2
6477
1
1
1
1619
1
4857
1
2430
1
1
1
4855
1
809
1
3
1
8095
1
4
1
805
1
3
1
3234
1
808
1
809
1
5669
1
813
1
810
1
810
1
4044
1
5671
1
1
1
1613
1
3
1
810
1
810
1
4045
1
4
1
3238
1
4855
1
1622
1
5666
1
811
1
1615
1
4862
1
1616
1
816
1
5667
1
3234
1
10530
1
3
1
810
1
810
1
895
1
810
1
1620
1
2335
1
808
1
901
1
811
1
1525
1
902
1
811
1
718
2
805
1
808
1
6
1
3324
1
3
1
1524
1
92
1
1
1
804
2
1526
1
4860
1
901
1
9719
1
809
2
1540
1
79
1
729
1
78
1
3238
1
1621
1
2348
1
2
1
1603
1
901
1
1618
1
730
1
78
1
730
1
1703
1
809
1
1615
2
1540
1
80
1
1620
1
725
1
4
1
1694
1
1621
1
810
1
729
1
890
1
730
1
2504
1
1622
1
728
1
891
1
2430
1
1614
1
2349
1
2
1
80
1
1540
1
889
1
2424
1
2349
1
1618
1
85
1
3156
1
77
1
734
1
254
1
718
1
641
1
807
1
2
1
75
1
730
1
85
1
809
1
724
1
84
1
809
1
809
1
983
2
718
1
1
1
640
1
810
1
2413
1
2615
1
85
2
553
2
163
1
1454
1
3314
1
1799
2
550
1
170
1
2335
1
3973
1
75
1
181
1
536
1
12
1
808
1
6653
1
806
1
6387
1
94
1
1616
1
2337
1
2352
1
168
1
1622
1
1616
1
2246
1
1633
1
982
1
1618
1
1616
1
4049
1
3
1
1614
1
4954
1
1353
1
175
1
633
1
173
1
3877
1
1248
1
632
1
1355
1
170
1
638
1
172
1
2257
1
889
1
729
1
442
1
2967
1
3974
1
257
1
88
1
87
2
541
1
2340
1
633
1
174
1
3419
1
88
1
87
2
446
1
639
1
2443
1
810
1
157
2
650
1
158
1
1801
1
720
1
805
1
2182
1
155
1
637
1
12
1
970
1
650
2
1150
1
713
1
812
1
558
1
967
1
1465
1
809
1
155
2
1796
1
89
1
2
1
178
1
1258
1
640
2
727
1
4
1
75
2
2508
2
650
1
1
1
872
1
275
2
84
2
88
2
89
1
1012
2
75
1
1
1
166
1
2
1
561
1
77
1
809
1
726
1
1781
1
624
1
25
1
1
1
889
1
73
1
90
1
90
3
721
1
542
1
12
1
3
1
74
1
729
1
250
1
1448
1
2
1
714
1
174
1
648
1
2
1
156
1
1541
1
349
1
266
2
446
1
628
1
1626
1
3951
1
366
1
178
1
89
1
354
1
5584
1
634
1
16
1
61
1
15
1
793
1
16
1
258
1
1527
2
1369
1
809
1
968
1
1525
1
360
1
275
1
172
1
15
1
259
1
86
1
446
1
17
1
726
1
247
1
2
1
1370
1
965
1
1620
1
1076
1
275
1
172
1
362
1
384
1
61
1
992
1
3
1
2180
1
2506
1
352
1
268
1
187
1
165
1
96
1
84
2
445
1
809
1
13
1
3
1
164
1
640
1
1
1
807
1
77
1
732
1
809
1
77
1
4
1
727
1
81
1
1257
1
89
1
536
2
445
1
273
1
718
1
639
1
3
1
1618
1
809
1
727
1
66
1
13
2
1339
1
88
2
536
1
379
1
66
1
1551
1
1779
1
814
1
646
1
81
1
80
1
622
1
541
1
181
2
538
2
720
1
465
1
79
1
809
1
5
1
72
1
735
1
80
1
724
1
83
1
726
1
1
1
2059
1
86
1
1
1
88
1
96
1
12
1
78
1
350
2
1186
1
895
1
166
1
556
1
79
1
78
1
1544
1
889
1
650
1
423
1
386
1
242
1
184
1
461
1
725
2
248
1
559
2
1685
1
904
1
1460
1
76
1
732
1
77
1
346
1
3
1
379
3
77
1
256
1
1
1
722
1
554
1
1607
1
14
1
809
1
795
1
1338
1
372
1
351
1
86
2
355
1
13
1
261
1
466
1
1060
1
1
1
2181
1
62
1
2794
1
86
2
1347
1
645
1
805
1
1
1
808
1
1514
1
835
1
76
1
94
1
636
1
430
1
86
2
1347
1
1622
3
1365
1
80
1
2056
1
724
1
86
1
1348
1
92
1
1529
2
2257
1
795
1
106
1
440
1
83
1
285
1
258
2
84
1
1086
1
261
1
92
2
624
1
736
1
723
1
159
1
2272
1
171
1
440
1
89
1
104
1
174
1
344
2
287
1
889
1
169
1
91
1
2
1
544
1
170
1
1382
1
53
1
822
1
717
1
809
1
185
1
439
2
88
1
172
1
107
1
253
1
90
2
719
2
718
1
2
1
480
1
805
1
146
1
1541
1
78
1
638
1
995
1
73
1
365
1
85
1
2
1
281
1
345
2
718
1
1
1
387
1
332
1
2100
1
63
1
85
1
1442
1
92
1
730
1
808
1
427
1
90
1
3
1
86
3
88
1
107
1
248
1
94
2
549
1
1534
1
797
1
15
1
63
1
718
1
25
2
157
1
636
1
14
2
156
1
727
1
730
1
522
1
85
1
2
1
89
1
106
1
80
1
810
1
812
1
165
1
3
1
1524
1
1448
1
171
1
1459
1
336
1
185
1
624
1
719
1
91
3
547
1
168
1
641
1
1
1
1695
1
1461
1
76
1
1339
1
3
1
627
2
722
1
463
1
67
1
12
1
1620
1
170
1
641
1
726
1
80
1
901
1
523
1
111
1
174
1
347
1
85
1
93
1
354
1
181
3
717
1
811
3
2170
1
168
1
532
1
103
1
729
1
887
1
94
1
348
1
85
1
2
1
89
1
106
1
430
1
1
2
363
1
352
1
814
1
2894
1
2229
2
88
1
96
1
442
1
3
1
454
1
741
1
67
1
265
1
475
1
1050
1
1355
1
821
1
171
1
636
1
173
1
349
1
86
1
373
1
646
1
3
1
809
1
326
1
2
1
479
1
781
1
821
1
1620
1
78
1
92
1
345
1
629
1
180
1
4
2
296
1
1617
1
332
2
441
1
21
1
11
1
240
1
3
1
2187
2
65
1
729
1
171
1
532
1
119
1
156
1
648
1
161
1
74
1
571
1
67
1
354
1
454
1
264
1
717
1
2
1
531
1
181
1
1476
1
64
1
977
1
89
1
89
1
991
1
89
1
109
1
340
1
627
1
91
1
626
1
185
2
1352
1
11
1
160
1
649
1
160
1
809
1
1457
1
518
1
371
1
350
3
718
3
547
1
75
1
903
3
714
1
1461
1
158
1
2157
1
190
1
258
1
90
1
3
2
373
1
249
1
559
1
343
2
546
1
811
3
166
1
534
1
90
1
186
1
1364
1
888
1
258
1
470
1
435
1
714
1
810
1
718
1
92
2
624
1
650
1
251
1
639
1
77
1
1458
1
525
1
89
1
273
1
168
1
993
2
625
1
1450
1
1620
1
900
1
810
1
351
1
88
1
90
1
278
1
714
1
352
1
1
2
387
1
235
1
571
1
55
1
755
1
329
2
545
1
706
1
90
1
740
1
171
1
810
1
352
1
87
1
90
1
278
1
811
1
713
1
169
1
2978
1
264
1
1
1
553
1
95
1
1327
1
89
1
104
1
13
1
1228
1
388
1
797
1
11
1
147
1
1620
1
93
1
1
1
566
1
2
1
793
1
824
1
80
1
75
1
527
1
2
1
536
1
91
3
460
1
256
1
719
1
812
1
717
1
2244
1
27
1
512
1
214
1
81
1
75
1
437
1
3
1
86
2
118
1
161
1
256
1
90
1
312
1
71
1
78
1
976
1
546
1
707
1
47
1
133
1
94
1
543
1
91
1
1528
1
889
1
271
1
89
1
89
1
89
1
89
1
192
1
167
1
91
1
91
1
362
1
11
1
83
1
167
1
545
1
265
1
543
1
1793
1
809
1
647
1
79
1
347
1
269
1
192
1
257
1
811
1
91
2
534
1
183
1
549
1
167
1
626
1
183
1
534
1
276
2
1353
1
171
1
2267
1
80
1
441
3
87
2
88
3
996
1
168
1
558
1
159
1
183
3
547
3
884
1
638
1
264
1
554
1
175
1
713
1
1069
1
181
1
2
2
85
1
1
2
353
1
181
1
91
1
457
1
352
2
1344
1
182
1
1437
1
91
1
1705
1
991
1
3
2
84
1
2
2
626
1
627
1
182
1
389
2
419
2
1173
1
2614
1
434
1
89
1
98
1
441
1
94
2
84
1
1
2
90
1
92
1
187
1
621
1
23
1
2
1
325
1
483
1
417
1
388
1
2
1
235
1
571
1
797
1
887
1
16
1
701
1
183
1
526
1
109
1
430
1
93
3
84
2
90
2
104
1
16
1
792
1
16
1
63
1
260
1
456
1
27
1
51
1
364
1
392
1
418
1
386
1
3
1
143
1
91
1
570
1
2
1
872
1
186
1
542
1
16
1
79
1
519
1
366
1
437
2
88
2
281
1
885
1
993
1
363
1
22
1
958
1
2282
3
600
1
88
1
715
2
371
1
350
2
306
1
152
1
256
1
401
1
133
1
275
2
372
1
23
1
946
1
905
1
1629
1
437
1
115
1
68
1
15
1
76
1
438
2
291
1
336
1
91
3
261
1
116
3
79
1
610
1
32
1
68
1
14
1
741
1
67
1
970
2
8638
1
1618
1
811
1
3233
1
1619
1
1
1
809
1
7288
1
5668
1
1620
1
1617
1
1619
1
4050
1
4952
1
2338
1
3329
1
811
1
714
1
14
1
80
1
729
1
3229
1
896
1
2428
1
734
1
79
1
3233
1
812
1
1541
1
810
1
79
1
726
1
798
1
1708
1
3970
1
888
1
807
1
813
1
806
1
810
2
809
2
808
1
1
1
728
2
80
1
727
1
79
3
730
1
1693
1
1
1
808
1
1620
1
730
1
80
1
727
1
889
1
812
1
804
1
1
1
808
1
809
1
809
1
811
1
1542
1
74
1
814
1
809
1
804
1
809
1
1618
1
732
1
807
1
83
1
810
1
3234
1
1540
1
811
1
4937
1
810
1
1621
1
712
1
97
1
3142
1
900
1
730
2
795
1
11
1
3
1
884
1
809
1
718
1
4145
1
3143
1
11
1
78
1
3958
1
11
1
78
1
735
1
810
1
975
1
625
1
184
1
808
1
1
1
636
1
172
1
717
1
730
1
80
1
1706
1
2429
1
2
1
1617
1
2
1
897
1
86
1
1
1
456
1
174
1
805
1
638
1
6
1
2411
1
2882
1
542
1
86
1
6394
1
263
1
543
1
86
1
554
1
166
1
807
2
4863
1
176
1
89
1
540
1
86
1
1357
1
3254
1
795
1
985
1
176
1
267
1
1
1
360
1
86
1
2341
1
807
1
653
1
158
1
651
1
62
1
746
1
155
1
813
1
176
1
270
1
87
2
357
1
722
1
1619
1
647
1
809
1
3
1
968
1
647
1
161
1
810
1
83
1
89
1
360
1
2540
1
889
2
81
1
726
1
1
1
1619
1
885
1
5
1
86
1
176
1
2
1
271
1
269
1
1535
1
83
1
2253
1
95
1
806
1
83
1
726
1
82
1
809
1
85
1
361
1
447
1
546
1
92
1
1538
1
814
1
78
1
713
1
91
1
84
1
645
1
83
1
809
1
2332
1
821
1
2
1
75
1
734
1
74
1
730
1
4
1
792
1
96
1
1511
1
24
1
887
1
264
1
88
1
175
1
630
1
445
1
742
1
809
1
1607
1
12
1
812
1
157
1
650
2
886
1
1157
1
2
1
718
1
2092
1
965
1
2351
1
345
1
6
1
895
1
542
1
84
1
628
1
655
1
810
1
153
1
732
2
714
1
171
1
731
1
809
1
617
1
453
1
88
1
88
1
288
1
337
1
2
1
548
2
75
1
90
1
3
1
561
1
2424
1
894
1
729
1
76
1
809
4
724
1
2
1
79
1
255
1
2
1
716
1
3
1
555
1
84
1
166
1
1448
1
4
1
3402
1
645
1
257
1
466
1
249
1
812
1
556
1
1700
1
1620
1
346
1
383
4
605
1
283
1
791
1
17
1
163
1
1437
1
90
1
3085
1
694
1
539
1
3
1
176
1
1
1
452
1
808
1
808
1
808
1
624
1
11
1
78
1
2275
1
1327
1
87
1
266
1
3423
1
2182
1
520
1
804
1
89
2
265
1
1801
1
813
1
806
1
1
1
715
1
731
1
1247
1
902
1
630
1
456
1
888
1
95
1
1446
1
2521
2
1248
1
625
1
3
1
715
1
719
1
814
1
554
1
80
1
1620
1
78
1
649
1
172
1
635
1
614
1
86
2
627
2
1165
1
992
1
814
1
2347
1
1339
1
444
1
95
1
87
1
274
1
442
1
366
1
354
1
480
1
1047
1
557
1
12
1
2
1
236
1
2
1
567
1
1
1
238
1
1974
1
5
1
88
1
902
1
442
1
390
1
330
1
1288
1
1053
1
2602
1
180
1
1440
1
393
1
327
1
1532
1
805
1
570
1
969
1
636
1
609
1
90
1
4
1
925
1
1
1
325
1
91
1
376
1
16
1
326
1
2909
1
241
1
1364
1
171
1
3
1
162
1
270
1
95
1
275
2
256
1
90
1
303
1
805
1
877
1
176
1
1618
1
567
1
238
1
637
1
91
1
346
1
290
1
980
1
3
1
347
1
457
1
2
1
808
1
167
1
479
1
244
1
541
1
2613
1
808
1
533
1
117
2
64
1
442
1
462
1
725
1
2
1
79
1
169
1
476
1
82
1
76
1
1
1
2415
1
898
1
1450
1
742
1
418
1
1
1
388
1
330
1
546
1
982
1
1355
1
265
1
553
1
96
1
1681
1
13
1
347
1
92
1
207
1
809
1
1620
1
2
1
807
1
2
1
807
1
1
1
2939
1
294
1
2
1
507
1
302
1
324
1
468
1
16
1
325
1
1
1
716
1
570
1
239
1
1537
1
94
1
1433
1
349
1
185
1
368
3
259
1
804
1
724
1
1353
1
1555
1
247
1
1367
1
2
2
141
1
270
1
272
2
185
1
444
1
1436
1
467
1
2693
1
534
1
26
1
63
1
16
1
2343
1
878
1
261
1
4
1
1284
1
56
1
182
1
638
1
1697
1
360
1
180
1
1012
2
429
1
379
1
336
1
2
1
385
1
330
1
560
1
810
1
810
1
730
1
79
1
809
1
170
1
433
1
929
1
419
1
90
1
2
1
534
1
184
1
385
1
12
1
1
1
65
1
249
1
3
1
488
2
69
1
702
1
106
1
808
2
714
1
14
1
79
1
166
1
559
1
250
1
885
1
180
1
94
1
204
1
85
1
736
1
1622
1
146
1
647
1
866
1
25
2
160
1
648
1
166
1
559
1
79
1
169
1
810
2
350
1
352
1
363
1
312
1
70
1
61
1
17
1
803
1
4
1
73
1
586
1
147
1
714
1
12
1
163
1
565
1
81
2
724
1
809
1
1415
1
87
1
277
2
256
1
91
2
296
1
5
1
323
1
485
1
51
1
757
1
63
1
170
1
1382
1
887
1
965
1
571
1
84
1
514
1
370
1
167
1
185
1
294
1
420
1
719
1
3326
1
392
1
251
2
638
1
76
1
797
1
367
1
87
1
367
1
1435
1
10
1
159
1
730
1
264
1
476
1
1870
1
716
1
1254
1
287
2
335
1
93
1
458
1
261
1
624
1
1714
1
892
1
1361
1
529
1
811
2
631
1
308
1
147
1
660
1
71
1
78
1
634
1
95
1
247
1
559
1
1
1
727
1
341
1
465
1
250
1
717
1
94
1
1246
2
131
1
145
1
978
1
90
1
400
1
3
1
52
1
16
1
78
1
657
1
72
1
246
1
491
1
70
1
248
2
451
1
10
1
1419
1
1797
1
452
1
356
1
193
1
813
1
807
2
171
1
487
1
67
1
158
1
2202
2
954
1
349
1
447
1
362
1
1075
1
911
1
92
1
705
1
104
2
647
1
79
1
259
1
93
1
624
1
94
1
1063
1
538
1
275
1
719
1
442
1
1552
1
891
2
647
1
339
1
346
1
464
1
477
1
67
1
170
1
439
1
85
1
43
1
240
1
352
1
1344
1
93
1
533
1
182
1
3
1
1448
1
883
1
823
1
717
1
258
1
180
1
292
1
518
1
1
1
274
1
94
2
702
1
740
1
159
1
1712
1
912
1
702
1
12
1
1248
1
629
1
95
1
85
1
1
1
198
4
425
1
1
1
460
2
256
2
1529
1
465
1
819
1
342
4
161
1
1364
1
637
1
78
1
530
1
4
1
125
2
809
1
68
1
2
1
335
1
552
3
2606
1
625
1
168
1
719
1
13
1
569
2
405
1
995
1
219
1
496
1
2
1
309
1
406
1
401
1
149
3
713
1
170
1
744
1
165
1
626
1
168
1
719
1
825
1
571
1
131
1
361
1
95
1
85
1
1
1
276
1
729
1
786
1
765
1
149
1
1
1
1781
1
497
1
221
1
824
1
1969
2
216
1
501
1
1
1
375
1
80
1
260
1
2021
1
1592
1
91
1
696
1
20
1
91
1
248
1
180
1
266
1
31
1
80
1
521
1
2
1
365
1
354
1
1092
1
343
1
635
1
258
1
16
1
550
1
166
1
345
1
131
1
497
1
900
1
234
1
666
1
1
1
626
1
323
1
54
1
433
1
535
1
91
1
489
1
149
1
663
1
158
1
257
1
718
1
466
1
346
1
1283
1
82
2
506
1
91
1
209
2
508
1
632
1
394
1
13
1
865
1
84
1
621
1
37
1
158
1
62
1
583
1
162
1
423
1
209
1
96
1
79
1
167
1
561
1
966
1
1
1
564
1
57
1
26
1
416
1
391
1
144
1
183
2
396
1
154
1
168
1
543
1
739
1
11
1
46
1
21
1
15
1
78
1
167
2
443
1
32
1
46
1
762
1
46
1
101
1
258
1
406
1
41
1
22
1
614
1
171
1
23
1
432
2
715
1
1
3
383
1
330
1
812
2
476
1
333
1
486
1
145
1
78
1
103
1
75
1
403
1
67
1
67
1
914
1
567
1
148
1
660
1
69
1
520
3
287
1
705
1
444
4
1526
1
651
1
165
1
256
1
224
1
236
1
1623
1
164
1
719
1
271
1
90
1
1
1
196
1
740
1
2
1
66
1
3
1
75
1
796
1
15
1
165
1
92
1
717
1
492
1
808
1
161
1
151
1
480
1
238
1
570
1
80
1
171
1
812
2
434
1
538
1
181
1
2
1
285
1
814
1
335
1
402
2
66
1
1
1
78
1
259
1
481
1
77
1
648
1
161
1
169
1
475
1
147
1
529
1
108
1
901
1
172
1
1157
1
91
2
276
1
706
1
455
1
718
1
401
1
793
1
96
1
701
1
170
1
1159
1
310
1
12
1
810
1
55
1
615
1
624
1
90
1
276
1
752
1
149
1
353
1
633
1
95
1
161
1
385
1
731
1
62
1
15
1
169
1
343
1
143
2
484
1
2000
1
430
1
1086
1
21
1
422
1
91
2
466
1
166
1
92
1
74
1
629
1
491
1
83
1
249
1
558
1
1316
1
301
1
2
1
52
1
11
1
616
1
20
1
21
1
682
3
275
1
260
1
811
1
398
1
159
1
730
1
78
1
167
1
94
1
532
1
78
1
104
1
433
1
100
1
106
1
514
1
187
1
1161
1
180
1
629
1
272
1
82
1
112
1
14
1
419
1
1444
1
90
1
812
1
1264
1
11
1
254
1
72
1
426
1
215
1
76
1
180
1
180
1
154
1
655
1
3
1
147
2
203
1
364
2
296
1
728
1
82
2
65
1
172
1
474
1
344
1
560
1
80
1
75
1
346
1
279
1
185
1
434
1
200
1
428
1
277
1
441
1
182
4
219
1
69
1
77
2
656
1
1
1
407
1
1
3
623
1
90
1
446
1
363
1
571
1
79
1
167
2
444
1
101
1
14
1
772
1
194
1
555
1
58
1
101
1
95
1
611
1
634
4
194
1
79
1
663
1
67
1
79
1
166
1
90
1
537
1
272
1
1208
1
82
1
53
1
89
1
719
1
10
1
15
1
74
1
655
1
154
1
977
1
389
1
255
2
72
1
180
1
180
1
538
1
181
1
3
1
261
1
10
1
11
1
717
1
93
2
726
1
68
1
95
1
164
1
572
1
245
1
643
1
63
1
106
1
559
1
593
1
1078
1
915
3
344
1
90
1
3
1
352
1
271
1
91
4
1099
1
76
1
76
1
275
1
372
1
169
1
548
1
105
1
78
1
154
1
14
1
560
1
79
1
63
1
11
1
95
1
639
1
621
1
33
1
396
1
719
1
180
1
180
1
538
1
273
1
173
1
271
1
273
3
443
1
272
1
467
1
717
1
248
1
13
1
1299
1
2
1
133
1
186
1
252
1
304
1
703
1
159
1
683
1
57
1
175
1
577
1
44
1
91
1
440
1
288
1
523
2
296
1
341
1
384
1
68
1
13
1
78
1
168
1
491
1
1
1
147
1
795
1
14
1
170
1
253
1
302
1
738
1
70
1
2
1
52
1
180
1
270
1
1530
1
181
1
141
1
123
1
739
1
13
1
337
1
256
1
200
1
12
1
235
1
560
1
1329
1
244
1
140
2
666
2
113
1
104
1
346
1
230
1
217
1
15
2
434
1
210
1
328
1
411
1
69
1
1
1
963
1
258
1
324
1
55
1
248
1
106
1
716
1
500
1
1
1
32
1
22
1
81
1
170
1
497
1
141
1
667
1
35
1
184
1
647
1
238
1
478
1
602
1
303
1
64
1
170
1
90
1
181
2
295
1
78
1
94
1
258
1
363
1
11
1
236
1
104
1
411
1
32
1
169
1
197
1
405
1
126
1
659
1
94
1
809
1
148
1
588
1
35
1
79
1
90
1
1173
1
89
1
138
1
69
1
332
1
2064
1
1541
1
1
1
1617
1
889
1
4859
1
8023
1
805
1
5749
2
732
1
74
1
809
1
730
1
4128
1
731
1
3238
1
2507
1
730
1
796
1
15
1
2505
1
2430
1
1538
1
2
1
1616
1
4859
1
893
1
2345
1
1620
1
171
2
631
1
84
1
729
1
4221
1
624
1
90
1
1536
1
85
1
810
1
1535
1
981
1
1541
1
80
1
623
1
104
1
1
1
79
1
805
1
4
1
899
1
86
1
1440
3
632
1
5210
1
90
1
367
1
981
2
716
1
4956
1
639
1
166
1
642
1
4868
2
63
1
903
1
177
1
87
1
374
1
810
1
4057
1
1
1
156
3
648
1
158
1
1
1
894
1
1
1
87
1
464
1
810
1
1612
1
983
1
649
1
161
1
647
1
162
1
809
1
633
1
710
1
914
1
163
1
2258
1
986
1
726
1
1
1
793
1
730
1
78
1
181
1
89
1
88
1
542
1
2268
2
890
1
714
1
822
1
157
1
1449
1
441
1
87
1
89
1
195
1
1704
2
728
1
809
1
83
1
80
1
729
1
2503
1
362
1
86
1
363
1
726
2
728
1
78
1
84
1
1534
1
730
1
2592
1
1457
1
77
1
733
1
964
1
6
1
729
1
72
1
2272
1
808
1
810
1
83
1
258
1
720
1
804
1
1
1
4686
1
348
1
180
1
90
1
110
1
78
1
1
1
261
1
88
1
86
1
291
1
810
1
2508
1
1
1
807
1
2347
2
79
1
262
1
719
1
84
1
1361
2
811
1
74
1
2430
1
1459
2
78
1
1
1
261
1
174
1
90
1
1
1
196
1
80
1
258
1
474
1
75
1
813
1
805
1
1527
1
1711
1
730
1
246
1
95
1
268
1
199
1
79
1
1621
1
166
1
3002
1
143
1
638
1
1522
2
111
1
74
1
4
1
169
1
804
1
1623
1
570
1
808
1
237
1
2
1
543
1
826
1
422
1
381
1
432
1
266
1
108
1
877
1
2377
1
234
1
1382
1
241
1
557
3
808
1
810
1
1863
1
4
1
568
1
808
1
864
1
992
1
561
4
809
1
513
1
93
1
451
1
86
1
1355
1
743
1
1
1
234
1
815
1
2162
1
13
1
1
2
519
1
289
1
61
1
361
1
89
1
183
1
1087
1
83
1
726
1
651
1
77
1
79
1
729
2
77
2
82
1
566
1
80
2
77
2
715
1
1711
3
528
1
116
1
424
1
85
1
1
1
631
1
452
1
24
1
810
1
236
1
1623
1
570
1
52
1
1349
1
279
1
92
3
530
1
115
1
1047
1
96
1
807
1
480
1
4033
1
173
1
2244
1
837
1
4206
2
1875
1
91
1
355
1
276
1
463
1
250
1
92
1
477
1
1608
1
1791
1
1
2
343
1
180
1
635
1
88
1
624
1
724
1
806
2
534
1
1646
1
1700
1
632
1
172
2
165
1
186
1
88
1
209
1
418
1
720
1
1367
2
155
1
652
1
3321
1
805
1
2
1
809
1
170
1
556
1
79
1
1
1
169
1
557
1
79
1
1
1
810
1
74
1
627
1
24
1
79
1
1
1
1873
1
392
1
507
1
4
1
88
1
211
1
75
2
807
1
253
1
555
1
252
1
464
1
171
1
171
1
1448
1
77
1
627
1
1539
1
25
1
78
1
342
1
389
1
963
1
5
1
729
1
79
1
809
1
165
2
545
1
742
1
1060
3
343
1
279
1
259
1
906
1
87
1
86
1
1
1
212
1
78
1
804
1
968
1
2192
1
806
1
159
1
181
1
347
1
201
1
169
1
3
1
560
1
687
1
121
1
154
1
887
1
181
1
2
1
716
1
467
1
2521
1
259
1
719
1
4
1
636
3
1603
1
753
1
44
1
107
1
657
1
809
1
226
1
93
2
488
2
68
1
806
1
245
1
103
1
1
1
626
1
641
3
807
1
521
1
216
2
69
2
426
1
380
1
876
1
824
1
168
1
546
1
94
2
621
1
271
1
77
1
106
1
87
2
368
1
167
1
641
1
64
1
11
1
731
1
523
1
86
1
130
1
500
1
310
1
52
1
260
1
90
1
2021
1
149
1
635
1
12
1
80
1
442
1
86
3
88
2
187
1
808
1
607
1
200
1
610
3
130
1
4272
1
283
1
90
1
90
1
187
1
65
1
742
1
608
1
279
1
531
3
1346
1
3
1
545
1
1516
1
1092
1
180
1
265
1
272
1
811
2
568
1
876
1
433
1
3057
1
559
1
258
1
180
1
180
1
84
1
1087
1
162
1
403
2
495
1
725
1
86
1
720
1
545
1
78
1
901
1
491
1
1137
1
180
1
180
1
84
1
364
2
613
1
673
1
1
1
314
1
3070
1
627
1
1172
1
271
1
1
2
86
1
1
2
445
1
3
1
162
1
1122
1
1
1
314
1
272
1
223
1
1615
1
317
1
1267
1
102
1
254
1
489
1
156
1
440
1
87
1
1
1
903
1
701
1
725
1
85
1
1
1
626
1
3
1
720
1
546
1
635
1
93
1
80
1
168
1
641
1
168
1
649
1
346
1
93
1
535
1
478
1
227
1
586
1
64
1
172
2
436
1
4
1
715
1
1
1
366
1
77
1
628
1
364
4
383
1
1142
1
1285
1
328
1
1301
1
69
1
171
1
567
1
149
1
648
1
516
1
362
1
1164
1
1275
1
94
1
714
1
744
1
583
1
220
1
1494
1
717
2
626
1
92
1
321
1
396
1
412
1
305
1
92
1
559
1
793
1
168
1
104
2
613
1
581
1
1495
1
718
1
534
1
185
1
317
1
136
1
673
1
123
1
274
1
401
1
808
2
63
1
352
1
2
1
972
1
220
1
787
1
707
1
123
1
12
1
581
1
720
1
1264
1
262
1
401
1
158
1
164
1
77
1
405
1
794
1
344
2
474
1
822
2
230
1
542
1
21
1
591
1
1
1
204
1
23
1
69
2
418
2
389
2
809
1
329
1
362
1
37
1
311
1
11
1
482
1
162
1
512
1
940
1
408
1
415
1
66
2
162
1
436
2
125
1
81
1
716
1
95
1
807
1
329
1
2
1
478
1
235
1
456
1
844
1
160
1
257
1
536
1
90
1
651
1
507
1
288
1
11
1
509
1
3
1
171
1
42
1
84
1
158
1
256
1
297
1
23
1
402
1
479
1
327
1
410
1
68
2
692
1
194
1
347
1
460
1
730
1
247
1
547
1
95
1
168
1
432
1
57
1
578
1
172
1
42
1
57
1
186
1
164
1
93
1
294
1
159
1
746
1
713
1
25
1
67
1
1
1
142
1
592
1
45
1
22
1
338
1
185
1
89
1
112
1
82
1
235
1
103
3
397
1
152
2
165
1
2
1
623
1
1256
1
716
2
456
1
1621
1
714
1
23
1
796
1
13
1
246
1
95
1
547
1
1433
1
263
1
443
1
193
1
79
1
1070
1
469
1
341
1
375
1
435
1
372
1
79
1
24
1
504
1
279
1
25
1
323
1
12
1
474
1
231
1
503
1
811
1
575
1
231
1
233
1
72
1
479
1
2524
1
703
1
183
1
258
1
92
1
380
1
593
1
1181
1
811
1
442
1
135
1
216
1
271
1
91
1
300
1
418
1
307
1
810
1
1320
1
1
2
377
1
233
1
506
1
67
1
65
1
16
1
166
4
559
1
154
1
579
1
74
1
701
1
107
1
63
1
259
1
1222
1
490
1
893
1
1194
1
657
1
137
1
15
1
62
1
662
1
598
1
210
1
56
1
103
1
438
1
812
2
535
1
90
1
91
1
719
1
307
1
253
1
434
1
202
1
245
1
492
3
408
3
252
1
141
1
57
1
11
1
81
1
1413
1
723
1
811
3
124
1
319
1
181
1
91
3
295
1
729
1
495
1
192
1
201
1
234
1
11
1
181
1
93
1
272
1
353
1
444
1
440
1
472
1
796
1
91
1
579
1
231
3
564
1
410
1
480
1
729
1
81
1
335
1
471
1
247
1
181
1
92
1
365
1
1538
1
80
1
78
1
349
1
243
3
473
1
320
1
13
2
31
1
90
1
95
1
164
1
399
1
410
1
811
1
398
1
796
1
266
1
347
1
263
1
1893
1
348
1
152
1
1
1
564
1
4
1
86
1
151
2
383
1
356
1
123
1
329
1
812
2
904
1
1119
1
578
1
289
1
93
1
64
1
451
1
144
1
665
1
927
1
821
1
57
1
91
1
261
1
535
1
12
1
262
1
405
1
317
1
479
1
16
1
143
1
352
2
294
1
16
1
809
1
64
1
250
1
493
1
65
1
865
1
103
1
257
1
90
1
218
1
149
1
1484
1
810
1
236
1
346
1
77
1
143
4
144
1
337
1
13
1
3
1
309
1
222
1
90
1
92
3
1357
1
64
1
1474
2
1503
1
32
1
410
1
1087
1
722
2
88
2
354
1
182
1
705
1
560
1
170
1
93
3
714
1
167
1
180
1
197
1
32
1
579
1
91
1
126
1
81
1
162
1
647
1
419
1
306
1
599
1
223
3
64
1
174
1
346
1
1
2
86
3
522
1
400
1
318
1
549
1
181
1
593
1
138
1
671
1
216
1
811
1
347
1
92
2
717
1
215
1
15
1
143
1
168
1
493
1
67
1
521
1
90
3
1758
1
202
1
11
1
731
1
670
1
140
1
154
1
361
1
106
1
32
1
671
1
152
1
219
1
255
1
90
1
92
1
101
1
79
1
763
1
242
1
347
1
90
3
443
1
489
1
12
2
400
2
340
1
282
1
91
1
626
1
530
1
86
1
361
1
1300
1
501
1
182
1
377
1
256
1
357
1
349
1
286
1
432
1
11
1
184
2
717
1
478
2
237
1
569
1
68
1
247
1
422
1
57
1
85
1
152
1
447
1
136
1
148
1
590
1
56
1
511
1
91
1
193
1
440
1
77
1
279
1
180
1
569
1
25
2
229
1
73
1
183
1
164
1
87
1
135
3
327
1
2325
1
180
1
378
1
23
1
1
1
69
1
76
1
3
1
254
1
389
1
82
1
338
1
91
2
294
1
786
1
101
1
78
1
271
1
182
1
536
1
91
1
392
1
402
1
401
1
136
1
741
1
745
1
1309
1
213
1
319
1
498
1
319
1
258
1
242
1
71
1
82
1
76
1
259
2
317
2
306
1
707
1
580
1
163
3
622
1
104
1
2
1
51
1
1172
1
322
3
864
1
79
1
260
1
570
1
77
1
438
1
213
1
81
1
243
1
812
1
466
1
957
1
451
1
210
1
67
1
531
1
370
1
349
5
283
1
431
1
812
1
1209
1
80
1
334
1
91
3
87
3
522
1
481
1
237
1
501
1
12
1
855
1
92
1
1147
1
182
1
1
2
123
1
84
1
157
1
166
1
90
1
92
1
183
1
44
1
232
1
73
1
908
1
566
1
75
1
349
1
89
1
127
1
822
2
135
1
78
1
90
1
94
2
252
1
155
1
54
1
250
1
477
1
26
1
213
1
92
1
346
1
155
1
111
1
24
4
514
1
813
2
171
1
195
1
75
1
501
1
82
1
155
1
167
1
566
1
729
1
157
1
580
1
213
1
90
1
92
1
1357
1
78
1
258
1
379
1
92
1
625
1
263
1
439
1
127
1
24
1
294
1
364
1
136
1
238
1
653
1
233
1
362
1
212
1
418
1
389
3
233
1
91
1
375
1
106
1
1933
1
900
1
473
2
154
1
362
1
138
1
162
1
75
1
94
1
343
1
707
1
209
1
33
1
490
1
388
1
163
1
165
1
344
1
467
2
1150
1
203
1
247
1
270
1
198
1
22
1
740
1
71
1
147
1
76
1
584
1
155
1
348
1
235
1
67
1
403
1
487
1
793
1
157
1
822
1
93
1
417
1
206
1
603
1
56
1
588
1
86
1
180
1
361
1
287
1
264
1
76
1
180
1
180
1
378
1
568
1
682
1
291
1
336
1
93
1
237
1
1
1
1197
1
1183
1
44
1
775
1
10
1
150
1
877
1
13
1
76
1
361
1
185
1
192
1
77
1
348
1
141
1
163
1
656
1
69
1
82
1
77
1
352
1
378
1
78
1
261
1
73
1
252
1
46
1
24
1
319
1
74
1
342
1
299
1
581
1
704
1
10
1
230
1
706
1
272
1
430
1
1
1
70
1
32
1
89
1
100
1
489
1
10
1
207
1
23
1
259
2
388
1
83
1
246
3
405
1
74
1
738
1
54
1
798
1
170
1
440
1
210
2
157
1
3
2
253
1
93
1
1531
1
394
1
1229
1
319
1
36
1
33
1
82
1
142
1
549
1
35
2
493
1
246
1
201
1
102
1
167
1
335
1
135
1
729
1
600
2
1165
1
568
1
34
1
226
1
547
1
33
1
565
1
13
1
3
1
85
1
3
1
101
1
103
1
81
1
77
1
155
1
494
1
162
1
167
2
544
1
659
1
69
1
599
1
107
1
47
1
122
1
12
1
1238
1
447
1
13
1
166
1
183
1
294
1
754
3
651
1
223
1
423
1
281
1
264
1
168
1
480
4
142
1
78
1
822
1
500
1
950
3
692
1
180
1
456
1
133
1
68
1
12
1
55
1
685
3
65
1
55
1
361
1
90
1
300
1
236
1
90
1
93
1
470
1
232
1
731
1
92
1
255
1
225
1
807
1
238
1
347
1
107
1
356
2
497
1
56
1
82
1
77
1
348
1
206
1
90
1
265
1
487
1
68
1
55
1
361
1
90
1
229
1
307
1
183
1
717
1
421
1
1
1
55
1
147
1
14
1
75
1
512
1
391
1
419
1
60
1
235
1
166
1
379
1
10
1
253
1
569
1
147
1
555
1
21
1
15
1
121
1
23
1
171
1
487
1
136
1
350
1
90
1
720
1
330
1
1
1
138
1
246
1
93
1
326
1
221
1
587
1
298
1
92
1
373
1
982
1
79
1
93
1
452
1
113
1
149
1
438
1
116
1
103
1
1318
1
90
1
196
1
93
1
246
1
184
1
283
1
341
1
92
1
252
1
62
1
58
1
95
2
77
1
715
1
67
1
613
1
70
2
394
1
551
1
438
1
371
1
167
1
387
1
183
1
77
1
168
1
270
1
140
1
57
1
521
1
90
1
223
1
660
1
145
1
317
1
478
1
11
1
70
1
80
1
575
1
404
2
162
1
322
1
230
1
579
1
1
1
135
1
602
1
194
1
12
1
590
1
412
1
409
1
42
1
249
1
14
1
153
1
102
1
90
1
149
1
879
1
69
1
79
1
168
1
91
1
364
1
103
1
604
1
41
1
21
1
144
1
51
1
548
1
830
1
601
1
176
1
100
1
45
2
32
1
542
1
448
1
721
2
1528
1
625
1
184
1
636
1
79
1
1555
1
157
1
650
1
65
1
727
1
353
1
1265
1
176
1
2333
1
94
1
1460
1
782
1
25
1
1056
1
553
1
165
1
2245
1
1806
1
650
1
157
1
809
1
641
1
808
1
1693
1
2525
1
649
1
64
1
730
1
813
1
164
1
1
1
4675
1
11
1
173
2
2425
1
724
1
722
1
3254
2
794
1
1705
1
84
1
541
1
2697
2
636
1
174
1
728
2
1513
1
90
1
1351
2
1977
1
731
1
732
1
75
1
2
1
80
1
633
1
1712
1
887
1
450
2
192
1
1626
1
811
1
75
1
730
1
83
1
3149
1
615
2
360
1
648
1
65
1
905
1
1461
1
152
1
718
1
11
1
78
1
639
1
822
1
78
1
1974
1
376
1
78
4
73
1
90
1
1375
1
79
1
169
1
542
1
94
1
76
1
1620
1
2267
1
80
3
350
1
1189
1
811
1
888
1
2506
1
1801
1
88
1
88
1
540
1
556
1
3
1
811
1
887
1
2347
1
891
1
254
1
472
1
807
1
2
1
248
1
557
1
1701
1
728
1
80
1
796
1
12
1
1786
1
562
1
337
1
91
1
178
1
450
1
557
1
80
1
1
1
807
1
3
1
805
1
1698
1
903
1
1
1
988
1
375
1
340
1
179
1
88
1
90
1
190
1
75
1
4146
1
569
1
64
1
170
1
641
1
728
1
338
1
88
1
90
1
180
1
106
1
1060
2
625
1
809
1
183
2
715
1
95
1
570
1
794
1
811
1
1148
1
88
1
269
1
193
1
3168
2
240
1
621
1
755
1
797
1
1
1
80
1
258
1
89
1
181
1
278
1
345
1
1267
1
174
1
805
1
809
1
572
1
236
1
572
1
80
2
77
2
729
1
1
1
76
1
1
1
702
1
365
1
375
1
4
1
249
1
175
1
366
1
1619
1
183
1
82
1
569
1
76
1
80
1
731
1
714
1
95
1
781
1
103
1
77
1
821
2
717
1
1163
1
1437
3
479
1
875
1
740
1
240
1
810
1
713
1
661
1
68
1
92
2
704
1
543
2
184
1
831
1
69
1
263
1
716
1
718
1
730
1
981
1
1377
1
786
1
622
1
1258
1
93
1
2085
1
798
1
3055
1
4256
1
2428
2
602
1
88
1
119
1
53
1
276
1
805
1
718
1
570
1
892
1
890
1
169
1
1447
1
255
1
392
1
422
1
84
1
183
1
93
1
90
1
352
1
1530
1
639
1
1
1
167
2
808
1
466
1
342
1
1344
1
106
1
646
1
158
1
2
1
528
1
451
1
808
1
560
1
80
1
167
1
807
1
2
1
810
1
489
1
41
1
181
1
559
1
985
1
645
1
600
1
88
1
122
1
76
1
156
1
1711
1
559
1
744
1
809
1
783
1
712
1
435
1
562
1
77
1
352
1
1441
1
809
1
805
1
479
1
14
1
64
1
744
1
783
1
261
2
534
1
832
1
511
1
3514
1
22
1
14
1
143
1
665
1
1318
1
177
2
117
1
810
1
72
1
807
1
1550
1
68
1
64
1
14
1
731
1
78
1
166
1
811
1
641
1
802
1
361
1
4
1
89
1
205
1
586
1
223
1
72
1
1052
1
180
1
381
1
2
1
76
1
729
1
80
1
262
1
2167
1
883
1
582
1
136
1
674
1
67
1
608
1
133
1
71
1
781
1
10
1
534
1
367
1
258
1
628
1
182
3
716
1
547
1
1350
1
279
1
809
1
427
1
314
1
676
1
279
1
443
1
285
1
431
2
721
1
372
1
1880
1
360
1
176
1
102
1
1237
1
299
1
14
1
585
1
225
1
499
1
1529
1
441
1
365
2
533
1
275
1
373
1
621
1
1829
1
2
1
1310
1
86
2
217
1
414
1
1193
1
68
1
356
1
807
1
386
1
609
1
198
1
1948
1
276
1
84
1
129
1
408
1
90
1
2
1
1530
1
384
1
422
1
1984
1
1082
1
167
1
402
1
239
2
75
1
186
1
175
2
536
1
814
1
806
1
810
1
1
1
362
1
10
1
901
1
619
1
450
1
2
1
1154
1
131
1
135
1
102
1
4
1
253
1
551
1
1
1
165
1
5
1
808
1
532
1
273
1
399
1
81
1
1
1
233
1
92
2
811
1
633
1
450
1
256
1
450
1
900
1
131
1
146
1
350
1
4
1
85
1
224
1
239
1
163
1
5
1
476
1
65
1
265
1
479
1
156
3
167
1
1
1
478
1
54
1
104
1
169
2
479
1
329
2
404
2
46
1
739
1
432
1
4
1
85
1
629
1
1
1
164
1
448
1
670
1
70
1
79
1
2247
1
183
1
261
1
1204
1
69
1
13
1
77
1
246
1
101
1
311
1
151
2
350
1
85
1
2
1
87
2
451
1
487
1
226
1
814
1
435
1
3
1
352
1
180
1
399
1
410
1
1360
1
261
1
481
1
423
1
465
1
163
1
361
1
3
1
112
1
13
1
317
1
492
1
665
1
373
1
635
1
613
1
173
1
271
1
273
1
354
1
364
1
376
1
341
1
906
1
465
1
344
1
180
1
129
1
227
1
90
1
492
1
1038
1
2964
1
114
1
421
2
466
1
346
1
299
1
165
1
61
1
463
1
357
1
547
1
35
1
811
1
225
1
652
1
159
2
435
1
2525
1
34
1
145
1
258
1
1451
1
547
1
33
1
486
1
393
1
812
1
595
1
3
1
367
1
348
1
1
1
296
1
161
1
1379
1
313
1
1093
1
995
1
969
1
451
1
815
1
225
1
1040
1
262
1
808
2
308
1
953
1
543
1
265
1
13
4
164
1
456
1
90
1
752
1
673
1
717
1
193
1
21
1
1051
1
568
1
227
1
90
1
717
1
1473
2
704
1
187
1
165
1
2
1
560
1
78
1
74
1
441
2
138
1
45
1
106
1
340
1
281
1
21
1
68
1
95
1
336
1
1
1
470
1
726
1
80
1
795
1
78
1
742
1
168
1
363
3
194
1
341
2
1210
1
64
1
895
1
621
1
21
1
57
1
107
1
336
1
455
1
16
1
657
1
123
1
27
1
663
1
805
1
301
1
507
1
3
1
2
1
802
1
52
1
610
1
151
2
869
1
2
1
969
1
647
1
420
2
1939
1
41
1
632
1
134
1
495
1
2
1
315
1
1
1
45
1
158
1
603
1
143
1
642
1
23
2
657
1
151
1
1
1
217
1
554
1
58
1
1082
1
182
1
1131
1
391
1
562
1
441
1
1
1
226
2
45
1
158
1
603
1
797
1
70
1
971
1
439
1
196
1
173
1
348
1
355
1
363
1
319
2
238
1
555
1
16
1
222
1
168
1
719
1
375
2
183
1
92
1
65
1
196
1
406
1
2
1
308
3
483
1
154
1
809
2
808
2
517
1
173
1
116
1
659
1
805
1
396
1
411
1
591
1
90
1
2
1
538
1
717
1
2
1
483
1
152
1
77
1
1459
1
419
1
308
1
94
2
729
1
805
1
407
1
388
1
161
1
168
1
363
1
538
3
410
1
793
1
127
1
23
1
1147
1
287
1
116
1
146
1
440
1
115
1
173
1
247
1
90
1
546
1
348
1
101
1
133
2
1022
1
374
1
91
2
123
1
69
1
343
1
717
1
1425
1
765
1
1
1
65
1
636
1
10
1
501
1
389
1
263
1
478
2
238
1
782
1
101
1
181
1
91
3
261
1
364
2
395
1
12
1
1026
1
592
1
34
1
21
1
13
1
587
1
138
1
82
1
1
1
41
1
102
1
168
1
90
1
297
1
34
1
56
1
80
1
339
1
92
2
558
1
152
1
101
1
278
1
531
1
436
1
283
1
457
1
264
1
410
1
806
1
69
1
239
2
346
1
221
1
146
1
665
1
404
1
297
1
105
2
714
1
342
1
63
1
191
1
461
1
348
1
219
1
46
1
194
1
555
1
228
1
674
1
810
1
810
1
772
1
37
1
702
1
105
2
739
1
4
1
47
1
91
1
171
1
244
1
240
1
11
1
59
1
81
1
77
1
258
1
331
1
60
3
157
1
425
1
460
1
92
4
544
1
674
1
761
1
44
1
810
1
833
1
10
1
444
1
329
1
318
1
334
1
305
1
76
1
583
1
227
1
439
1
1
1
102
1
20
1
826
1
53
1
891
1
427
1
810
1
241
1
569
1
264
1
546
1
307
1
79
1
169
1
561
1
233
1
168
1
101
1
197
1
264
1
154
1
389
1
524
3
1437
1
1436
1
755
1
67
1
655
1
84
1
810
1
232
1
270
1
234
1
575
1
196
1
523
1
390
2
328
1
2
1
479
1
402
1
551
1
604
1
192
1
743
1
726
1
825
1
503
1
230
1
232
1
153
1
1005
2
262
1
37
1
325
1
375
1
251
1
91
1
512
1
1734
1
169
1
467
1
117
1
154
1
568
1
47
1
193
1
245
1
337
1
69
1
157
1
346
1
303
2
507
3
431
1
193
1
422
1
912
1
670
1
10
1
58
1
718
1
522
1
404
1
154
1
557
1
510
1
395
1
142
1
1540
1
683
1
464
1
1130
1
150
1
1470
1
83
1
154
1
91
1
91
1
470
1
249
1
485
1
72
1
143
1
558
1
102
1
164
1
255
1
166
1
358
1
193
1
421
1
296
1
466
1
345
2
484
1
308
1
582
1
729
1
162
1
502
1
189
1
37
1
79
1
655
1
775
1
856
2
42
1
687
1
76
1
645
1
117
1
343
1
3
1
508
1
810
1
32
1
22
1
45
1
1287
1
73
1
215
1
77
1
516
1
140
1
68
1
82
3
74
1
579
1
57
1
432
1
254
1
294
1
2
1
511
1
270
1
538
1
30
1
347
1
344
1
127
1
591
1
310
1
317
1
90
1
343
1
66
1
162
2
74
1
336
1
129
1
91
1
159
1
349
1
815
1
86
2
913
1
44
1
60
3
142
1
90
1
811
1
476
1
10
1
11
1
139
1
428
1
91
1
149
1
141
1
335
1
297
1
10
1
23
1
45
1
11
1
817
1
250
1
501
1
216
1
92
1
497
1
297
1
271
1
242
1
140
1
337
4
281
1
44
2
204
1
183
2
479
3
131
1
102
1
814
1
451
1
995
1
665
1
320
1
718
1
92
1
244
1
253
1
139
1
669
1
1
1
56
1
82
1
245
1
398
1
10
1
14
1
220
1
541
1
47
1
21
1
772
1
70
1
68
1
683
1
646
1
277
1
91
1
258
1
182
1
113
1
182
1
264
1
716
1
557
1
406
1
343
1
1
1
139
1
427
1
91
2
146
1
3
1
218
1
978
2
533
1
182
1
511
1
45
1
254
1
636
1
670
1
68
1
416
1
288
1
354
1
334
1
140
1
81
1
81
1
668
1
2
1
138
1
518
1
355
1
14
1
564
1
150
1
707
1
181
1
590
1
297
1
900
1
180
1
242
1
409
1
396
1
321
1
639
1
155
1
168
1
343
1
3
1
371
1
576
2
335
1
1211
1
738
1
70
2
228
1
474
1
80
1
24
2
727
1
501
1
626
1
244
1
472
1
439
1
150
1
46
1
93
1
246
1
272
1
206
1
82
1
338
1
387
1
14
1
316
1
493
1
691
1
69
1
44
1
230
1
716
1
592
1
500
1
613
1
515
2
42
1
820
1
81
1
429
1
312
1
66
1
66
1
12
1
426
1
87
1
148
1
65
1
2
1
246
1
166
1
177
1
121
1
22
1
70
1
624
1
345
1
1309
1
1629
1
1286
1
183
1
71
1
898
1
129
1
78
1
166
1
1530
1
2
1
564
1
742
1
590
1
90
1
1828
1
53
1
536
1
219
1
52
1
696
1
809
1
124
1
56
1
538
1
214
1
1
1
157
1
3
1
472
1
10
1
80
1
148
1
78
1
534
1
389
1
74
1
470
1
93
1
233
1
330
1
22
2
59
1
242
1
61
1
283
1
3
1
149
1
122
1
11
1
248
1
565
1
75
2
64
1
105
2
417
1
58
1
146
1
90
1
168
1
180
1
461
2
2
1
344
1
628
1
473
1
336
1
456
1
284
1
165
1
240
1
5
1
65
1
81
1
79
1
76
1
246
1
257
1
67
1
405
1
335
1
292
1
78
1
1199
1
102
1
810
1
238
1
573
2
238
2
345
1
368
1
350
1
93
1
154
1
2
1
654
1
223
1
66
1
15
1
77
1
76
1
573
1
1593
1
739
1
10
1
233
1
63
1
719
1
270
1
180
1
163
1
646
1
163
1
205
1
93
1
347
1
146
1
83
1
158
1
578
2
34
1
21
1
174
1
575
1
58
1
14
1
494
1
299
1
750
1
58
1
329
1
562
1
247
1
548
1
67
1
195
2
475
1
240
1
511
1
299
1
165
1
414
1
64
1
744
1
235
1
504
1
53
1
14
1
313
1
494
1
43
1
22
1
174
1
163
1
90
1
719
1
92
2
306
1
3
1
145
1
261
2
303
1
10
1
25
1
59
1
66
1
1
2
621
1
117
1
31
1
740
1
35
1
725
1
893
1
160
1
169
1
463
1
13
1
495
1
380
1
173
1
164
1
344
1
557
1
250
1
468
1
1138
1
140
1
66
1
672
1
1231
1
318
3
111
1
117
1
168
1
624
1
718
1
169
1
15
1
565
1
306
1
286
1
71
1
213
1
67
1
78
1
448
1
296
3
643
1
81
1
810
1
2
1
1065
1
91
1
318
1
56
1
175
1
411
1
629
1
355
1
1
1
298
1
255
1
165
1
40
1
69
1
90
1
351
1
183
1
182
1
969
1
24
1
2
1
510
1
51
1
10
1
58
1
788
1
43
1
231
1
511
1
578
1
782
1
471
1
91
1
348
1
462
1
1161
1
111
1
114
1
1
1
43
1
91
1
261
1
548
1
566
1
105
1
726
1
139
1
161
1
463
1
116
1
158
1
258
1
389
1
237
1
184
1
73
1
255
1
54
1
227
1
106
1
330
1
212
1
754
1
54
1
147
1
284
1
75
1
128
1
117
1
53
1
342
1
2
1
532
1
186
1
392
1
106
1
1028
2
512
1
60
1
94
1
65
1
78
1
498
1
84
1
575
1
383
1
77
1
167
1
341
1
2
1
465
1
167
1
949
1
10
1
231
1
169
1
445
1
180
1
904
1
347
2
981
1
67
1
34
1
32
1
67
1
439
1
161
1
766
1
31
1
70
1
161
1
234
1
192
1
220
1
67
1
175
1
507
1
61
1
143
1
78
1
489
1
69
1
1632
1
753
1
295
1
351
2
143
1
10
1
400
1
479
1
238
1
168
1
343
1
139
1
670
1
23
1
625
3
156
1
1
1
57
1
751
1
44
1
80
1
626
1
43
1
223
1
1341
1
829
1
32
1
206
1
192
1
376
1
239
1
196
1
372
1
997
1
669
1
299
1
259
1
362
1
353
2
164
1
220
1
12
3
212
1
102
1
167
1
266
1
376
1
75
1
1152
1
398
1
376
1
184
1
78
1
171
1
373
1
264
1
426
1
385
1
152
1
388
1
499
1
103
1
93
1
214
1
57
1
681
1
286
1
196
2
395
1
69
1
81
3
599
1
362
1
16
1
416
1
149
1
54
1
192
1
94
1
281
1
32
1
70
1
237
1
653
1
493
1
11
1
161
1
142
1
80
1
152
1
168
1
102
1
461
1
349
1
114
1
69
1
442
1
92
1
444
1
78
1
194
1
165
1
383
1
601
1
56
1
46
1
259
1
15
1
404
1
12
1
228
1
168
1
376
1
32
1
231
1
589
3
138
1
79
1
171
1
241
1
301
1
95
1
424
1
148
1
83
1
135
1
1070
1
91
1
204
1
240
1
601
1
82
2
1103
1
433
1
397
1
167
1
208
1
32
1
401
1
640
1
76
1
498
1
83
1
69
1
81
1
75
1
579
1
35
1
21
1
13
1
144
1
991
1
537
1
181
1
345
1
966
1
125
1
91
1
908
1
91
1
91
1
457
1
262
1
398
1
225
1
557
1
93
1
326
1
318
1
128
1
101
1
157
1
368
1
121
1
513
1
173
1
215
2
877
1
171
1
164
1
299
1
21
1
69
1
1069
1
182
1
239
1
71
1
408
1
373
1
23
1
149
1
170
1
332
1
61
1
162
1
81
1
143
1
420
1
21
1
301
1
349
1
434
1
591
1
81
1
2
1
329
1
336
1
116
1
607
1
374
1
1698
1
91
1
288
1
433
1
455
1
169
1
1345
1
22
1
891
1
728
1
159
1
2335
1
15
3
345
3
377
1
83
1
727
1
79
2
74
1
1437
1
1086
1
624
1
184
1
1444
1
4
2
614
1
190
1
729
1
811
1
806
1
83
1
1536
1
253
1
1618
1
622
1
277
1
88
1
84
1
5
1
1095
1
811
1
806
1
84
1
884
1
626
1
104
1
1619
1
809
1
171
1
87
1
86
1
2
1
90
1
1909
1
891
1
2345
1
253
1
1446
1
258
1
89
1
90
1
182
1
104
1
79
1
809
1
809
2
808
1
4
1
3155
1
251
1
556
2
80
1
169
1
360
1
1005
1
79
1
85
1
723
1
729
1
79
1
2338
1
266
1
1366
1
76
1
172
1
87
1
89
1
273
1
107
1
79
1
75
1
91
1
562
1
63
1
90
1
6
1
802
1
3336
1
1529
1
264
1
366
1
15
1
971
1
84
1
2429
2
811
1
571
1
239
1
568
1
960
1
175
1
267
1
89
1
275
1
86
1
641
1
810
1
700
1
820
1
1645
1
79
1
78
1
731
2
76
1
1
1
895
1
719
1
814
1
345
1
275
1
445
1
374
1
14
1
236
1
569
1
69
1
706
1
10
1
356
1
2241
1
730
1
96
1
524
1
118
1
329
1
479
1
813
1
330
1
545
1
717
1
22
1
1689
1
170
1
544
1
1431
1
187
1
446
2
85
2
1110
1
1857
1
535
1
1640
1
175
2
701
1
752
1
333
1
85
1
537
1
661
1
2
1
811
1
805
1
878
1
78
1
627
1
34
1
55
1
276
1
637
1
434
1
726
1
1104
1
2669
1
1464
1
248
1
635
1
437
1
449
1
366
1
1016
1
1046
1
1528
1
650
1
11
1
67
1
13
1
79
1
729
1
783
1
105
1
703
1
180
1
95
1
269
1
537
1
545
1
718
1
22
1
67
1
741
1
894
1
781
1
181
1
93
2
2163
1
91
1
1
1
75
1
95
1
636
1
167
1
480
1
2
1
157
1
653
1
75
2
80
1
806
1
649
1
159
1
984
1
475
1
329
1
806
1
89
1
89
1
990
1
1012
1
892
1
1787
1
2261
1
162
1
447
1
456
1
270
1
81
1
453
1
468
1
85
1
72
1
809
1
93
1
556
1
250
1
717
1
730
1
1447
1
249
1
1387
1
78
2
242
1
489
1
48
1
25
1
426
1
381
2
78
1
349
1
380
3
77
1
886
1
1368
1
22
1
57
1
743
1
153
1
361
1
368
1
735
1
77
1
515
1
291
2
336
1
272
1
1
1
197
2
78
1
257
1
471
1
1548
1
70
1
785
1
749
1
611
1
284
1
168
2
342
1
294
1
808
1
725
1
10
1
71
1
2
1
430
1
309
1
146
1
76
1
90
1
478
1
162
1
658
1
150
1
647
1
1058
1
450
1
114
1
4
1
74
1
165
2
640
1
735
1
73
1
154
1
585
1
70
1
1148
1
373
1
10
1
821
1
69
1
1153
1
819
1
264
1
86
1
916
1
810
1
519
1
89
1
128
1
42
1
729
1
444
2
1207
1
136
1
90
1
183
3
807
1
385
1
345
1
84
1
630
2
716
1
168
1
491
1
503
1
305
1
1221
1
364
1
90
1
354
1
546
1
1804
1
84
1
3
1
629
1
343
1
539
1
492
2
66
1
345
1
87
1
88
1
1346
1
92
1
809
2
397
1
878
1
717
1
356
1
84
1
378
1
3661
2
716
1
92
1
1
1
384
1
11
1
81
2
968
1
533
1
546
1
1345
1
4
1
259
1
179
1
365
2
259
1
1254
1
275
1
478
1
1
1
52
1
104
3
166
1
2
1
396
1
80
1
694
1
260
1
718
1
286
1
89
1
90
1
341
1
809
1
456
1
89
1
273
1
266
1
86
1
455
1
96
1
647
1
64
1
96
1
164
1
2
1
477
1
3
1
328
1
396
1
161
1
728
1
80
1
1
1
648
1
52
1
26
1
74
1
349
1
991
1
3
1
119
1
14
1
810
1
809
1
47
1
175
1
573
1
5
1
303
1
272
1
184
1
20
1
513
1
1106
1
240
1
896
1
281
1
222
1
55
1
12
1
80
3
632
1
25
1
6
1
797
1
11
1
766
1
43
2
24
1
197
1
1247
2
92
1
20
1
512
1
91
2
298
1
1
1
417
1
1121
1
4
1
70
2
234
1
504
1
135
1
451
1
222
1
408
1
165
1
235
1
393
1
270
1
145
1
6
1
222
1
434
1
949
1
71
1
2
1
64
1
888
1
1084
1
532
1
461
1
943
1
321
1
488
1
944
1
94
1
634
1
12
1
1
1
160
1
344
1
90
1
186
1
186
1
589
1
218
1
543
1
46
1
203
1
90
1
626
1
23
1
1248
1
540
1
2
1
883
1
1221
1
74
1
63
1
93
1
165
1
180
1
90
1
116
1
80
1
765
1
32
1
776
1
1383
1
720
1
310
1
321
2
485
1
809
1
70
1
1
1
1411
1
123
1
228
1
364
2
284
1
11
1
83
1
153
1
548
1
443
1
468
1
347
1
463
1
256
1
720
1
2
2
252
1
232
2
774
1
37
1
68
1
155
1
77
1
1085
1
214
1
11
1
152
2
1535
1
67
1
169
1
627
1
371
1
1272
3
713
1
11
1
56
1
10
1
530
1
141
1
73
1
51
1
24
2
431
1
88
1
136
1
56
1
68
1
2304
1
800
2
80
1
62
1
661
1
4
1
685
1
199
2
1135
1
413
2
146
1
809
1
157
1
186
1
1194
1
1231
1
296
1
15
1
79
1
168
1
344
1
214
1
600
1
991
1
707
1
1721
1
431
1
91
1
2
1
317
1
489
1
1
1
305
1
136
1
687
1
62
1
14
1
78
3
167
1
1
1
494
2
60
1
747
1
299
1
258
1
245
1
54
1
342
2
418
1
131
1
886
1
439
1
628
1
183
2
205
1
511
1
183
1
276
1
166
1
455
1
284
1
2
1
151
1
309
1
20
1
219
1
14
1
1
1
253
1
297
1
32
2
808
1
1
1
115
1
12
1
351
1
283
1
44
1
130
1
169
1
74
1
2830
1
81
1
161
1
349
1
224
1
12
1
321
1
721
1
633
1
520
1
277
1
92
1
353
1
88
1
224
1
12
1
299
1
346
1
293
1
680
2
44
1
82
1
667
1
47
1
23
1
726
1
24
1
57
1
69
1
428
1
376
1
184
1
1294
1
140
1
668
1
48
1
536
1
87
1
1088
1
155
1
468
1
56
1
60
1
66
1
65
1
602
1
1836
1
12
1
92
1
974
1
900
1
357
1
366
1
86
1
2
1
87
1
1
1
275
1
1493
1
56
1
809
1
1537
1
694
1
1424
1
459
1
260
1
3
1
715
1
1309
1
218
1
604
1
125
1
636
1
21
1
24
1
786
2
66
1
263
1
152
1
89
1
27
1
613
1
367
1
101
1
752
2
400
1
163
1
242
1
809
1
311
3
253
1
1007
1
431
1
272
1
219
1
242
1
348
1
532
1
27
1
61
1
27
1
89
1
208
1
238
1
165
1
367
1
351
1
271
1
632
1
1204
1
47
1
35
1
1049
1
1
1
345
1
150
1
311
2
566
1
241
1
882
1
117
1
89
1
206
1
55
1
158
1
559
1
181
1
95
1
437
1
125
1
47
1
363
1
411
2
66
1
727
1
12
1
785
1
890
1
253
1
499
1
310
1
882
1
117
1
89
1
89
1
1141
1
374
3
73
1
460
1
570
1
742
1
70
1
235
1
352
1
124
1
596
1
224
1
12
1
568
3
283
1
264
1
75
1
432
1
68
2
394
1
352
1
129
1
171
1
508
1
131
1
677
1
15
1
544
1
225
1
403
1
374
1
1412
1
90
1
137
1
23
1
46
1
81
1
78
1
258
1
90
1
311
1
316
1
90
1
183
1
1276
1
641
2
141
1
747
1
254
1
1177
1
262
1
639
1
2298
2
25
1
191
1
90
1
182
1
315
1
142
1
169
1
976
1
318
1
71
1
164
1
1158
1
1255
1
589
1
11
1
58
1
765
1
1375
1
228
1
464
1
1157
1
54
1
136
1
372
1
239
1
480
1
90
1
91
2
204
1
334
1
1298
2
122
1
672
1
69
1
740
1
520
1
89
1
114
1
10
1
323
1
153
1
345
1
204
1
270
1
335
1
123
1
440
1
720
1
90
1
90
1
135
1
219
1
258
1
471
1
889
1
92
1
346
1
961
1
70
1
79
1
154
1
374
1
199
1
81
1
642
1
1056
1
585
1
127
1
443
1
1
1
88
2
122
1
489
1
298
1
854
1
70
1
395
1
287
1
125
1
229
1
501
1
68
1
608
1
83
1
116
1
80
1
141
1
371
1
371
1
591
2
22
1
196
1
255
1
180
1
631
2
1137
1
24
1
855
1
576
1
1018
1
93
1
529
1
83
1
45
3
291
1
582
1
328
1
270
1
720
1
216
1
879
1
1631
1
148
1
649
1
252
1
487
1
68
1
92
1
155
1
374
1
83
1
20
1
10
1
85
1
221
1
549
1
117
1
861
1
466
2
122
1
25
2
215
1
647
1
332
3
793
1
180
1
324
2
725
1
82
1
69
1
714
1
442
1
180
1
197
1
1
3
75
1
169
1
92
1
400
1
317
1
256
1
196
1
186
1
428
3
374
1
79
1
593
1
220
1
165
1
3
1
558
1
233
1
435
1
139
1
692
1
47
1
53
1
15
1
142
1
12
1
350
1
169
1
45
1
419
1
104
1
63
1
24
2
289
3
221
1
26
2
1212
1
15
1
44
1
972
1
259
2
339
2
378
2
416
1
128
1
170
1
510
1
300
1
811
1
347
1
161
1
485
1
76
1
16
1
89
1
111
1
256
2
231
1
351
1
61
1
3
1
301
1
446
1
33
1
10
1
717
1
605
1
381
1
245
1
375
1
20
1
10
1
24
1
870
1
393
1
287
1
113
1
753
1
65
1
419
1
76
1
89
1
163
1
59
1
315
1
13
1
480
3
748
1
33
1
10
1
13
1
67
1
518
1
116
1
20
1
10
1
15
1
57
2
133
1
362
1
90
1
219
1
71
1
338
1
471
1
248
1
1215
1
312
1
463
1
47
1
42
1
25
1
158
1
334
1
89
1
139
1
59
1
261
1
510
1
36
1
10
1
599
1
117
1
43
1
2
1
33
1
24
2
66
1
78
1
156
1
399
1
91
1
148
1
730
1
94
1
165
1
183
2
247
1
104
1
24
1
65
1
183
1
975
1
264
1
57
1
715
1
22
3
230
1
243
1
12
1
275
1
261
1
275
1
151
1
210
1
249
1
360
1
162
1
60
2
66
1
78
1
556
1
44
1
58
1
149
1
978
1
90
1
91
1
91
1
251
1
34
1
1607
1
1170
1
319
1
3
1
21
1
374
1
91
1
152
1
210
1
263
1
64
1
505
1
1687
1
248
1
90
1
91
1
91
1
369
1
655
1
46
1
833
1
657
1
69
1
174
1
436
1
140
3
21
1
270
1
195
1
62
1
27
1
283
1
252
1
256
1
312
2
749
1
194
1
452
1
447
1
523
1
209
1
168
1
546
1
95
1
1454
1
611
1
277
1
261
1
182
1
511
1
593
1
1
1
1216
1
329
1
12
1
468
1
2
1
72
1
719
1
565
1
153
1
656
1
75
1
499
1
68
1
173
1
437
1
356
1
157
1
281
1
437
1
836
2
254
1
239
1
13
1
113
1
535
2
272
1
68
1
284
2
717
1
419
1
12
1
44
1
162
1
614
1
113
1
82
2
424
1
127
1
10
1
253
1
257
1
180
1
372
1
141
1
421
1
138
1
820
1
79
1
441
1
223
1
482
1
16
1
271
1
101
1
342
2
396
1
578
1
1193
1
1
1
599
1
21
1
125
1
417
1
3
1
72
1
12
1
2
1
150
1
101
1
32
1
667
1
108
1
762
1
749
1
129
1
744
1
145
1
601
1
115
1
787
1
10
1
659
1
855
1
43
1
22
1
241
1
463
1
847
1
136
1
235
1
16
1
253
1
220
1
240
1
348
1
720
1
91
3
285
1
145
1
195
1
74
1
380
1
519
1
220
1
83
1
64
1
168
1
1239
1
325
1
483
1
15
1
463
1
14
2
152
1
171
1
143
1
249
1
476
1
1037
1
271
1
90
1
115
1
43
1
562
2
246
1
14
1
760
1
10
1
219
1
15
1
644
1
82
1
678
1
104
1
207
1
976
1
387
1
46
1
115
1
168
1
874
1
640
1
16
1
163
1
318
1
81
1
318
1
258
1
644
1
74
1
900
1
173
1
71
1
139
1
169
1
1235
2
126
1
92
1
245
1
13
1
92
1
191
1
266
1
167
1
154
1
1360
1
16
1
344
1
137
1
10
1
220
1
168
1
387
1
115
1
306
1
184
1
234
1
11
1
14
1
55
1
45
1
170
1
91
1
374
1
266
1
170
1
163
1
207
1
114
1
66
1
169
1
361
1
630
1
91
1
224
1
11
1
3
1
139
1
246
1
154
1
719
1
470
1
186
1
493
1
82
1
2
1
201
1
101
1
502
1
216
1
274
1
305
1
321
1
640
1
64
1
106
1
403
1
69
1
94
1
888
1
154
1
103
1
182
1
369
1
1143
1
555
1
344
1
137
1
10
1
389
1
995
1
374
1
647
1
230
1
602
1
56
1
94
1
426
1
720
1
154
1
301
1
519
1
161
1
835
1
44
1
1
1
134
1
93
2
483
1
150
1
867
1
10
1
1389
1
80
1
162
1
741
1
170
1
255
1
811
1
90
1
290
1
77
1
168
1
444
1
441
1
318
1
10
1
84
1
202
1
282
1
308
1
501
1
76
1
14
1
285
1
342
1
1
2
72
1
1050
1
58
1
91
1
159
1
77
1
434
1
135
1
184
1
256
1
381
1
77
1
235
1
115
1
90
1
148
1
138
2
341
1
465
1
2
1
78
3
562
1
298
1
373
1
159
1
141
1
235
1
478
1
22
1
70
1
329
1
1
1
337
1
195
1
182
1
76
1
719
1
438
1
130
1
90
1
798
1
24
1
234
1
733
1
256
1
187
1
193
1
428
1
304
1
156
1
64
1
193
5
305
1
738
1
72
1
693
1
117
1
68
1
80
1
691
1
543
1
296
1
10
1
11
1
67
1
557
1
185
1
80
1
247
1
375
1
10
1
148
1
182
1
417
1
74
2
483
1
475
1
243
1
90
1
91
1
135
1
10
1
480
1
377
1
10
1
11
1
148
1
66
1
500
1
243
1
245
1
401
1
57
1
24
1
251
1
254
1
388
1
91
1
258
1
89
1
197
1
10
1
11
1
241
1
167
1
316
1
83
1
395
1
78
1
335
2
66
1
252
2
638
1
890
1
256
1
377
1
341
1
354
1
795
1
209
1
154
1
513
1
161
1
425
1
289
1
1551
1
68
1
79
1
427
1
187
1
114
1
157
1
77
1
503
1
71
1
64
1
442
1
721
1
283
1
34
1
400
1
303
1
139
1
273
1
431
1
384
1
180
1
553
1
258
1
309
1
410
1
152
1
564
1
154
1
321
1
11
1
228
1
77
1
431
1
128
1
12
1
66
1
92
1
496
1
154
2
233
1
274
1
627
1
339
1
379
1
1194
1
20
1
48
1
46
1
66
1
66
1
349
1
106
1
217
1
67
1
326
1
168
1
220
1
10
1
11
1
69
1
775
1
33
1
158
1
557
1
879
1
1071
1
183
1
375
1
13
2
144
1
660
1
669
1
313
1
348
1
145
1
140
1
341
1
718
1
524
1
115
1
76
1
797
1
569
1
603
1
242
1
124
1
169
1
183
1
330
1
125
1
170
1
75
1
341
1
14
1
69
1
31
1
33
1
78
1
259
1
436
1
33
1
173
1
165
1
376
1
10
1
12
1
410
1
63
1
654
1
64
1
422
1
36
1
114
1
77
1
797
1
12
1
65
1
525
1
193
1
101
1
272
1
184
1
90
1
10
1
11
1
56
1
695
1
297
1
502
1
31
1
372
1
180
1
222
1
32
1
191
1
181
1
435
1
349
1
492
1
418
1
1145
1
21
1
772
1
308
1
181
1
91
1
215
1
23
1
103
1
284
4
405
1
310
1
502
1
31
1
204
1
92
1
255
1
222
1
32
1
32
1
340
1
90
1
64
1
25
1
366
1
354
1
1513
1
256
1
304
1
2
1
63
1
362
1
74
1
165
1
24
1
271
1
478
1
832
1
311
1
74
1
458
1
122
1
13
2
633
1
477
1
390
1
10
1
173
1
143
1
911
1
323
1
486
1
206
1
409
1
990
1
324
1
796
1
83
1
78
3
165
3
403
1
91
1
94
1
495
1
346
1
579
1
171
1
79
1
92
1
155
1
538
1
194
1
625
1
744
1
1139
3
372
1
10
1
11
1
215
1
479
1
114
1
714
1
115
1
214
1
662
1
79
1
157
1
732
1
496
1
128
1
520
1
208
1
22
1
68
1
56
1
22
1
78
1
259
1
250
1
26
1
113
1
80
1
337
1
206
1
116
1
229
2
61
1
719
1
194
3
303
1
320
1
590
1
80
1
253
1
543
1
340
1
91
4
387
1
65
1
92
1
170
1
74
1
250
1
128
1
878
1
22
1
172
1
464
1
1062
1
259
1
320
1
204
1
522
1
11
1
14
1
20
1
34
1
399
1
488
1
252
1
715
1
497
1
482
1
482
1
234
1
616
1
22
1
326
1
101
1
230
1
69
1
80
1
588
1
468
1
90
1
91
1
434
1
101
1
90
1
167
1
314
1
1
1
723
1
93
1
251
1
475
1
147
1
444
2
272
1
25
1
158
1
651
1
481
1
392
1
170
1
1368
1
82
3
611
1
20
1
228
1
101
1
181
1
249
1
562
1
234
1
138
1
68
1
21
1
661
1
82
1
42
1
114
1
76
1
90
1
167
1
358
1
1002
1
386
1
252
1
556
1
410
1
656
1
724
1
238
1
513
1
571
1
155
1
70
1
238
1
258
1
310
1
82
1
403
1
104
1
216
1
83
1
809
1
53
1
275
1
479
1
65
1
326
1
101
1
719
1
471
1
247
1
549
1
169
1
272
1
629
1
91
1
90
1
213
1
251
1
92
1
243
1
161
1
311
1
582
1
488
1
202
1
516
1
362
1
90
1
597
1
120
1
114
1
2
1
64
1
505
1
235
1
1
1
212
1
912
1
90
1
237
1
37
1
54
1
390
3
723
1
420
1
233
1
659
1
43
1
24
1
159
1
463
1
69
1
43
1
57
1
12
1
55
1
670
1
809
1
81
1
215
1
282
1
85
1
110
1
56
2
32
1
431
1
165
1
178
1
11
1
44
1
1
1
67
2
338
1
91
2
143
1
150
1
607
1
352
1
90
1
90
1
1258
1
440
1
1017
1
330
1
91
1
386
1
68
1
1539
1
11
1
68
1
1536
1
5
1
256
1
626
1
92
1
813
1
255
1
91
1
91
1
1813
1
14
1
807
1
331
1
546
1
262
1
717
1
555
1
5
1
152
1
270
1
459
1
798
1
1803
1
557
1
12
2
773
1
367
1
639
1
647
1
794
1
6
1
882
1
355
2
84
1
2
1
90
1
90
1
171
1
2361
1
13
1
145
1
1635
1
169
1
477
1
969
1
164
1
549
1
264
1
267
1
89
2
174
1
181
1
558
1
251
1
1382
2
1780
1
647
1
968
1
715
1
986
1
541
1
10
1
254
1
1
1
1376
1
2
1
806
1
1687
1
93
1
807
1
171
1
2338
1
568
1
1765
1
730
1
14
1
888
1
171
1
636
1
350
1
90
1
2874
1
547
1
261
1
571
1
80
1
2
1
76
3
74
1
652
1
1062
1
1169
1
359
1
724
2
614
1
193
1
615
1
33
1
81
1
811
1
79
1
622
1
833
1
797
1
342
3
1444
1
531
1
118
1
158
1
85
1
84
1
638
1
3
1
81
1
569
1
889
1
79
1
632
1
170
1
616
1
2251
1
295
2
348
1
458
1
169
1
346
1
218
1
72
4
516
1
289
1
522
1
214
1
1692
1
79
1
796
1
182
1
560
2
72
1
542
1
999
2
1238
1
90
1
91
1
198
2
337
1
1208
1
3
1
806
1
880
1
79
1
648
1
76
1
4
2
163
1
558
1
256
1
635
2
155
1
569
1
604
2
1440
1
399
1
772
1
353
1
92
1
397
1
411
1
463
1
5
1
61
1
195
1
177
3
91
1
197
1
79
1
724
1
5
1
77
1
336
1
400
2
409
1
2
1
467
3
724
1
11
1
70
1
742
1
66
1
967
1
582
1
135
1
663
1
607
1
1
1
1086
1
524
1
215
1
71
1
807
1
727
1
331
1
1288
1
1233
1
640
1
355
2
281
1
243
1
719
1
364
1
286
1
79
1
661
1
55
1
755
1
1753
1
1476
1
605
1
92
1
190
1
242
1
566
1
73
1
259
1
3
1
88
1
177
1
448
1
492
1
1675
1
753
1
147
1
169
1
902
1
997
1
526
1
1173
1
196
1
809
1
745
1
143
1
1448
1
1076
1
520
1
374
1
270
1
276
1
170
1
354
1
627
1
806
1
401
1
1936
1
574
1
159
1
567
1
1046
1
90
1
359
1
256
1
106
1
805
1
261
1
177
1
85
1
180
1
274
1
353
1
45
2
1698
1
1
1
156
1
2
1
647
1
158
1
169
1
376
1
23
1
161
1
76
1
648
2
156
1
732
5
254
1
393
1
420
1
371
1
1066
1
437
1
94
1
717
1
719
1
285
1
67
1
682
1
877
2
427
1
311
1
408
1
397
1
3
1
320
1
489
1
33
1
451
1
324
1
230
1
573
1
5
1
485
1
459
1
442
1
627
1
482
1
722
1
69
1
12
1
145
1
281
1
311
1
1206
1
378
1
266
1
1513
1
544
1
125
1
320
1
90
1
90
1
91
2
225
1
72
2
159
1
1377
1
156
1
348
1
311
1
1206
1
448
1
197
1
343
1
997
1
442
1
272
3
208
1
160
1
256
1
551
1
258
1
318
1
70
1
874
1
671
1
410
1
1
1
90
1
293
1
13
1
1042
1
343
1
267
1
1007
1
347
2
717
1
550
1
578
1
398
1
1543
1
176
1
307
1
229
1
579
1
1042
2
350
1
85
1
212
1
158
1
257
1
1165
1
117
1
76
1
731
1
649
1
809
1
234
1
90
1
4
1
267
1
1028
1
808
1
2
1
68
1
157
1
167
1
95
1
805
1
2
1
469
2
62
1
274
2
454
1
13
1
155
1
548
1
443
1
726
1
378
1
15
1
157
2
527
1
2
1
523
1
482
1
236
1
503
2
226
1
263
1
468
1
337
3
294
1
514
1
808
1
274
1
113
1
328
1
400
1
3
1
79
1
62
1
360
1
304
1
132
1
10
1
273
1
269
1
122
1
131
1
10
1
12
1
716
1
11
1
2
1
53
1
23
1
3
1
1466
1
55
1
79
1
352
2
1129
1
489
1
468
1
650
1
157
1
438
1
214
1
506
1
89
1
89
2
122
1
324
1
4
1
451
1
106
1
1512
1
37
1
302
1
993
1
455
1
11
1
341
1
2
1
304
1
136
1
690
1
59
1
93
1
666
2
59
2
135
1
23
1
167
1
481
1
599
1
142
1
7
1
128
1
260
1
384
1
167
1
168
1
164
1
180
1
810
1
162
1
763
1
696
1
134
1
583
1
306
1
249
1
65
1
493
1
160
3
584
1
809
1
485
1
89
1
88
1
162
1
117
1
724
1
328
1
398
1
36
1
129
1
679
1
128
1
64
1
744
1
246
1
273
1
138
1
4
1
387
1
89
1
1140
1
141
1
349
1
378
1
342
1
89
1
2
1
86
1
237
1
16
1
116
1
170
1
493
1
11
1
132
1
515
1
161
1
940
1
78
1
577
1
152
1
667
1
205
1
115
3
61
1
179
1
117
1
523
1
458
1
441
1
722
1
89
2
87
1
2
1
86
1
148
1
647
1
177
1
180
1
674
2
703
1
602
1
228
1
127
1
362
1
376
1
68
1
359
1
89
1
27
1
88
1
120
1
771
1
101
1
738
1
10
1
311
1
1322
1
809
2
59
1
761
1
797
1
783
1
127
1
113
1
335
1
27
1
88
1
126
1
811
1
136
1
717
1
761
1
313
2
343
1
961
1
70
1
68
1
173
1
566
1
241
1
347
1
276
1
533
1
263
1
113
1
567
1
868
1
10
1
431
1
89
1
356
1
993
1
486
1
83
1
586
1
106
1
1072
1
259
1
90
1
91
1
206
1
11
1
135
1
455
1
138
1
810
1
122
1
116
1
553
1
16
1
121
1
376
1
87
1
1
1
342
1
192
1
501
1
114
1
193
1
810
1
166
1
332
1
660
2
285
1
248
1
388
1
10
1
1037
1
115
1
361
1
117
1
54
1
183
1
166
1
901
1
1
1
164
1
290
1
659
1
149
1
744
1
236
1
349
1
915
1
101
1
753
1
476
1
389
1
236
1
117
1
386
1
214
1
596
1
237
1
979
1
479
1
741
2
782
1
24
1
571
1
224
1
307
1
559
1
523
1
481
1
142
1
1091
1
154
1
67
1
124
1
10
1
180
1
407
1
25
1
794
1
301
1
558
1
775
1
1
1
807
1
273
1
180
1
401
1
724
1
17
1
75
2
55
1
452
1
65
1
189
1
43
2
67
1
740
1
71
2
772
1
911
1
588
1
22
1
276
1
105
1
718
1
717
1
577
1
10
1
84
1
32
1
196
1
1325
1
392
1
382
1
20
1
60
1
161
1
602
1
555
1
206
1
47
1
193
1
271
1
388
1
333
1
393
1
21
1
72
2
123
1
270
1
413
1
715
1
10
1
37
1
1079
1
11
1
180
1
460
1
65
1
466
1
241
1
669
1
46
1
783
1
10
1
11
1
469
1
285
1
54
1
25
1
262
1
92
1
625
1
91
1
508
1
787
1
10
1
70
1
83
1
143
1
13
1
166
1
340
1
915
1
36
1
887
1
599
2
556
1
254
1
102
1
648
1
55
1
380
1
1172
1
66
1
130
1
64
1
91
1
651
1
862
1
89
1
113
1
468
1
46
1
37
1
529
1
1169
1
975
1
76
1
13
1
89
1
89
1
162
1
379
1
1273
1
80
1
694
1
182
1
672
1
225
1
666
1
668
1
763
1
43
1
3
1
101
1
116
1
586
1
105
1
283
1
396
1
415
2
487
1
1
1
68
2
654
1
152
1
81
1
1373
1
12
2
68
1
609
1
201
2
77
1
76
1
438
1
215
1
1043
1
348
1
163
1
24
1
20
1
175
1
612
1
197
1
167
1
255
1
117
1
115
1
1
1
31
1
911
1
14
1
532
1
55
1
297
1
93
1
477
1
608
1
128
1
1
1
69
3
739
1
69
1
76
3
244
1
270
1
176
1
20
1
10
1
82
1
429
1
2
1
88
1
287
2
669
1
141
1
76
1
169
1
420
1
69
2
320
1
441
1
441
1
549
1
185
1
463
1
441
1
265
1
20
1
10
1
84
2
221
1
116
1
399
1
32
1
37
1
248
1
692
1
590
1
161
1
4
1
244
1
77
1
346
1
134
1
673
1
68
2
146
1
171
1
256
1
163
1
390
1
255
1
218
1
161
1
65
1
106
1
497
1
239
3
141
1
22
1
66
1
89
1
393
1
353
1
87
2
263
1
2062
1
309
1
776
1
91
1
262
1
416
1
11
1
132
1
677
1
105
1
25
1
672
1
300
1
258
1
380
1
12
1
79
1
144
1
294
1
541
2
431
1
192
1
427
1
822
1
266
1
105
1
623
1
446
1
302
1
416
1
254
1
231
1
46
1
717
1
462
1
77
1
89
1
165
1
219
1
232
1
357
1
387
1
1214
1
71
1
1401
1
539
1
182
1
212
1
105
1
309
1
362
1
136
1
795
1
83
1
323
1
89
1
89
1
118
1
41
1
4
1
55
1
148
1
337
1
392
1
146
1
23
1
496
1
10
1
60
1
408
1
978
1
128
1
91
1
511
1
249
1
72
2
56
1
81
1
258
1
90
1
213
1
891
1
737
1
399
1
435
1
56
1
238
1
246
1
89
1
24
1
185
1
148
1
207
1
1355
1
635
1
20
1
10
1
571
1
322
1
33
1
90
1
168
1
195
1
89
1
123
1
21
1
392
1
165
1
644
1
255
1
233
1
325
1
408
1
13
1
543
1
24
1
64
1
177
1
32
1
22
1
1
2
2322
1
139
1
761
1
24
2
43
1
354
2
281
1
20
1
1132
1
727
1
1082
1
274
1
54
1
1
1
33
1
520
1
89
1
290
1
248
1
490
1
409
1
296
1
253
1
350
1
237
1
106
1
680
1
150
1
92
1
600
1
57
1
321
1
75
1
344
2
665
1
116
1
694
1
93
1
239
1
281
1
343
3
54
1
318
1
387
1
680
1
12
1
447
1
90
1
810
1
396
1
80
1
24
1
22
1
284
1
488
1
57
1
158
1
921
1
411
2
306
1
272
1
183
1
69
1
377
1
73
1
643
1
463
1
46
1
556
1
90
1
1027
1
717
1
22
1
138
1
696
1
43
1
35
1
192
1
349
1
127
1
702
1
165
1
31
1
174
1
257
1
90
1
183
1
43
1
3
1
397
1
1183
1
107
1
404
1
77
1
266
1
922
1
1059
1
446
1
124
1
760
2
754
1
125
3
157
1
53
1
203
1
89
1
539
1
642
1
562
1
94
1
2
1
201
1
520
1
49
1
523
1
92
1
366
1
1446
1
80
1
170
1
505
1
1279
1
339
1
60
1
172
1
647
1
164
1
169
1
718
1
523
1
169
1
282
1
77
1
103
1
114
1
139
1
360
1
105
1
720
1
466
1
158
1
566
1
21
1
716
1
321
1
247
1
239
1
400
1
194
1
354
1
24
1
81
1
167
1
561
1
681
1
633
1
277
1
351
1
90
1
1025
1
244
1
77
1
91
1
2013
1
161
1
12
1
314
1
205
1
217
1
137
1
183
1
255
1
231
1
73
1
131
1
25
1
636
1
14
1
414
1
287
1
106
1
234
1
478
1
162
1
351
1
90
1
239
1
389
1
409
1
65
1
685
1
111
1
12
1
78
1
706
1
24
1
79
1
233
1
340
1
155
1
64
1
78
1
78
1
513
1
73
1
157
1
577
1
73
1
761
1
46
1
403
1
346
1
33
1
637
1
264
1
262
1
73
1
378
1
10
1
169
1
13
1
256
1
629
1
376
1
186
1
222
1
114
1
180
1
218
3
70
1
63
1
67
1
117
1
485
1
73
1
157
1
165
1
485
1
1491
1
363
1
706
1
103
1
92
1
336
1
1617
1
117
1
105
1
52
1
295
1
354
1
10
1
739
1
11
1
46
1
836
1
735
1
71
1
66
1
337
1
103
1
158
1
83
1
387
1
626
1
487
1
511
1
346
1
111
1
13
1
223
1
179
1
406
1
78
1
53
1
1413
1
3
1
133
1
743
2
736
1
490
1
204
1
515
1
374
1
21
1
24
1
44
1
740
1
67
1
12
1
170
1
166
1
334
1
136
1
224
1
113
1
180
1
289
3
132
1
113
1
257
1
15
1
285
1
1
2
155
1
93
1
74
1
367
1
113
1
2
1
806
1
2
1
42
1
21
1
93
3
482
1
48
1
31
1
504
1
387
1
146
1
184
2
336
1
1758
1
173
1
74
1
421
1
556
1
251
1
69
2
67
1
4
1
75
1
55
1
191
1
414
1
736
1
786
1
166
1
63
1
602
1
195
1
181
1
93
2
476
1
225
1
12
1
535
1
122
1
707
1
90
1
11
1
236
1
410
1
15
1
66
1
81
1
715
1
237
1
408
1
20
1
60
1
162
1
144
1
270
1
138
1
104
1
45
1
169
1
14
1
349
1
156
1
72
1
136
1
260
1
339
1
209
1
263
1
546
1
427
1
166
1
60
1
48
1
42
1
251
1
558
1
395
1
346
1
68
1
81
1
221
1
23
1
977
1
382
1
77
1
94
1
381
1
103
1
216
1
13
1
257
1
90
1
288
1
13
1
53
1
11
1
337
1
13
1
92
1
365
1
246
1
550
1
90
1
184
1
73
1
345
1
21
1
123
1
170
1
384
1
105
1
68
1
158
1
258
1
216
1
176
1
313
1
824
1
467
1
80
1
170
1
641
1
62
1
78
1
513
1
138
1
441
1
114
1
20
1
1639
1
49
1
183
1
625
1
185
1
335
1
77
1
159
1
141
1
1151
1
375
1
21
1
386
1
340
1
236
1
771
1
117
1
73
1
271
1
175
1
79
1
282
1
181
1
446
1
90
1
348
1
158
1
70
1
94
1
795
1
429
1
77
1
209
1
522
1
720
1
92
1
318
1
137
1
234
1
340
1
10
1
225
1
75
1
65
1
629
1
117
1
504
1
880
1
11
1
58
1
68
1
156
1
12
1
182
1
385
1
248
1
1218
1
310
1
337
1
242
1
307
1
103
1
91
1
262
1
55
2
137
1
170
1
443
1
830
1
21
1
116
1
117
1
714
1
441
1
174
1
546
1
192
1
52
1
72
1
329
1
91
1
386
1
407
1
377
1
329
1
168
1
114
1
146
1
894
1
282
1
25
1
498
1
140
2
612
1
54
1
220
2
505
1
58
1
707
1
139
1
557
1
101
1
547
1
62
1
89
1
11
1
149
1
377
1
821
1
90
1
355
1
455
1
719
2
164
1
332
1
194
1
499
1
114
1
219
1
257
1
297
1
604
1
113
1
183
1
68
1
247
1
298
1
192
1
170
1
91
1
166
1
217
1
94
1
2029
1
718
1
1067
1
126
1
114
1
140
2
76
1
336
1
12
1
720
1
204
1
331
1
183
1
906
1
311
2
304
1
168
1
89
1
471
1
14
1
1388
1
55
1
958
1
488
1
253
1
3
1
887
3
242
1
218
1
125
1
296
1
93
2
575
1
237
1
409
1
14
1
229
2
232
1
11
1
297
1
398
1
10
1
105
2
221
1
93
1
46
1
261
1
417
1
71
1
137
1
90
1
92
1
166
1
309
1
11
1
810
1
229
1
464
1
115
1
71
1
325
1
718
1
508
1
14
1
227
1
484
1
60
1
104
1
161
1
311
1
159
1
81
1
161
1
811
1
78
1
155
1
424
1
124
1
182
1
65
1
400
1
172
1
156
1
502
1
229
1
65
1
287
1
533
1
168
1
278
1
362
1
77
1
180
1
147
1
516
2
73
1
89
1
127
1
971
1
11
1
45
1
191
1
168
1
403
1
159
1
168
1
977
1
187
1
79
1
286
1
62
1
101
1
379
1
93
1
427
1
158
1
303
1
74
1
275
1
171
1
112
1
249
1
923
1
74
1
207
1
263
1
706
1
103
1
404
1
23
1
382
1
77
1
260
1
389
1
236
1
77
1
15
1
1217
1
786
1
165
1
77
1
484
1
104
1
13
1
282
1
90
1
365
1
55
1
44
1
10
1
11
1
173
1
75
1
536
1
648
1
184
1
1229
1
318
1
809
1
567
1
148
1
10
1
140
1
13
1
703
1
80
1
57
1
35
1
683
1
57
1
69
1
322
1
13
1
726
1
318
1
38
1
56
1
134
1
183
1
1529
1
258
1
91
1
613
1
1139
1
10
1
81
1
139
1
555
1
59
1
125
1
148
1
257
1
473
1
64
1
627
1
111
1
660
1
14
1
303
1
258
1
149
1
94
1
150
1
783
1
259
1
103
1
389
1
237
1
156
1
369
1
44
1
67
1
157
1
583
1
1561
1
34
1
93
1
818
1
352
1
294
1
36
1
100
1
24
1
659
1
124
1
428
1
253
1
70
1
161
1
349
1
273
1
10
1
250
1
92
1
420
2
702
1
10
1
367
1
523
1
139
1
728
1
57
1
106
1
482
1
69
1
58
1
385
1
343
1
79
1
100
1
600
1
83
1
55
1
12
1
55
1
25
1
783
1
104
1
64
1
102
1
479
1
238
1
92
1
165
1
254
2
271
1
23
1
406
1
10
1
37
1
69
1
20
1
10
1
11
1
1218
1
276
1
194
1
80
3
256
1
399
1
431
1
75
1
14
1
353
1
183
1
488
1
68
1
67
1
158
1
650
1
261
1
91
1
91
1
363
1
170
1
92
1
420
2
112
1
694
1
683
1
332
1
603
1
57
1
150
1
1
1
258
1
282
1
133
1
57
1
68
1
10
1
649
1
25
1
225
1
246
1
11
1
473
1
79
1
167
1
387
1
331
1
325
1
458
1
437
1
564
1
186
1
31
1
11
1
488
1
3
2
373
1
957
1
569
1
362
1
91
1
354
1
865
3
66
1
80
1
54
1
104
1
259
1
123
1
91
1
319
1
652
1
731
1
236
1
445
1
624
4
154
1
222
1
338
3
202
1
346
1
165
1
77
1
238
1
869
1
54
1
2
1
146
1
647
1
82
1
80
1
79
1
312
1
10
1
12
1
217
1
240
1
247
1
402
1
80
1
78
1
171
1
63
1
459
1
270
1
496
1
494
1
242
1
476
1
94
1
716
1
1137
1
162
1
716
1
251
1
405
1
299
1
11
1
261
1
306
1
162
1
78
1
169
1
525
1
116
1
232
1
482
1
171
1
384
1
59
1
112
1
13
1
66
1
588
1
186
1
114
1
351
1
398
1
65
1
12
1
77
1
376
1
262
1
648
1
332
1
638
1
66
1
11
1
94
1
165
1
93
1
238
2
136
1
78
1
77
1
655
1
78
1
169
1
716
1
499
1
12
1
205
1
349
1
957
1
241
1
428
1
231
1
319
1
93
1
383
1
95
1
132
1
916
1
242
1
14
1
183
1
42
1
151
1
78
1
77
1
184
1
272
1
42
1
153
1
79
2
552
1
80
1
159
1
247
1
250
1
10
1
93
1
57
1
305
1
1003
1
240
1
215
1
193
1
76
1
228
1
176
1
31
1
127
1
153
1
399
1
240
1
536
1
20
1
35
1
807
1
139
1
78
1
246
1
14
1
455
1
14
1
247
1
874
1
719
1
101
1
217
1
219
1
113
1
258
1
414
1
326
1
91
1
1882
1
42
1
12
1
866
1
160
1
261
1
704
1
13
1
477
1
696
1
20
1
33
1
14
1
20
1
868
1
1114
1
182
1
692
1
309
1
330
1
271
1
379
1
236
1
11
1
876
1
574
3
168
3
543
1
1367
1
219
1
372
1
741
1
386
1
11
1
68
1
419
1
276
1
42
1
229
1
92
1
498
1
72
1
497
1
311
1
291
1
116
1
326
1
71
3
65
1
83
1
167
2
164
1
323
2
67
2
656
1
868
1
47
1
112
1
350
1
191
1
725
1
1
1
80
1
349
1
90
1
75
1
14
1
90
1
185
5
258
1
346
1
95
1
79
1
913
1
442
1
445
1
14
1
258
1
353
1
456
1
307
1
227
1
1808
1
270
1
107
1
1
1
78
1
1
1
260
1
91
1
163
1
291
2
427
1
180
1
200
1
172
1
165
1
719
1
560
1
727
1
823
2
944
1
817
1
652
1
80
1
168
1
76
1
562
2
518
1
290
1
1
2
806
1
3147
1
819
1
78
1
3
1
259
3
973
1
815
1
351
1
26
2
75
1
730
1
79
1
887
1
2204
1
67
1
725
1
1
1
82
1
727
1
80
1
809
1
794
1
16
1
245
1
455
1
356
1
557
1
967
1
1394
1
879
1
169
1
1448
1
1056
1
535
1
181
1
558
1
821
1
891
1
249
1
492
1
146
1
1065
1
357
1
112
1
343
1
1528
1
557
1
1778
1
585
1
145
1
1462
1
248
1
164
1
395
1
507
1
263
1
38
1
73
1
5
1
243
1
2099
1
890
1
729
1
13
1
145
1
663
1
66
1
886
1
798
1
364
1
1440
1
1620
1
489
1
144
1
2326
1
548
1
454
1
1
1
170
1
373
1
159
1
272
2
717
1
814
1
622
1
675
1
1
1
131
1
675
1
1611
1
4
1
786
1
623
1
185
1
262
1
567
1
5
1
5
1
323
1
165
1
180
1
140
1
125
1
104
1
576
1
2
1
579
1
90
1
136
1
218
1
591
1
810
1
58
1
249
1
487
1
418
1
367
1
261
1
547
1
355
1
486
1
36
1
452
1
321
1
125
1
453
1
1038
1
1598
1
69
1
91
1
652
1
3
1
165
1
621
1
444
1
90
1
88
1
184
1
263
1
572
1
5
1
36
1
271
1
500
1
1
1
232
1
809
1
1068
1
1072
1
32
1
818
1
1
1
163
1
621
1
354
1
1066
1
267
1
21
1
175
1
73
1
502
1
398
1
91
1
91
1
213
1
11
1
1
1
398
1
409
1
492
1
317
1
57
1
433
1
318
1
70
1
158
1
564
1
165
1
621
1
430
1
643
2
1161
1
85
1
139
2
45
1
352
1
411
1
398
1
411
1
810
1
69
1
738
1
69
1
327
1
822
1
792
1
645
1
714
1
1482
2
33
1
10
1
764
1
230
1
1376
1
12
1
214
1
13
1
568
1
157
1
263
1
1700
1
309
1
496
1
721
2
407
1
55
1
174
1
578
1
1
1
395
1
563
1
245
1
468
1
340
1
354
1
203
1
652
1
810
1
589
1
630
1
84
1
1
1
306
1
82
1
812
1
737
1
1
1
148
1
794
1
13
1
704
1
104
1
340
1
282
1
22
1
328
1
94
1
341
1
207
1
333
1
900
1
219
1
81
2
811
1
330
1
634
1
582
1
1
1
794
1
1037
1
181
1
92
1
389
3
428
1
299
1
873
1
13
1
77
1
4
1
804
1
4
1
600
1
203
1
605
1
203
1
605
1
57
2
2106
1
294
1
535
1
90
1
90
1
331
1
579
1
139
1
10
1
11
1
247
1
102
1
316
1
143
1
77
1
182
1
75
1
104
1
90
1
278
1
810
1
887
1
348
1
276
1
22
1
82
1
518
1
290
1
246
1
90
1
90
1
223
1
3
1
44
1
283
1
91
1
397
1
810
1
488
1
321
1
139
1
441
1
89
1
138
1
810
1
384
1
564
1
154
1
732
1
258
1
1459
1
2
1
451
1
25
1
1621
1
147
3
1324
1
1020
1
798
1
93
1
246
1
420
1
36
1
22
1
602
1
1758
1
53
1
353
1
89
1
2
1
457
2
170
1
639
1
702
1
10
1
94
1
516
1
266
1
103
1
258
1
307
1
1130
1
1319
2
796
1
70
1
328
1
194
1
183
1
184
1
810
1
245
1
420
1
756
1
841
1
788
1
115
1
2312
1
430
1
284
1
277
1
668
1
798
1
490
1
994
1
91
1
54
1
218
1
730
1
660
1
145
1
718
1
762
1
217
1
593
1
294
1
360
1
810
1
290
1
521
1
148
1
70
2
66
1
173
1
256
1
1096
1
263
1
486
1
2
1
54
1
809
1
68
1
191
1
489
1
58
1
718
1
101
1
707
1
20
1
23
1
45
1
91
1
174
1
349
1
459
1
259
1
306
1
500
3
306
1
945
1
592
1
56
1
90
1
660
1
244
1
531
1
101
1
418
1
309
1
809
1
500
1
95
1
238
2
66
2
739
1
55
1
57
1
10
1
1254
1
308
1
955
1
11
1
93
2
475
1
1
1
591
1
214
1
3
1
1203
1
270
1
128
1
58
1
809
1
33
1
2
1
64
1
433
1
240
1
66
1
500
1
296
1
513
3
202
1
10
1
24
1
112
1
37
1
79
1
75
1
77
1
90
1
91
1
224
1
161
1
92
2
143
1
22
1
270
1
132
1
15
1
59
2
497
1
227
1
82
1
71
1
654
1
83
1
306
1
436
1
7
1
24
1
262
1
271
1
355
1
259
1
15
1
413
1
61
1
70
1
171
1
165
1
180
1
95
1
76
1
184
1
589
1
21
1
936
1
338
1
89
1
262
1
59
1
240
1
91
3
413
1
60
1
577
1
170
1
61
2
735
1
18
1
1630
1
718
1
51
1
10
1
131
1
678
1
60
1
589
1
156
1
881
1
73
1
528
2
132
1
13
1
58
1
150
1
564
1
20
1
60
1
11
1
137
1
567
1
49
1
1580
1
581
1
186
1
112
1
57
1
542
1
172
1
992
1
112
1
66
1
113
1
89
1
231
1
141
1
167
3
358
2
138
1
7
1
210
1
553
1
37
1
4
1
289
1
466
1
59
1
375
1
90
1
523
1
730
1
751
1
241
1
717
1
91
1
257
1
242
1
64
1
341
1
396
1
14
1
55
1
85
1
621
1
46
1
218
1
543
1
55
1
195
1
90
1
180
1
458
1
170
1
92
1
268
1
195
1
419
1
357
1
56
1
808
1
71
1
601
1
20
1
56
1
115
1
672
1
112
1
100
1
258
1
289
1
194
1
1
2
333
1
334
1
60
1
157
1
591
1
385
1
269
1
542
1
430
1
44
1
764
1
58
1
945
1
660
1
11
1
396
1
333
1
213
1
602
2
140
1
335
1
89
1
89
1
215
1
63
1
92
1
812
1
349
1
443
1
184
1
1299
1
150
1
727
1
80
1
2265
1
81
1
336
1
319
1
12
1
62
1
41
1
462
1
89
1
138
1
14
1
218
1
564
1
150
1
94
1
168
1
560
2
78
1
170
1
487
2
43
1
276
1
361
1
20
1
254
1
170
1
256
1
959
1
1
1
67
1
79
1
325
1
332
1
3
1
574
1
305
1
77
3
424
1
707
1
484
3
76
1
1470
2
394
1
900
1
240
1
401
1
997
1
221
1
147
1
733
1
75
1
66
1
180
1
901
1
1
1
1528
1
490
2
1674
1
1147
1
202
1
1032
1
113
1
281
1
1188
1
32
1
308
1
489
1
12
1
59
1
81
1
256
1
76
1
267
1
126
1
53
1
194
1
91
1
164
1
106
1
447
1
164
1
277
1
861
1
397
1
486
1
425
1
89
1
707
1
104
2
1025
1
2
1
33
1
271
1
396
1
92
1
11
1
142
1
541
1
125
1
1
1
57
1
54
1
375
1
90
1
143
1
84
1
34
1
182
1
535
1
102
1
338
1
352
1
67
1
241
1
154
1
89
1
89
1
138
1
26
1
137
1
1
1
64
1
15
1
345
1
89
1
153
1
67
1
23
1
295
1
90
2
163
1
13
1
1030
1
33
1
271
1
77
1
339
1
83
1
744
1
770
1
81
1
589
1
127
1
20
1
787
1
30
1
14
1
55
1
127
1
370
1
11
1
77
1
11
1
208
1
37
1
1286
1
88
1
184
1
33
1
810
1
34
1
774
2
735
1
131
1
614
1
69
1
53
1
706
1
854
1
34
1
58
1
44
1
2
1
652
1
49
1
809
1
1060
1
639
1
92
1
796
1
13
1
669
1
139
1
335
1
14
1
458
1
77
1
650
1
250
1
523
1
111
1
12
1
144
1
22
1
423
1
60
1
691
1
117
1
144
1
438
1
15
1
433
1
520
1
59
1
70
1
326
1
340
1
482
1
284
1
526
1
180
1
227
1
401
1
1193
1
317
1
420
1
836
1
54
1
3
1
65
1
717
1
26
1
722
1
81
1
150
1
246
1
192
1
539
1
547
1
170
1
498
1
402
1
92
1
809
1
329
1
213
1
67
1
10
1
78
1
22
1
1233
1
58
1
238
1
717
1
601
1
127
1
249
1
77
1
411
1
36
1
375
1
547
1
263
1
624
1
580
1
83
1
329
1
325
1
2
1
752
1
111
1
137
1
385
1
1350
1
1067
1
91
2
627
1
396
1
414
1
302
1
22
1
12
1
33
1
35
1
22
1
857
1
65
1
263
1
1123
1
69
1
174
1
52
1
10
1
516
1
21
1
377
1
601
1
114
1
257
1
314
1
239
1
257
3
249
1
1279
1
409
1
739
1
68
1
22
1
32
1
13
1
748
1
66
1
57
1
101
1
78
1
67
1
36
1
52
1
89
1
10
1
312
1
82
1
245
1
1136
1
71
1
48
1
22
1
327
1
422
2
114
1
104
1
544
1
172
1
647
1
162
1
1446
1
33
1
295
1
934
1
373
1
21
1
71
1
2
1
143
1
78
1
912
1
345
1
66
1
102
1
37
1
258
2
534
1
92
1
75
1
270
1
242
1
61
1
65
1
682
2
59
1
53
1
12
1
682
1
59
1
703
1
45
1
283
1
509
1
332
1
91
1
302
1
93
2
284
1
89
1
433
1
812
1
489
1
317
1
127
1
168
1
258
1
209
1
44
1
1
1
58
1
66
1
258
1
410
1
72
1
54
1
271
1
316
1
49
1
520
1
344
1
35
1
170
1
485
1
80
1
262
1
475
1
70
1
138
1
89
1
36
1
52
1
583
1
339
1
425
1
295
1
90
1
395
1
139
1
93
1
472
1
115
1
1
1
681
1
513
1
398
1
1779
1
274
1
384
1
58
1
327
1
422
1
26
1
125
1
76
1
579
1
72
1
250
1
180
1
73
1
219
1
84
1
795
1
339
1
77
1
404
1
327
1
387
1
228
1
662
1
11
1
315
1
349
1
187
1
89
1
34
1
65
1
179
1
322
1
2
1
22
1
669
1
139
1
809
1
46
1
324
1
399
1
84
1
159
1
648
1
404
1
345
1
386
1
719
1
181
1
719
1
613
1
127
1
242
1
708
1
261
1
59
1
12
1
70
1
740
1
69
2
52
1
628
1
126
1
762
1
45
1
683
1
53
1
580
1
241
1
569
1
263
1
10
1
91
1
66
1
286
1
385
1
263
1
164
1
426
1
449
1
301
1
12
1
66
1
363
1
253
1
53
1
1
1
55
1
13
3
712
1
80
1
13
2
53
1
659
1
93
1
764
1
44
1
237
1
272
1
173
1
124
1
329
1
397
1
69
1
250
1
433
1
54
1
238
1
270
1
368
1
147
1
10
1
580
1
81
1
522
1
216
1
69
1
3
1
79
1
169
1
555
1
809
1
161
1
257
1
296
1
80
1
341
1
91
1
203
1
347
1
62
1
103
1
327
1
11
1
14
1
67
1
853
1
11
1
353
1
316
1
14
1
100
1
248
1
203
1
239
1
275
1
10
1
285
1
74
1
15
1
444
1
168
1
414
1
65
1
497
1
824
1
614
1
105
1
247
1
115
1
261
1
733
1
872
1
179
1
36
2
314
1
2
1
71
1
236
1
498
1
1
1
284
1
458
1
30
1
514
1
458
1
1135
1
11
1
266
1
65
1
477
1
90
1
241
1
126
1
729
1
433
1
474
1
13
2
337
1
317
2
138
1
236
1
433
1
870
1
418
1
355
1
10
1
158
1
708
1
114
1
637
1
339
1
550
1
259
1
167
1
1038
1
91
1
173
1
258
1
90
1
772
1
324
1
159
1
167
1
398
1
10
1
73
1
212
1
113
1
457
1
79
1
67
1
114
1
91
1
302
1
20
1
199
1
103
1
335
1
138
1
961
1
532
1
206
1
21
1
400
1
647
1
90
1
90
1
90
1
90
1
368
1
324
1
320
1
83
1
66
1
236
1
507
1
211
1
113
1
457
1
79
1
182
1
91
1
90
1
432
1
103
1
474
1
91
1
10
1
154
1
78
1
587
1
72
1
632
1
163
1
238
1
271
1
238
1
306
1
284
1
183
1
104
1
81
1
232
1
422
1
73
1
158
1
142
1
433
1
139
1
55
1
613
1
36
1
68
1
297
1
89
1
73
1
15
1
192
1
175
1
552
1
127
1
1
1
57
1
148
1
255
1
554
1
255
1
226
1
984
1
520
1
290
1
143
1
360
1
197
1
91
1
174
1
681
1
33
1
981
1
545
1
647
1
31
1
155
1
671
1
543
1
226
1
59
1
115
1
69
1
1078
1
386
1
206
1
34
1
144
1
400
1
239
1
488
1
172
1
46
1
1016
1
638
1
77
1
475
1
161
1
739
1
35
1
1
1
191
1
824
1
576
1
162
1
167
1
65
1
24
1
64
1
198
1
51
1
277
1
34
1
485
1
299
1
1413
1
138
1
78
1
497
1
38
1
1640
1
33
1
46
1
93
1
428
1
146
1
664
1
623
1
24
1
154
1
108
1
69
1
281
1
467
1
357
1
346
1
135
1
10
1
559
1
14
1
262
1
55
1
385
1
1451
1
349
1
228
1
84
1
146
1
464
1
139
1
125
1
156
1
182
1
235
1
82
2
315
1
168
1
89
1
539
1
101
1
286
1
355
1
565
1
505
1
222
1
93
2
55
1
329
1
409
1
117
1
2087
1
213
1
58
1
35
1
409
1
282
1
40
1
28
1
259
1
32
1
13
1
76
1
55
1
21
1
12
1
76
1
13
1
1
1
1012
1
973
1
430
1
143
1
97
1
124
1
262
1
719
1
256
1
218
1
241
1
695
1
579
1
59
1
362
1
578
1
91
1
158
1
14
1
75
1
425
1
385
1
154
1
251
1
72
1
293
1
112
1
297
1
149
1
362
1
265
1
52
1
11
1
59
1
329
1
92
1
328
1
297
1
512
1
181
1
531
1
652
1
254
1
57
1
406
1
76
1
412
1
248
1
397
1
165
1
622
1
105
1
224
1
270
1
176
1
440
1
192
1
228
1
11
1
364
1
207
1
365
1
669
1
219
1
348
1
147
1
70
1
10
1
23
1
46
1
509
1
196
1
43
1
221
1
482
1
116
2
134
1
91
1
168
1
413
1
68
1
236
1
183
1
613
1
168
1
731
1
409
1
11
1
222
1
74
1
90
1
90
1
722
1
453
1
92
1
554
1
185
1
1546
1
488
1
12
1
194
1
342
1
579
1
322
1
154
1
331
1
14
1
138
1
77
1
155
1
11
1
356
1
192
1
169
1
90
1
305
1
49
1
124
1
332
1
511
1
924
1
524
1
41
1
243
1
76
1
77
1
102
1
265
1
63
1
242
1
154
1
719
1
103
1
549
1
77
1
92
1
63
1
576
1
311
1
239
1
20
1
391
1
66
1
23
1
397
1
767
1
124
1
34
1
820
1
439
1
264
1
467
1
399
1
79
1
93
1
347
1
604
1
116
1
629
1
717
1
590
2
567
1
423
1
371
1
347
1
610
1
312
1
336
1
264
1
3
1
124
1
79
1
454
1
69
1
213
1
78
1
487
1
94
1
318
1
91
1
90
1
74
1
230
1
285
1
112
1
156
1
199
1
111
1
173
1
635
1
524
1
238
1
785
1
117
1
610
1
10
1
221
1
740
1
808
1
173
1
569
1
65
1
250
1
91
1
75
1
320
1
579
1
460
1
577
1
196
1
21
1
1413
1
45
1
11
1
35
1
1182
1
447
1
271
1
90
1
1057
1
219
1
809
1
740
1
68
1
13
3
75
1
1402
1
55
1
846
1
100
1
104
3
254
1
298
1
11
1
408
1
719
1
90
1
407
1
10
1
286
1
89
1
124
1
174
1
40
1
175
1
160
1
41
1
21
1
12
1
354
1
419
1
431
1
82
1
34
1
47
1
64
1
14
1
131
1
22
1
90
1
90
1
144
1
60
1
138
1
113
1
145
1
446
1
219
1
522
1
350
1
14
1
244
1
159
1
10
1
59
1
69
1
523
1
718
1
545
1
600
1
59
1
265
1
555
1
160
1
78
1
93
1
511
1
112
1
14
1
335
1
206
1
252
1
261
1
470
1
155
1
93
1
352
1
364
1
166
1
368
1
10
1
79
1
259
1
181
1
253
1
45
1
511
1
305
1
10
1
11
1
82
1
42
1
35
1
246
1
1035
1
81
1
10
1
152
1
404
1
311
1
159
1
247
1
309
1
69
1
35
1
146
1
351
1
238
1
375
1
13
1
304
1
479
1
433
1
36
1
913
1
564
1
49
1
51
1
229
1
103
1
167
1
797
1
13
1
388
1
81
1
78
1
155
1
13
1
626
1
627
1
788
1
205
1
167
1
92
1
212
1
114
1
72
1
225
1
627
1
11
1
173
1
381
1
113
1
970
1
338
1
255
1
202
1
338
1
105
1
284
1
94
1
78
1
76
1
77
1
13
1
407
1
71
1
67
1
1136
1
358
1
31
1
93
1
79
1
351
1
308
1
55
1
14
1
666
1
184
1
117
1
543
1
430
1
329
1
47
1
114
1
646
1
12
1
56
1
12
1
971
1
461
1
253
1
797
1
441
1
255
1
20
1
184
1
154
1
195
1
1232
1
650
1
102
1
79
1
77
1
580
1
171
1
92
1
153
1
102
1
206
1
25
1
487
1
390
1
483
1
268
1
56
1
66
1
728
1
657
1
38
1
69
1
100
1
104
1
233
1
299
1
90
1
105
1
64
1
157
1
432
1
139
1
56
1
281
1
277
1
64
1
58
1
57
1
681
1
82
1
314
1
11
1
387
1
254
1
167
1
65
1
89
1
255
1
55
1
317
1
191
1
256
1
296
1
232
1
209
1
126
1
315
1
641
1
261
1
468
2
143
1
708
1
115
1
508
1
867
1
79
1
91
1
615
1
195
1
143
1
506
1
329
1
51
1
89
1
337
1
144
1
350
1
312
1
736
1
71
1
67
1
79
1
605
1
55
1
44
1
10
1
12
1
134
1
10
1
11
1
582
1
228
3
507
1
207
1
466
1
123
1
25
1
20
1
115
1
592
1
79
1
57
1
809
1
329
1
479
1
64
1
173
1
568
3
144
1
56
1
295
1
308
1
2
1
201
1
281
1
1133
1
231
1
402
1
10
1
1154
2
65
1
169
1
411
1
34
1
272
1
407
1
48
1
90
1
105
1
564
1
26
1
543
1
185
1
287
1
78
1
75
1
387
1
172
1
251
2
164
1
137
1
117
1
138
1
79
1
565
1
149
1
171
2
257
1
125
1
91
1
23
1
804
1
91
1
94
1
145
1
78
1
180
1
356
1
101
1
262
1
53
1
507
1
79
1
391
1
81
1
321
1
168
1
276
1
53
1
70
1
67
1
13
1
79
1
78
1
143
1
320
1
21
1
11
1
71
1
66
1
157
1
91
1
305
1
115
1
139
1
79
1
590
1
57
1
406
1
90
1
207
1
21
1
150
1
78
1
577
1
778
1
180
1
34
1
79
1
248
1
376
1
250
1
91
1
478
1
80
1
236
1
15
1
152
1
198
1
192
1
13
1
79
1
1060
1
373
1
344
1
545
1
170
1
706
1
106
1
391
1
981
1
184
1
340
1
171
1
41
1
10
1
83
1
146
1
93
1
153
1
562
1
171
1
545
1
13
1
325
1
66
1
23
1
185
1
935
1
738
1
952
1
158
1
588
1
810
1
498
1
113
1
183
1
13
1
66
1
1607
1
94
1
153
1
527
1
439
1
25
1
365
1
1563
1
136
1
92
1
507
1
398
1
377
1
138
1
123
1
92
1
258
1
445
1
90
1
183
1
548
1
965
1
992
1
721
1
326
1
15
1
54
1
152
1
231
1
320
1
161
1
56
1
10
1
78
1
25
1
165
1
342
1
205
1
10
1
467
1
330
1
374
1
379
1
54
1
285
1
422
1
100
1
708
1
47
1
1947
2
443
1
104
3
231
1
424
1
69
1
134
1
24
1
2
1
494
1
240
1
337
1
117
1
124
1
398
1
90
1
318
1
400
1
294
1
266
1
79
1
169
1
153
1
240
1
81
1
83
1
156
1
486
1
81
1
396
1
78
1
24
1
308
1
412
2
549
1
531
1
90
1
148
1
89
1
27
1
735
1
455
1
511
1
168
1
252
1
695
1
183
1
82
1
250
1
463
1
1549
1
309
1
157
1
573
1
3
1
771
1
113
1
3
1
827
1
488
1
149
1
604
1
111
1
172
1
262
1
201
1
346
1
143
1
78
1
22
1
329
1
377
1
388
1
42
1
377
1
102
1
285
1
20
1
1056
1
141
1
571
1
175
1
1332
1
15
2
1157
1
166
1
129
1
1
1
238
1
182
1
90
1
364
1
171
1
440
1
104
1
1061
1
664
1
796
1
12
1
717
1
323
1
640
1
543
1
105
1
343
1
182
1
164
1
131
1
331
1
479
1
145
1
184
1
257
1
628
1
468
1
158
1
536
1
43
1
83
1
796
1
12
1
236
1
475
1
68
1
106
2
524
1
358
1
182
1
721
1
463
1
13
1
589
1
221
1
145
1
1540
1
1151
1
468
1
79
1
613
1
208
1
344
1
167
1
462
1
478
1
878
1
173
1
351
1
364
1
93
1
260
1
717
1
455
1
994
1
567
1
502
1
298
1
170
1
163
1
184
1
1106
1
498
1
553
1
166
1
445
1
10
1
1165
1
1449
1
567
1
82
1
144
1
182
1
391
1
424
1
270
1
175
1
10
1
92
1
427
1
811
2
89
1
126
1
245
1
165
1
1
3
382
1
868
1
102
1
94
1
978
1
480
1
158
1
567
1
773
1
724
2
117
1
161
1
603
1
42
1
787
1
21
1
411
2
385
1
1066
1
649
1
158
1
75
1
94
1
807
1
386
1
174
1
725
1
253
1
86
1
255
1
12
2
280
1
75
1
569
1
500
1
1
1
263
1
42
1
242
2
1525
1
94
1
808
1
533
1
33
1
56
1
1641
1
2
1
338
1
386
1
81
2
81
1
429
1
84
1
129
1
57
1
10
1
12
1
79
2
246
1
4
1
87
1
388
2
162
1
647
1
161
1
649
1
327
1
560
1
63
1
90
1
446
1
1666
1
81
1
73
1
175
1
84
1
90
1
89
1
207
1
46
1
33
1
2
1
510
1
181
1
32
1
80
1
2
1
76
1
430
1
286
1
11
1
2349
1
160
1
253
1
1366
1
247
1
376
1
429
1
114
1
180
1
83
1
32
1
216
1
372
1
186
1
27
1
74
1
3
1
504
1
102
1
279
1
441
1
796
1
810
1
381
1
669
1
785
1
10
1
12
2
841
1
21
1
353
1
90
1
295
1
244
1
638
1
702
1
35
1
71
1
142
1
286
1
363
1
264
1
886
1
420
1
141
1
669
1
205
1
181
1
90
1
263
1
67
1
57
1
724
1
318
1
25
3
253
1
289
1
742
1
71
1
338
1
270
1
92
1
102
1
4
1
594
1
464
1
638
1
155
1
90
1
90
1
330
1
140
1
809
1
78
1
259
1
1119
1
80
1
734
1
1
1
72
1
730
1
326
1
812
1
344
1
371
1
258
1
275
1
41
1
71
1
82
1
668
1
1289
1
457
1
1472
1
4
1
488
1
14
1
87
1
2
1
273
1
16
1
247
1
638
1
65
1
361
1
234
1
31
1
362
1
90
1
90
1
90
1
721
1
364
1
260
1
91
1
284
1
524
1
641
1
259
1
452
1
11
1
568
1
488
1
103
1
275
1
266
1
488
1
793
1
81
1
776
1
729
1
42
1
70
1
421
1
1116
1
69
1
92
1
431
1
441
1
10
1
11
1
571
1
410
1
267
1
131
1
65
1
1768
1
1083
1
1
1
467
1
78
1
535
1
90
1
729
1
523
1
534
1
22
1
258
1
312
1
44
1
365
1
164
1
102
1
197
1
68
1
185
1
2335
1
260
1
3
1
532
1
1485
1
224
1
488
1
239
1
11
1
348
1
220
1
148
1
352
1
88
2
75
1
210
1
250
1
616
1
10
1
90
1
78
1
13
1
347
1
2
1
103
1
992
1
344
1
638
2
567
1
956
1
535
1
722
1
131
2
240
2
255
1
309
1
148
1
248
1
416
1
41
1
625
1
82
1
361
1
16
1
169
1
86
1
173
1
20
1
32
1
68
1
251
1
434
1
111
1
26
1
235
1
1425
1
659
1
105
1
336
1
409
1
26
1
35
1
77
1
1
1
167
1
362
1
1170
1
346
1
630
1
270
1
173
1
32
1
868
1
822
1
666
1
776
1
90
1
14
1
607
1
197
1
83
1
260
1
1182
1
162
1
531
1
104
1
107
1
584
1
158
1
28
1
1085
1
166
1
719
1
397
1
59
1
103
1
633
1
34
1
498
1
306
1
154
1
76
1
92
1
463
1
34
1
220
1
716
1
352
1
178
1
151
1
44
1
10
1
4
1
599
1
149
1
936
1
171
1
1067
1
216
1
32
1
37
1
726
1
26
1
63
1
170
1
427
1
162
1
808
1
2
1
222
1
587
1
34
1
91
1
354
1
88
1
234
1
49
1
10
1
242
1
795
1
457
1
30
1
70
1
10
1
329
1
1208
1
683
1
113
1
69
1
36
1
132
1
295
3
87
3
61
1
155
1
65
1
47
1
696
1
123
1
686
1
42
1
356
1
361
1
69
1
31
1
148
1
611
1
130
1
1239
1
206
1
252
1
168
1
398
1
92
1
240
1
495
1
412
1
2
1
241
1
27
1
91
1
149
1
36
1
665
1
224
1
255
1
366
1
26
1
235
1
455
1
52
1
2718
1
745
1
562
1
6
1
416
1
1
1
242
1
25
1
243
1
33
1
3
1
665
2
220
1
257
1
2
1
86
1
2
1
90
1
932
1
81
1
798
1
252
1
76
1
628
1
103
1
510
1
57
1
82
1
602
1
1012
1
264
1
267
1
114
1
86
1
75
1
247
1
485
1
324
1
180
1
1
1
214
1
10
1
13
1
1563
1
90
1
106
1
79
1
75
1
258
1
217
1
34
1
375
1
272
1
231
2
54
1
12
1
251
1
418
1
138
1
54
1
271
1
90
1
239
1
68
1
249
1
182
1
88
2
63
1
24
1
1
1
276
1
733
1
77
3
153
1
184
1
88
1
458
1
155
1
16
1
417
2
102
1
21
1
13
3
77
1
809
1
64
1
468
1
112
1
57
1
90
1
442
1
1
2
158
1
33
1
355
1
258
1
535
1
717
1
207
1
61
1
23
1
65
1
27
1
194
1
136
1
114
1
524
1
113
1
78
1
442
1
136
1
36
1
772
1
230
1
170
1
1
2
809
1
419
1
554
1
91
2
147
1
13
1
54
1
12
1
214
1
11
1
352
3
159
1
32
1
170
1
658
1
355
1
52
1
202
1
143
1
3
1
72
1
69
1
739
1
321
1
91
1
89
1
293
1
11
1
139
1
603
1
126
1
811
1
65
1
168
1
103
1
166
1
106
1
61
1
50
1
10
1
59
1
13
1
248
1
487
1
230
1
91
1
487
1
46
1
350
1
315
1
31
1
48
1
738
1
70
1
69
1
22
1
1
1
43
1
293
1
323
1
2
1
71
1
1
1
24
1
297
1
268
1
143
1
381
1
436
1
63
1
1
1
58
1
81
1
655
1
12
1
126
1
362
1
89
1
290
1
144
1
104
1
90
1
179
1
183
1
171
1
183
1
255
1
966
1
326
1
623
1
11
1
81
1
167
1
488
1
1
1
137
1
454
1
182
1
20
1
48
1
10
1
761
1
1
1
58
1
81
1
667
2
59
1
750
1
34
1
182
1
91
1
270
1
143
1
131
1
93
1
595
1
38
1
10
1
149
1
349
1
215
1
44
1
184
1
100
1
78
1
112
1
179
1
116
1
35
1
67
1
70
1
671
1
67
1
231
1
510
1
65
1
810
2
809
1
46
1
67
1
464
1
230
1
809
2
203
1
12
1
91
1
352
1
205
1
250
1
427
1
56
1
738
1
70
1
332
1
455
1
91
1
158
1
15
1
1313
1
49
1
163
1
348
1
379
1
158
1
167
1
339
1
379
1
270
1
243
1
737
1
71
1
566
1
169
1
139
1
248
1
66
1
299
1
90
1
445
2
613
1
15
1
612
1
10
1
637
1
101
1
10
1
217
1
1006
1
717
1
405
1
22
1
4
1
31
1
34
1
45
1
262
1
166
1
734
1
312
1
10
1
4
1
70
1
76
1
247
1
422
1
389
1
1173
1
117
1
145
1
706
1
22
1
341
1
90
2
1022
1
33
1
881
1
726
1
196
1
615
1
70
1
733
1
12
1
57
1
3
1
749
1
125
1
657
1
81
1
397
1
298
1
263
1
261
1
1528
1
76
1
424
1
307
1
92
1
292
1
45
1
377
1
167
1
253
1
54
1
11
1
395
1
22
1
1142
1
375
1
377
1
54
1
35
1
21
1
149
1
440
1
218
1
69
1
626
1
90
1
342
1
1312
1
70
1
65
1
742
1
54
1
274
1
314
1
14
1
22
1
360
1
191
1
301
1
146
1
14
1
166
1
91
3
362
1
24
1
123
1
113
1
455
1
42
1
26
1
42
1
137
1
349
1
102
1
1336
1
106
1
281
1
69
1
457
1
339
1
69
1
68
1
236
1
502
1
230
1
168
1
485
1
4
1
52
1
338
1
10
1
115
1
218
1
70
1
122
1
21
1
11
1
168
1
326
1
189
1
639
1
62
1
3
1
216
1
91
1
91
1
62
1
116
1
1013
1
25
1
113
1
271
1
421
1
1
1
127
1
584
1
50
1
1230
1
407
1
21
1
74
1
154
1
78
1
11
1
90
1
90
1
377
1
2
1
325
1
387
1
59
1
102
1
1073
1
88
1
320
1
44
1
174
1
164
1
484
1
132
1
360
1
127
1
514
1
376
1
160
1
12
1
426
1
137
1
846
1
76
1
56
1
534
1
122
1
92
1
2
1
136
1
787
1
192
1
466
1
31
1
493
1
88
1
231
1
384
1
346
1
62
1
73
1
133
1
282
1
89
1
302
1
327
1
89
1
89
1
156
1
144
1
146
1
602
1
389
1
180
1
152
1
6
1
145
1
80
1
169
1
181
1
539
2
321
1
1066
1
490
1
211
1
60
1
104
1
314
1
433
1
116
1
271
1
89
1
89
1
165
1
123
1
340
1
179
1
539
1
1194
1
90
1
103
2
431
1
89
1
274
1
68
1
577
1
103
1
141
1
348
1
320
1
58
1
67
1
637
1
20
1
22
1
60
1
314
1
434
1
1
1
773
1
33
1
388
1
76
1
391
1
11
1
673
1
361
1
194
1
465
1
183
1
603
1
22
1
1071
1
1279
1
161
1
461
1
185
1
737
1
12
2
204
1
978
1
481
1
432
1
182
1
50
1
81
1
4
1
212
1
23
1
92
1
242
1
732
1
65
1
641
1
14
1
74
1
103
1
103
1
112
1
727
1
154
1
623
1
830
1
584
1
193
1
136
1
220
1
729
1
338
1
319
1
54
1
182
1
92
1
403
1
97
1
659
1
149
1
125
1
245
1
15
1
323
1
142
1
1125
1
308
1
410
1
193
1
225
1
92
1
70
1
329
1
422
1
44
1
147
1
285
1
364
1
627
1
62
1
276
1
21
1
67
1
1013
1
185
1
111
1
11
1
69
1
80
1
169
1
92
1
548
1
154
1
505
1
751
1
271
1
181
1
316
1
22
1
15
1
79
1
466
1
1045
1
11
1
221
1
590
1
123
1
957
1
37
1
553
1
823
1
44
1
68
1
34
1
705
1
105
1
426
1
159
1
196
1
25
1
809
1
414
1
172
1
138
1
423
1
191
1
262
1
354
1
337
1
320
2
41
1
21
1
157
1
337
1
144
1
273
2
374
1
1560
1
3
1
57
1
394
1
1152
1
37
1
441
1
330
1
12
1
466
1
330
1
104
1
465
1
248
1
148
1
236
1
398
1
208
1
397
1
321
1
639
1
77
1
711
1
93
1
61
1
330
1
89
1
327
1
62
1
69
1
63
1
270
1
330
1
11
1
48
1
1216
1
102
1
156
1
60
1
10
1
116
1
712
2
229
1
349
1
134
1
380
1
168
1
359
1
122
1
586
1
211
1
11
1
78
1
600
1
131
1
169
1
90
1
178
1
238
1
62
1
133
1
13
1
587
1
26
1
10
1
35
1
1442
1
889
1
104
1
146
1
78
1
478
1
32
1
1
1
363
1
126
1
319
1
218
1
587
1
3
1
295
1
487
1
85
1
67
1
155
1
105
1
177
1
123
1
177
1
147
1
346
1
252
1
36
1
890
1
626
1
53
1
389
1
1380
1
169
1
181
1
89
1
226
2
58
1
162
1
586
1
62
1
877
1
351
1
232
1
94
1
61
1
68
1
64
1
360
1
968
1
119
1
34
1
69
1
53
1
25
1
554
1
32
1
128
1
92
1
76
1
365
1
440
1
89
1
204
1
93
1
122
1
139
1
14
1
334
1
287
1
31
1
73
1
703
1
613
1
370
1
171
1
495
1
716
1
70
1
94
1
225
1
467
1
55
1
544
1
252
1
11
1
796
1
2
1
147
1
325
1
24
1
224
1
85
1
68
1
1
1
156
1
234
1
743
1
413
1
112
1
270
1
13
1
89
1
75
1
241
1
313
1
462
1
174
1
78
1
506
1
154
1
878
1
428
1
157
1
222
1
54
1
24
1
245
1
412
1
225
1
528
1
122
1
91
1
579
2
13
1
796
1
136
1
352
1
252
1
79
1
42
1
57
1
1438
1
136
1
147
1
589
1
297
1
90
1
327
1
105
1
651
1
132
1
82
1
314
1
179
1
149
1
129
1
68
1
449
1
220
1
266
1
511
1
64
1
386
1
424
1
309
1
624
1
718
1
35
1
655
1
47
1
21
1
11
1
139
1
66
1
78
1
193
1
90
1
145
1
664
1
133
1
175
1
337
1
90
1
863
1
189
1
372
1
271
1
216
1
150
1
170
1
91
1
325
1
798
1
80
1
309
1
168
1
414
1
1
1
65
1
670
1
479
1
91
1
112
1
513
1
183
1
191
1
100
1
90
1
275
1
63
1
89
1
11
1
175
1
134
1
2
1
292
1
378
1
206
1
79
1
635
1
11
1
498
1
238
1
60
1
13
1
69
1
41
1
360
1
262
1
705
1
407
1
412
1
71
1
821
1
25
1
1035
1
77
1
258
1
505
1
214
1
316
1
71
1
1537
1
10
1
74
1
496
1
276
1
339
1
14
1
90
1
331
1
297
1
452
1
42
1
569
1
115
1
30
1
482
1
180
1
174
1
190
1
32
1
1115
1
34
1
54
1
10
1
178
1
349
1
217
1
387
1
113
1
697
1
483
1
177
1
73
1
37
1
22
1
421
1
89
1
540
1
381
1
91
1
707
1
513
1
525
1
393
1
415
1
57
1
31
1
32
1
78
1
607
1
190
1
206
1
221
1
60
1
31
1
74
1
661
1
809
1
79
1
54
1
331
1
89
1
1812
1
112
1
37
1
21
1
508
1
147
1
101
1
17
1
121
1
23
1
235
1
317
1
109
1
41
1
227
1
100
1
89
1
348
1
67
1
66
1
66
1
11
1
235
1
359
1
53
1
82
1
53
1
24
1
513
1
79
1
781
1
27
1
42
1
328
1
15
1
341
1
30
1
926
1
136
1
464
1
80
1
102
1
763
1
43
1
637
1
123
1
556
1
138
1
113
1
196
1
348
1
263
1
5
1
122
1
14
1
671
1
474
1
214
1
102
1
16
1
123
1
171
1
508
1
59
1
148
1
525
1
147
1
292
1
350
1
59
1
320
1
526
1
269
1
539
1
679
1
125
1
3
1
135
1
171
1
496
1
2
1
218
1
472
1
114
1
298
1
257
1
553
1
513
1
100
1
451
1
126
1
161
1
22
1
317
1
1426
1
32
1
56
1
100
1
113
1
174
1
50
1
49
1
20
1
514
1
458
1
54
1
835
1
166
1
386
1
34
1
1
1
295
1
476
1
820
1
309
1
548
1
980
1
271
1
830
1
174
1
100
1
778
1
62
1
787
1
128
1
47
1
52
1
1186
1
237
1
45
1
252
1
510
1
704
1
10
1
93
1
3
1
100
1
452
1
323
1
395
1
330
1
240
1
503
1
67
1
281
1
125
1
181
1
411
1
126
1
256
1
985
1
260
1
286
1
211
1
116
1
33
1
1074
1
485
1
81
1
243
1
975
1
336
1
242
1
158
1
426
1
30
1
419
1
113
1
629
1
91
1
262
1
136
1
227
1
615
1
196
1
462
1
92
1
12
1
202
1
206
1
720
1
301
1
103
1
478
1
216
1
91
1
10
1
82
1
304
1
11
1
706
1
122
1
56
1
433
1
162
1
1058
1
91
1
309
1
68
1
223
1
101
1
378
1
667
1
29
1
30
1
161
1
658
1
10
1
154
1
41
1
730
1
102
1
92
1
382
1
113
1
83
1
56
1
66
1
168
1
11
1
829
1
12
1
466
1
239
1
236
1
261
1
83
1
56
1
327
1
278
1
180
1
10
1
25
1
79
1
168
1
165
1
176
1
377
1
51
1
515
1
1130
1
74
1
248
1
49
1
115
1
136
1
77
1
14
1
255
1
126
1
49
1
452
1
499
1
777
1
44
1
811
1
32
1
1003
1
91
1
52
1
352
1
141
1
247
1
387
1
161
1
146
1
113
1
419
1
95
1
112
1
183
1
90
1
89
1
142
1
395
1
382
1
49
1
217
1
53
1
180
1
316
1
80
1
912
1
68
1
1227
1
251
1
59
1
11
1
305
1
480
1
92
1
224
1
22
1
356
1
30
1
218
1
36
1
166
1
479
1
82
1
249
1
90
1
89
1
224
1
140
1
172
1
382
1
1003
1
343
1
165
1
105
1
704
1
299
1
56
1
90
1
157
1
114
1
773
1
112
1
176
1
204
1
44
1
695
1
69
1
603
1
63
1
71
1
321
1
533
1
24
1
809
1
66
1
455
1
143
1
489
1
505
1
89
1
21
1
78
1
89
1
629
1
78
1
502
1
12
1
673
1
135
1
809
1
23
1
126
1
257
1
400
1
395
1
277
1
135
1
229
1
811
1
152
1
208
1
100
1
113
1
892
1
31
1
45
1
133
1
515
1
55
1
440
1
14
1
111
1
185
1
240
1
75
1
492
1
774
1
21
1
12
1
23
1
126
1
258
1
234
1
164
1
69
1
54
1
579
1
104
1
797
1
11
1
45
1
350
1
196
1
100
1
778
1
145
1
613
1
90
1
218
1
32
1
662
1
240
1
568
1
683
1
149
1
124
1
77
1
183
1
90
1
181
1
250
1
754
1
158
1
444
1
69
1
65
1
230
1
484
1
10
1
81
1
237
1
78
1
287
1
287
1
211
1
89
1
229
1
127
1
32
1
34
1
66
1
147
1
458
1
51
1
82
1
240
1
614
1
669
1
93
1
412
1
533
1
487
1
59
1
431
1
180
1
251
1
4
1
41
1
80
1
172
1
463
1
202
1
91
1
252
1
478
1
239
1
64
1
423
1
125
1
23
1
66
1
78
1
78
1
24
1
375
1
22
1
24
1
259
1
35
1
384
1
174
1
158
1
258
1
367
1
185
1
62
1
103
1
92
1
224
1
309
1
1069
1
207
1
103
1
56
1
25
1
662
1
278
1
55
1
524
1
43
1
274
1
46
1
154
1
187
1
133
1
13
1
123
1
90
1
90
1
355
1
51
1
468
1
425
1
632
1
164
1
705
1
240
1
90
1
184
1
261
1
41
1
415
1
73
1
414
1
69
1
602
1
50
1
186
1
32
1
203
1
77
1
13
1
322
1
190
1
338
1
33
1
287
1
10
1
137
1
579
1
410
1
12
1
91
1
783
1
358
1
20
1
46
1
621
1
244
1
340
1
91
1
171
1
205
1
133
1
835
1
256
1
227
1
115
1
44
1
195
1
154
1
13
1
364
1
354
1
412
1
213
1
247
1
413
1
148
1
325
1
485
1
169
1
165
1
228
1
151
1
717
1
22
1
136
1
272
1
90
1
321
1
191
1
116
1
476
1
635
1
275
1
797
1
595
1
145
1
226
1
168
1
102
1
720
1
91
1
459
1
311
1
251
1
10
1
128
1
185
1
554
1
161
1
659
1
151
1
169
1
164
1
369
1
728
1
760
1
425
1
546
1
728
1
12
1
68
1
248
1
304
1
256
1
250
1
301
1
49
1
52
1
756
1
911
1
137
1
206
1
352
1
272
1
14
1
76
1
76
1
297
1
216
1
66
1
353
1
535
1
259
1
389
1
13
1
406
1
317
1
70
1
13
1
382
1
25
1
90
1
224
1
1187
1
549
1
10
1
91
1
535
1
112
1
126
1
206
2
382
1
161
1
764
1
159
1
76
1
246
1
1121
1
160
1
350
1
460
1
143
1
116
1
261
1
52
1
154
1
156
1
144
1
22
1
400
1
13
1
134
1
350
1
227
1
492
1
90
1
458
1
77
1
92
1
165
1
299
1
174
1
736
1
93
1
76
1
718
1
92
1
53
1
368
1
51
1
377
1
89
1
352
1
233
1
634
1
95
1
654
1
16
1
41
1
728
1
92
1
205
1
204
1
424
1
31
1
263
1
417
1
36
1
184
1
453
1
1252
1
67
1
924
1
53
1
22
1
217
1
298
1
549
1
30
1
106
1
121
1
293
1
255
1
259
1
21
1
272
1
194
1
59
1
30
1
138
1
32
1
262
3
395
1
320
2
501
1
681
1
293
1
57
1
180
1
276
1
375
1
66
1
436
1
52
1
80
1
330
1
65
1
332
1
12
1
215
1
12
1
534
1
148
1
21
1
248
1
426
1
111
1
35
1
78
1
261
2
181
1
112
1
1127
1
14
1
303
1
672
1
339
1
94
1
123
1
57
1
89
1
45
1
43
1
32
1
1027
1
426
1
41
1
125
1
253
1
466
1
293
1
80
1
329
1
327
1
81
1
81
1
161
1
523
1
207
1
159
1
74
1
66
1
401
1
509
1
229
1
150
1
851
1
584
1
213
1
12
1
728
1
56
1
91
1
304
1
21
1
12
1
322
1
305
1
386
1
80
1
498
1
484
1
660
1
69
1
326
1
92
1
626
1
326
1
314
1
634
1
79
1
809
1
628
1
30
1
20
1
94
1
135
1
183
1
302
1
70
1
91
1
173
1
247
1
295
1
80
1
159
1
182
1
92
1
522
1
24
1
155
1
15
1
141
1
10
1
322
1
242
1
442
1
69
1
20
1
102
1
341
1
693
1
26
1
352
1
61
1
17
1
75
1
161
1
339
1
308
1
147
1
78
1
385
1
197
1
43
1
260
1
654
1
77
1
259
1
204
1
80
1
159
1
274
1
293
1
229
1
24
1
77
1
651
1
66
1
350
1
227
1
27
1
53
1
46
1
35
1
66
1
260
1
387
1
306
1
25
1
293
1
217
1
43
1
363
1
76
1
14
1
377
1
66
1
182
1
640
1
170
1
291
1
184
1
68
1
431
1
204
1
128
1
111
1
90
1
558
1
92
1
80
1
889
1
166
1
329
1
16
1
555
1
183
1
193
1
636
1
90
1
10
1
341
1
182
1
231
1
41
1
637
1
681
1
823
1
536
1
183
1
548
1
533
1
101
1
253
3
472
1
411
1
182
1
390
1
237
1
385
1
626
1
214
1
16
1
41
1
354
1
154
1
11
1
393
1
157
1
637
1
56
1
498
1
172
1
239
1
184
1
271
1
112
1
148
1
169
1
180
1
287
1
263
1
1
2
164
1
286
1
195
1
327
1
92
2
223
1
128
1
35
1
240
1
382
1
90
1
10
1
329
1
398
1
27
1
52
1
173
1
77
1
1045
1
299
1
90
1
328
1
480
1
11
1
79
1
78
1
78
1
12
1
65
1
480
1
92
1
235
1
78
1
470
1
105
1
165
1
90
1
286
1
104
1
327
1
317
1
164
1
32
1
89
1
89
1
23
1
2
1
432
1
121
1
23
1
236
1
103
1
444
1
328
1
22
1
66
1
574
1
568
1
374
1
89
1
37
1
626
1
54
1
480
1
328
1
434
1
56
1
68
1
10
1
94
1
142
1
422
1
410
1
317
1
69
1
37
1
42
1
13
2
238
1
241
