0
321579
1
21868
1
809
1
809
1
810
1
4858
1
7289
1
2429
1
25920
1
8909
1
8099
1
6478
1
8099
1
15389
1
34020
1
13768
1
809
1
8099
1
7289
1
1620
1
5668
1
809
1
50220
1
5668
1
7289
1
9720
1
272966
2
7288
3
6478
1
809
2
809
1
5668
2
808
3
5665
1
810
1
1618
2
4047
1
808
1
2
1
806
1
3
1
805
1
4860
2
807
1
3
1
1620
1
18626
1
1
1
7286
1
808
1
2429
1
3242
1
1
1
1614
1
1619
1
1620
1
1623
1
806
1
3
1
1613
1
4863
1
1
1
805
1
1617
1
809
1
1620
1
1624
1
2427
1
810
1
1620
1
802
1
1625
1
1619
1
1620
1
3232
1
814
1
808
1
806
1
6481
1
807
1
808
1
6480
1
808
1
7289
1
4049
1
1621
1
1617
1
3239
1
2431
1
1617
1
5671
1
1617
1
4050
1
2429
1
5670
1
807
1
2428
1
4052
1
3236
1
4052
1
3236
1
809
1
2524
1
3954
1
809
1
1713
2
808
1
1
1
2431
1
1521
1
809
1
904
1
808
1
809
1
1
1
2430
1
1522
1
809
1
904
1
808
2
809
2
731
1
809
1
1697
3
711
1
904
1
730
1
78
1
2352
1
1697
1
808
1
714
1
15
1
77
1
1
2
728
3
75
2
730
2
2430
1
887
1
808
1
730
1
76
1
809
1
3
1
712
1
15
1
76
1
2
1
730
1
1603
1
811
1
14
1
78
1
714
1
14
1
78
1
729
1
77
1
1540
1
82
1
727
1
76
1
2
1
3144
1
8196
1
1521
1
2429
1
903
1
1
1
2430
1
809
1
1617
1
810
1
806
1
809
1
3
1
1540
1
77
1
809
1
1618
1
812
1
804
1
3
1
809
1
3237
1
732
1
76
1
808
1
2350
2
80
1
712
1
3256
1
809
1
76
1
731
3
74
1
733
1
806
1
2
1
79
1
712
1
13
1
2
1
79
1
729
1
980
1
715
1
809
1
808
1
731
1
77
1
730
1
83
1
729
1
78
1
726
1
82
1
805
1
733
1
886
1
731
1
76
1
731
1
886
1
809
1
5
1
808
1
726
1
3
1
74
1
731
1
811
1
170
1
622
1
2442
1
893
1
725
1
813
1
75
3
729
2
1618
1
808
1
2512
1
803
1
3
1
713
1
15
3
2412
1
906
1
2331
1
2527
1
2428
1
810
1
2425
3
3239
1
1523
1
94
1
808
1
808
1
4
1
726
1
809
2
808
1
1
1
793
1
903
1
732
1
885
1
808
1
731
1
808
1
77
1
5
1
711
1
13
1
2
1
1603
1
902
1
1542
1
75
1
732
3
808
1
74
1
734
1
74
1
809
1
1544
1
75
1
809
1
716
1
92
1
732
1
808
1
76
1
731
1
3
1
73
1
809
1
5
1
803
1
5
1
729
1
792
1
995
1
622
1
15
1
75
1
809
1
2350
1
84
1
724
1
4
1
73
1
815
1
1537
1
793
1
1633
1
808
1
1619
1
78
1
1620
1
92
1
1433
1
14
1
808
1
76
1
731
1
2429
1
78
1
4
1
712
1
92
1
3
1
728
1
169
1
810
1
810
1
2253
1
888
1
5
1
804
1
3
1
713
1
93
3
1620
1
5588
2
78
1
809
1
1620
1
809
1
810
1
711
1
905
1
729
1
81
1
729
1
886
1
3239
1
808
1
730
2
76
1
733
1
75
1
734
1
74
1
717
1
92
1
733
1
809
1
809
1
75
1
808
1
731
2
807
1
2
1
74
1
731
1
2508
1
94
1
714
1
733
1
75
1
732
2
74
1
809
1
1619
1
1544
1
74
1
809
1
717
1
91
1
809
1
1541
1
813
1
809
1
1693
1
93
1
1449
1
170
1
1447
1
1617
1
809
1
1698
1
92
1
640
1
169
1
1448
1
75
1
96
1
635
1
808
1
77
1
1626
1
724
1
797
1
14
1
1618
1
982
1
634
1
1618
1
85
1
1534
1
84
1
1613
1
1540
1
1617
1
896
1
723
1
84
1
725
1
893
1
1620
1
1522
1
3239
1
15
1
1699
1
5590
1
76
1
809
1
715
1
94
1
2429
1
713
1
95
1
729
1
78
1
729
1
78
1
730
1
795
1
91
1
1621
1
809
1
1618
1
732
1
75
1
734
1
74
1
809
1
1619
1
734
1
809
1
75
1
733
1
74
1
731
3
806
1
77
1
731
1
3
1
805
1
982
1
714
1
717
1
91
1
95
1
638
1
74
1
734
1
74
1
732
1
2
1
73
1
731
1
3
1
883
1
1712
1
2432
1
637
1
2505
1
1711
1
1526
1
734
1
74
1
733
1
808
1
76
1
731
1
1606
1
12
1
812
1
809
1
168
1
715
1
733
1
808
1
807
1
809
1
1699
1
733
1
978
1
639
1
75
1
731
2
2426
1
889
1
6
1
809
1
2333
1
809
1
4954
1
810
1
2332
1
4142
1
628
1
183
1
713
1
906
1
809
1
809
1
1618
2
727
1
1515
2
180
2
810
1
809
1
809
1
713
1
95
1
808
1
729
1
2
1
792
1
13
1
886
1
629
2
990
1
810
1
809
1
1524
1
14
3
76
1
2353
1
703
1
1800
1
810
1
808
2
730
1
2
1
74
1
809
1
809
1
900
2
811
1
1524
1
735
1
73
2
732
3
73
2
809
1
716
1
13
1
809
1
978
1
626
1
16
1
73
1
94
1
640
1
73
1
95
1
639
1
73
1
96
1
638
1
808
1
75
1
731
1
77
1
2520
1
717
1
93
1
2260
1
807
2
75
1
731
1
77
1
731
1
809
1
812
1
261
1
531
1
184
1
640
1
809
1
805
4
805
1
809
1
889
1
7205
1
807
1
6481
1
810
1
6478
1
810
1
6475
1
6479
1
1
1
8101
1
5665
1
812
1
8905
1
4049
2
3238
1
4858
1
815
1
1614
1
2428
2
2434
1
7289
1
7289
1
13768
1
803
1
809
1
4051
1
4047
1
4859
1
1712
2
715
1
92
1
3962
1
1707
1
807
1
717
1
14
1
80
1
729
1
76
1
4049
1
1622
1
728
2
808
2
80
1
2338
1
3233
1
824
2
75
1
4
1
728
2
12224
2
808
1
812
1
809
1
4046
2
1539
1
1619
1
1606
1
3252
2
80
1
730
1
1620
1
793
1
2521
1
807
1
1540
1
78
1
4862
1
1537
1
1619
1
3319
2
1538
1
814
1
1614
1
1609
1
2440
2
1702
1
1534
1
888
1
2433
1
810
1
3155
1
888
1
3164
1
4046
1
1788
1
724
1
1619
1
723
1
1625
1
2594
1
3147
1
730
1
2435
1
164
1
626
1
90
1
4780
1
3242
1
3315
1
1540
1
814
1
809
1
883
1
4780
1
814
1
74
1
733
1
806
1
808
1
4049
1
798
1
823
1
794
1
993
1
809
1
809
1
4766
1
92
2
3237
1
1
1
651
1
156
2
651
1
1606
1
886
1
91
1
2
1
809
1
809
1
809
1
2243
1
184
1
640
1
807
1
77
1
900
1
2428
1
1620
1
2
1
808
1
638
1
346
1
93
1
88
1
627
1
634
1
85
1
547
1
174
1
808
1
635
1
3683
1
718
1
626
1
92
1
722
1
1443
1
983
1
2699
1
86
1
631
1
719
1
723
1
803
1
814
1
1616
1
2
1
809
1
622
1
360
1
3
1
89
1
86
1
629
1
720
2
1527
1
5
1
1614
1
651
1
811
1
796
1
263
1
86
1
176
1
1351
1
1527
1
5
1
646
2
1604
1
16
1
154
1
1450
1
618
2
447
1
3
1
86
1
720
1
546
1
824
1
807
1
1619
1
968
1
717
1
542
1
452
1
806
2
3069
1
809
2
809
1
76
1
808
1
182
1
86
1
89
1
267
1
272
1
3
1
806
2
560
2
886
3
809
1
807
1
82
1
727
2
80
1
809
1
1075
2
269
1
267
1
94
1
808
1
637
1
1
1
793
1
12
1
796
1
12
1
1527
1
12
1
80
2
75
1
4
1
809
1
805
1
91
1
357
2
89
1
176
1
182
1
2
1
559
2
76
2
806
1
796
1
809
1
826
1
807
2
80
1
2064
1
3
1
88
1
445
1
3066
1
805
1
2
1
808
3
807
1
1346
1
629
1
356
1
271
1
537
1
1711
1
652
1
1685
1
730
1
355
1
88
1
83
1
181
1
2
1
173
1
17
1
346
1
87
1
628
1
1347
1
745
1
810
1
806
1
1702
1
433
1
94
1
86
1
2
1
444
1
4
1
88
1
87
1
277
1
96
1
253
1
724
1
556
1
249
2
639
1
732
1
75
1
1
1
75
1
731
1
812
1
1248
1
89
1
86
1
1
1
450
1
176
1
356
1
16
1
728
1
79
3
729
1
76
2
167
1
1
1
623
1
1552
1
1624
1
517
1
176
1
1
1
112
1
514
1
356
1
15
1
258
1
549
1
172
1
635
1
3
1
165
1
1
1
1433
1
901
1
1437
1
722
1
1
1
190
1
261
1
174
1
292
1
336
1
1
1
548
1
886
1
92
1
1
1
641
1
2429
1
1158
1
267
1
111
1
427
1
379
1
337
1
2
1
1529
1
714
1
736
1
791
1
12
1
4
1
809
1
73
1
1084
2
266
1
265
1
273
1
721
1
465
1
1059
1
638
1
815
1
72
1
736
1
1602
1
180
1
184
2
83
1
182
1
110
1
245
1
181
2
378
1
78
1
168
1
94
1
2336
1
637
1
5
1
79
1
1535
1
716
1
94
1
1249
1
86
2
283
1
344
2
379
2
155
1
90
1
560
1
2
1
806
1
1607
1
15
1
808
3
887
1
524
1
284
1
439
1
88
1
280
1
164
1
95
1
87
1
378
3
78
4
255
1
468
1
1619
1
4
1
964
1
1464
1
871
1
366
1
174
1
205
1
338
1
84
1
2
1
378
1
3
1
75
1
258
1
469
1
157
1
718
1
184
2
640
1
806
1
2
1
2060
1
89
1
276
1
526
1
1
1
627
1
381
1
338
1
1359
1
174
1
621
1
12
1
4
1
167
1
641
1
73
1
1542
1
622
1
108
1
517
1
88
1
279
1
1068
1
2
1
546
1
1791
1
1
1
2179
1
519
1
83
1
5
1
89
1
533
1
4
1
176
1
201
1
428
1
718
1
456
1
809
1
11
1
158
1
650
1
253
1
1525
1
825
1
348
1
288
1
77
1
976
1
641
1
1794
1
530
1
2977
1
88
1
89
1
173
1
270
1
95
1
87
1
367
1
349
1
1
1
722
1
440
1
102
1
742
1
1
1
807
1
796
1
13
2
1582
1
103
1
93
1
342
1
5
1
88
1
85
1
112
1
516
1
2
1
626
1
90
1
2
1
363
1
837
1
2390
1
10
1
27
1
63
1
78
1
665
1
970
1
349
1
87
1
184
1
91
1
808
1
259
1
90
1
3
1
362
1
352
1
2875
1
10
1
24
1
811
2
771
1
10
1
825
1
423
1
463
1
351
1
86
1
288
1
342
1
717
1
3
1
3782
1
92
1
732
1
76
1
436
1
6
1
173
1
191
1
166
1
185
1
85
1
1
1
287
1
80
1
262
1
546
1
168
1
644
1
166
1
1
1
637
3
808
1
76
1
650
1
82
1
713
1
92
1
1342
1
629
1
87
1
287
1
66
1
277
1
806
1
534
1
994
1
2165
1
15
1
872
1
456
1
178
1
625
1
370
1
978
1
91
1
2
1
464
1
158
1
91
1
810
1
638
1
171
1
557
1
797
1
78
1
12
1
809
1
354
1
375
1
78
1
440
1
1085
1
357
1
451
1
2522
1
78
1
717
1
547
1
806
1
630
1
86
1
1098
1
1153
2
623
1
650
1
1065
1
542
1
14
1
63
1
637
1
278
1
343
1
180
1
544
1
1264
1
744
1
328
2
441
1
845
1
1
1
237
1
2
1
1352
1
625
1
89
1
106
1
698
1
188
1
1162
1
389
1
328
1
479
1
238
1
570
1
239
1
534
1
832
1
15
1
51
1
1980
1
180
1
374
1
254
1
91
1
719
1
2
1
716
1
466
1
1065
1
566
1
797
1
812
1
700
1
630
2
283
1
14
1
414
1
92
1
535
1
2259
1
173
2
1445
1
811
1
730
1
155
1
639
1
93
1
256
1
180
1
3
1
86
2
1090
1
167
1
718
1
1459
1
67
1
742
1
160
1
635
1
823
1
888
1
76
1
451
1
2
1
87
2
188
1
167
1
181
3
457
1
168
1
91
3
464
1
892
1
171
2
637
3
701
1
90
1
15
2
701
1
834
1
77
1
977
1
275
1
88
1
86
1
1
1
541
1
374
1
341
1
3152
1
730
1
1249
1
194
1
608
1
92
1
537
1
628
1
718
1
650
1
67
1
822
1
729
1
983
1
636
1
65
1
457
1
284
1
174
1
347
1
88
1
536
1
90
1
4
1
361
1
352
1
92
1
363
1
353
1
626
1
183
1
1357
1
78
1
652
1
64
1
11
1
93
1
715
1
444
1
88
1
275
1
94
1
347
1
86
1
1
1
88
1
96
1
11
1
79
1
95
1
72
1
181
1
4
1
453
1
260
1
91
3
387
1
1
1
64
1
261
1
482
1
235
1
91
1
479
1
1
1
1777
1
1335
1
449
1
180
1
2
1
87
1
373
1
647
1
2
1
324
1
92
3
385
1
3
1
325
1
483
1
781
1
27
1
63
1
171
1
570
1
2
1
795
1
613
1
89
1
276
1
351
1
272
1
185
1
164
1
180
1
2
1
300
1
416
1
355
1
21
1
341
1
92
1
1
1
372
1
1154
1
1
1
622
1
718
1
809
1
11
1
91
1
442
1
89
1
623
1
6
1
298
1
323
1
184
1
284
1
431
1
457
1
809
1
263
1
1529
1
2
1
541
1
23
1
1063
1
348
1
83
1
810
1
123
1
158
1
165
1
186
1
295
1
83
1
871
1
675
1
809
2
226
1
1344
1
181
1
653
1
78
1
729
1
66
1
13
1
1247
1
180
1
3
1
104
1
82
1
258
1
455
1
95
1
75
1
91
1
534
1
276
1
1342
1
10
1
173
1
2255
1
12
1
808
1
338
1
360
1
86
1
453
1
720
1
466
1
82
1
810
1
794
1
902
1
650
1
887
1
887
1
450
1
95
1
353
1
271
4
718
3
1183
1
251
1
92
2
716
1
625
1
91
1
92
1
533
1
24
1
172
1
634
1
1424
1
89
1
103
1
430
1
90
1
2
1
87
1
355
1
663
2
327
1
91
3
387
1
66
1
888
1
91
1
91
1
466
1
810
1
172
1
714
1
809
1
445
1
88
1
89
1
444
1
181
4
176
1
448
1
90
1
392
1
417
1
391
1
418
3
386
2
328
1
455
1
170
1
650
1
170
2
704
1
105
1
441
1
193
1
524
1
178
1
93
1
534
1
299
1
1
1
160
1
255
1
457
1
169
1
571
1
329
1
467
1
1061
1
91
1
1980
1
628
1
459
1
74
1
735
1
256
1
627
1
182
1
456
1
1072
1
1447
1
1252
1
89
1
93
1
184
1
165
1
184
1
87
1
89
1
120
1
160
1
2254
1
251
1
182
1
534
1
662
1
968
1
444
1
89
1
199
1
517
1
84
1
125
1
80
1
242
1
185
2
85
1
88
1
120
1
774
1
101
1
95
1
645
1
67
1
354
1
1162
1
21
1
345
2
451
1
264
1
727
1
444
1
88
1
200
1
169
1
542
1
13
1
158
1
440
1
718
1
311
1
1
1
68
1
79
1
657
1
71
1
808
2
740
1
52
1
15
1
157
1
651
1
158
1
1
1
537
1
808
1
1621
1
4044
1
2429
1
1625
1
3233
1
3239
1
1
1
812
1
3234
1
3239
1
1
1
11431
1
3954
1
2522
1
732
1
2415
1
1623
1
1705
1
732
2
4033
1
1713
1
729
1
892
1
712
1
2433
1
2520
1
805
1
731
1
3
1
2414
1
807
1
901
1
724
1
2513
1
718
1
900
1
1
1
808
1
2430
1
811
1
811
1
725
1
5748
1
733
1
75
1
809
1
730
1
4128
2
729
2
80
1
3961
1
1704
1
1618
1
815
1
3142
1
1710
1
1
1
729
1
812
1
79
1
3144
1
5
1
1704
1
2336
1
2442
1
804
1
809
1
893
1
730
1
1618
1
5
1
72
1
6
1
802
1
718
1
994
1
632
1
715
1
990
1
1541
1
1787
1
624
1
90
1
905
1
1345
1
87
1
822
1
1605
1
994
1
1540
1
809
2
75
1
2259
1
808
1
797
1
17
1
791
1
185
1
2270
1
80
1
718
2
167
1
87
1
87
1
1273
1
976
1
644
1
882
1
2338
1
822
1
1
4
162
1
92
1
178
1
541
1
640
1
810
1
166
1
3877
1
812
1
2
1
345
1
89
1
88
1
451
1
87
1
4771
1
650
2
157
1
715
1
272
1
630
1
1452
1
1784
1
1
1
1459
1
809
1
65
1
95
1
894
1
553
1
168
1
806
1
809
1
2
1
3970
1
721
1
255
1
87
1
1
1
358
1
1
1
101
1
167
1
642
1
1787
1
648
2
807
1
3
1
76
1
76
1
734
1
80
1
1446
4
164
1
1
1
177
1
362
1
101
1
1787
1
1457
1
2
1
889
1
80
1
729
1
883
1
642
1
76
1
91
2
450
1
2628
1
4039
1
529
1
86
1
3
1
359
1
3081
1
159
1
1534
1
1531
1
527
2
1262
1
1539
1
80
1
644
1
4
1
4382
1
93
1
1997
1
2417
1
171
1
717
1
808
1
366
1
174
1
91
2
174
1
275
1
533
1
274
1
87
1
2814
1
75
1
809
1
888
1
1263
1
85
1
2
1
628
1
718
1
719
1
549
1
811
1
1621
1
1879
1
358
1
360
1
808
1
174
1
721
1
548
1
2
1
74
1
3868
1
637
1
89
1
442
1
94
1
805
1
380
1
79
1
259
2
552
1
810
1
165
2
3512
1
173
1
543
1
178
1
278
2
1622
1
167
1
635
1
170
1
626
1
184
1
1381
2
783
1
438
1
814
1
377
1
1
1
426
2
445
1
11
1
1539
1
253
1
1379
1
144
1
92
1
1
1
807
1
1
1
1447
1
1
1
349
1
268
1
1976
1
1369
1
14
1
808
1
236
1
717
1
719
1
456
1
1099
1
79
1
169
1
2423
1
559
1
13
2
1672
1
182
1
718
1
185
1
88
1
89
1
288
2
80
1
436
1
366
1
260
1
2
1
807
1
1532
1
568
2
239
1
568
1
863
1
186
1
556
1
813
1
151
1
366
1
84
1
3
1
1437
1
719
1
722
1
1445
1
78
1
2068
1
358
1
542
1
1
1
106
1
345
1
893
1
2
1
3059
1
2
1
808
2
633
1
731
1
77
1
77
1
360
1
95
1
88
1
540
1
88
1
1435
1
2341
1
1525
1
653
1
523
1
177
1
534
1
181
2
631
1
86
2
275
1
443
1
365
1
353
1
626
1
1460
1
251
1
733
1
635
1
1963
1
87
1
86
1
628
1
91
1
389
1
329
2
454
1
833
1
146
1
91
1
638
1
718
1
186
1
1152
1
185
1
1260
1
87
1
86
2
300
2
1137
2
2245
1
91
1
734
1
701
1
547
1
88
1
902
1
260
1
96
1
87
1
387
1
1139
2
1264
1
1634
1
886
1
535
1
193
1
519
1
90
1
1
1
184
1
260
1
96
1
87
1
1528
1
559
2
703
1
105
1
809
2
1525
1
614
1
83
1
109
1
248
1
361
1
1
1
209
1
65
1
91
1
77
1
184
1
468
1
251
1
463
1
174
1
727
1
2
1
807
1
79
1
730
2
795
1
77
1
16
1
634
1
78
1
94
1
634
1
170
1
440
1
212
1
76
1
156
1
181
1
627
1
559
1
95
1
248
1
1263
1
90
1
94
1
81
1
647
1
161
1
1252
1
816
1
182
1
78
1
17
1
437
1
534
1
95
1
87
1
297
1
1
1
235
1
182
1
376
1
822
1
810
1
1
1
808
1
1
1
793
1
169
1
257
1
369
1
620
1
279
1
446
1
174
1
1
1
279
2
345
1
3
1
296
1
809
1
333
1
2973
1
809
1
809
1
439
1
448
1
13
1
438
1
209
1
418
1
91
1
303
1
1136
1
1
1
1354
1
730
1
808
1
170
1
1342
1
104
1
13
1
144
1
13
1
352
1
87
1
212
1
156
3
347
1
719
1
1174
1
22
1
892
1
716
1
426
1
381
1
247
1
1265
1
184
1
92
1
352
1
460
1
807
1
165
1
93
1
469
1
714
1
344
3
559
1
77
1
636
1
264
1
543
1
967
1
1633
1
729
1
2
1
76
1
2
1
164
1
93
1
549
1
809
1
75
1
93
2
452
1
186
1
635
1
156
1
12
1
93
1
1153
1
279
1
1517
1
114
1
2
1
334
1
90
1
384
1
152
1
585
1
149
1
170
1
440
1
47
2
317
1
491
1
65
1
82
1
635
1
169
1
93
1
560
1
1222
1
271
1
204
1
516
1
292
1
61
1
364
1
310
2
132
1
17
1
163
1
91
2
467
1
83
1
165
1
492
1
150
1
659
1
149
1
635
1
263
1
433
1
932
1
80
1
1
2
513
1
90
1
266
1
453
2
366
1
662
1
2
1
143
1
5
1
163
1
91
2
399
1
321
1
639
1
713
1
95
1
898
1
545
1
14
1
80
1
167
3
162
1
368
1
275
1
74
1
361
1
2
1
1748
1
2
1
405
2
399
1
1128
2
637
1
3
1
649
1
78
1
727
5
249
1
559
1
153
1
348
1
180
1
125
1
509
1
87
1
211
1
155
1
2
2
345
1
1085
1
2440
1
16
1
809
1
682
1
121
1
4
1
78
1
1143
1
185
1
86
2
630
1
295
1
68
1
93
1
2
1
163
1
93
1
1196
1
1596
1
27
1
792
1
16
1
411
1
475
1
514
1
294
3
607
1
115
1
82
2
76
1
167
1
185
1
87
1
289
2
154
1
653
2
246
1
456
1
104
2
80
1
728
1
1787
1
165
1
475
1
75
1
732
1
808
1
813
1
723
1
85
1
337
1
471
1
245
1
640
1
1708
1
165
1
646
2
1159
1
719
1
306
1
67
1
79
1
349
1
265
1
47
1
65
1
344
1
396
1
2
1
52
1
729
1
24
1
1
1
145
1
1461
1
79
1
167
1
640
1
154
1
15
1
344
1
292
1
523
1
1025
1
502
1
306
1
148
1
615
1
1657
1
502
1
1112
1
251
1
1250
1
131
1
1304
1
3
1
720
1
395
1
878
1
158
1
913
1
73
1
369
1
259
1
731
1
616
1
46
2
144
1
439
1
5
1
84
1
278
1
168
1
271
1
368
1
1071
1
1164
1
365
1
2
1
557
1
63
1
11
1
182
1
2053
1
285
1
2
1
349
1
85
2
196
1
523
1
1437
1
626
1
91
1
4
1
806
2
559
1
166
1
91
1
468
1
79
1
262
2
252
1
1100
1
611
2
369
2
347
1
275
1
445
1
717
1
1
1
1343
1
17
1
724
1
809
1
156
1
823
1
1157
1
94
1
196
1
3
1
74
1
440
1
276
1
93
1
166
1
90
1
3
1
384
1
2407
1
1249
1
472
1
809
1
78
1
535
1
442
1
180
1
538
1
272
2
380
1
714
1
68
1
107
1
1456
1
807
1
248
1
257
1
301
1
80
1
809
1
171
1
1
2
252
1
313
1
677
1
2
1
129
1
66
1
1552
1
225
1
902
1
558
1
605
1
371
1
810
1
76
1
1303
1
1
1
585
1
94
1
262
1
455
1
221
1
144
1
259
1
91
2
718
1
444
1
90
1
742
1
1865
1
719
1
825
1
1
1
162
1
357
1
43
1
593
1
86
2
83
1
548
1
1891
1
10
1
92
1
605
1
467
1
161
1
1124
1
1
1
222
1
731
1
258
1
1803
1
173
1
454
1
456
1
354
1
388
1
78
1
728
1
342
1
465
1
80
1
607
1
132
1
785
1
22
1
407
1
275
1
102
1
171
1
445
1
806
2
216
1
410
1
91
1
1703
1
1035
1
236
1
94
1
1526
1
441
1
113
1
25
1
575
1
4
1
85
2
719
2
353
1
1903
4
72
1
629
1
494
1
224
1
105
1
1274
1
26
1
41
1
25
1
810
1
713
1
68
1
26
1
420
1
386
1
1
1
327
1
2
1
715
1
479
1
247
1
77
1
103
1
393
1
873
1
157
1
666
2
154
1
1068
1
458
1
260
1
485
1
324
1
93
1
317
1
880
2
64
1
78
1
96
1
1628
2
478
2
582
1
226
1
41
1
360
1
448
1
22
1
610
3
126
1
3
1
42
1
10
1
92
1
352
1
717
1
719
1
812
1
649
1
255
2
354
1
169
1
89
1
104
4
71
1
404
2
806
1
814
1
674
1
4
1
124
1
149
1
440
2
275
1
92
1
625
1
34
1
1
1
42
1
26
2
77
1
75
1
735
1
166
1
454
1
21
1
79
1
95
1
254
2
457
1
261
1
705
1
587
1
941
1
104
1
1157
1
4
1
85
2
277
1
168
1
181
1
3
1
305
1
813
1
409
1
463
1
350
1
458
1
261
1
626
1
168
1
719
1
990
1
270
1
373
1
1
1
434
1
3
1
717
2
719
2
352
1
364
1
466
1
809
1
261
1
626
1
186
1
543
1
170
1
638
1
171
1
637
1
79
1
92
1
442
1
719
1
86
1
127
1
500
1
297
1
239
1
275
1
373
1
94
1
255
2
1267
1
78
1
730
1
170
1
437
1
87
1
31
1
1643
2
230
2
163
1
180
1
93
1
535
1
181
1
1
1
365
1
1079
1
1
1
2
1
389
1
324
1
256
1
291
1
78
1
15
1
152
1
480
1
176
1
74
1
94
1
487
1
878
2
741
1
133
1
94
2
163
1
180
1
231
1
2
1
394
1
399
1
82
1
1540
1
64
1
825
1
680
1
127
1
155
1
93
1
253
1
303
1
726
1
81
1
160
1
624
1
27
1
504
1
94
1
101
1
10
1
148
1
741
1
433
1
1201
1
321
1
17
1
468
1
63
1
182
1
490
1
44
1
275
1
475
1
408
1
900
1
991
1
3
1
716
1
2
1
991
1
927
1
62
1
649
1
26
1
67
1
155
1
1448
1
94
1
425
1
245
1
807
1
1
1
42
1
615
1
627
1
388
1
685
1
42
1
83
1
78
1
243
1
13
5
469
1
79
1
168
1
533
1
90
1
91
1
346
1
465
1
635
1
79
1
77
1
270
1
180
1
96
1
623
1
1
2
182
1
103
1
2
2
77
2
1787
1
489
1
82
1
77
1
258
4
453
1
261
2
1275
1
58
1
193
1
615
1
196
2
72
1
719
1
180
1
180
1
90
1
1
1
173
1
10
1
903
1
258
1
401
1
69
1
81
1
258
2
398
1
132
1
25
1
255
1
3
3
351
1
180
1
15
1
152
1
12
1
256
1
210
1
176
1
632
1
809
1
80
1
983
1
436
1
629
1
90
1
3
1
284
1
877
1
638
1
37
1
156
1
75
1
180
1
3
3
387
1
159
1
634
1
11
1
226
1
105
1
641
1
1591
1
180
1
734
1
437
1
2
1
125
1
149
1
442
2
1030
1
79
1
76
1
256
1
3
3
387
1
81
1
712
1
96
1
231
1
14
1
454
1
107
1
62
1
14
1
63
1
559
1
520
1
288
1
36
1
226
1
582
1
54
1
67
1
685
1
230
2
345
1
185
1
847
1
155
1
257
1
3
2
547
1
647
1
83
1
232
1
575
1
1060
1
474
1
15
1
663
1
107
1
171
1
675
1
53
1
12
2
144
1
14
1
437
1
3
1
124
1
13
1
1214
1
474
1
702
1
184
1
154
1
13
1
491
2
852
1
105
1
63
1
639
1
23
1
813
1
413
1
298
1
239
1
14
1
1249
2
923
1
340
1
95
1
161
1
539
1
549
1
274
1
558
1
738
1
153
2
75
1
810
1
566
1
137
1
11
1
78
1
90
1
991
1
180
1
131
1
233
1
271
2
298
1
82
1
77
1
167
1
91
2
386
1
13
1
303
1
12
1
435
1
124
1
80
1
657
1
12
2
123
1
349
1
391
1
82
1
714
1
11
1
161
1
590
2
32
1
186
2
1246
1
130
1
509
3
623
1
90
1
470
1
79
1
1620
1
77
1
731
1
78
1
534
1
126
1
69
2
77
1
577
1
670
1
152
2
567
1
89
3
2604
3
812
1
725
1
1619
1
1697
1
1
1
3971
1
77
1
3
1
7286
1
1525
1
1619
1
1626
1
3245
1
809
1
796
1
91
1
722
1
809
1
810
1
2436
1
1
1
5745
2
811
1
731
1
79
1
2424
1
722
1
4044
1
2442
1
171
2
628
1
810
1
1708
1
714
1
2429
1
185
1
3863
1
3251
1
824
1
63
1
13
1
2
1
1604
1
811
1
730
1
976
1
730
1
1541
2
76
1
1790
1
87
1
464
1
802
1
170
1
2
1
2244
1
821
1
889
1
1544
2
255
1
87
2
462
1
976
1
644
1
1601
1
2521
1
1079
1
90
1
356
1
183
1
641
1
1694
1
2524
1
649
1
158
1
2
1
636
1
257
1
88
2
88
1
91
1
277
1
2
1
81
1
4043
1
93
1
624
1
27
1
1605
1
82
1
86
1
178
1
88
1
89
1
181
1
100
1
167
1
626
1
15
1
80
1
1705
1
809
1
1
1
650
1
808
1
809
1
65
1
732
1
168
1
268
1
179
1
93
1
266
1
626
1
993
1
807
1
2
1
635
1
170
1
732
1
76
1
731
1
77
1
2430
1
808
1
638
1
6
1
166
1
810
1
647
1
78
1
809
1
3048
1
4
1
266
1
810
1
1458
2
2415
1
1623
1
81
1
534
1
89
1
4
1
94
1
78
1
1633
1
727
1
967
1
730
1
888
1
92
2
1358
2
527
2
177
1
185
1
86
1
538
1
189
1
81
1
648
1
76
1
814
1
73
1
1712
1
558
1
1059
1
987
1
461
2
438
1
288
1
1
1
252
1
557
1
810
1
247
1
1450
2
794
1
91
1
1539
1
2
2
260
1
357
1
361
1
263
1
290
1
341
1
87
1
378
1
2
1
806
1
250
1
1
1
562
1
75
2
812
1
1602
1
1086
1
172
1
96
1
804
2
540
1
86
1
1
1
718
1
468
1
4
1
76
1
170
1
641
1
2345
1
1154
1
1616
1
86
1
460
1
259
1
468
1
83
1
811
1
165
2
1619
2
544
1
25
2
64
1
171
2
991
1
628
1
178
1
89
1
176
1
110
1
78
1
261
1
86
1
90
1
1183
1
724
1
1063
1
570
1
239
1
568
1
1231
1
362
1
92
1
172
1
268
1
286
1
1
1
339
1
88
1
382
1
248
1
623
1
17
1
163
1
3
1
1365
1
254
1
713
1
96
1
804
1
987
1
89
1
371
1
262
1
179
1
289
1
75
1
350
1
378
1
1869
1
4
1
2242
1
1710
1
184
1
550
1
169
1
87
1
552
1
168
1
2187
1
796
1
93
1
78
1
730
1
78
1
76
1
815
1
88
1
89
1
376
1
1
1
80
1
254
1
3
1
85
1
269
1
452
1
1355
1
744
1
241
1
1459
1
726
1
79
1
78
1
3
1
716
2
171
1
542
1
354
1
88
1
176
1
1182
1
892
1
568
1
873
1
901
1
4
1
1442
1
889
1
78
1
13
2
530
1
629
1
715
1
447
1
900
1
90
1
574
1
235
1
574
1
235
1
810
1
2164
1
440
1
726
1
451
1
356
1
463
1
341
1
2
1
481
1
1855
1
715
1
12
1
1884
1
173
1
187
1
835
1
794
1
821
1
331
1
4408
1
542
1
88
1
534
1
548
1
356
1
1368
1
808
1
888
1
3
1
701
1
1356
1
193
1
435
1
88
1
87
1
446
1
905
1
452
1
917
1
76
2
75
1
92
1
534
1
275
2
465
1
170
1
2
2
806
1
1065
1
274
1
93
1
10
1
12
2
65
1
440
1
91
1
213
1
965
2
171
1
463
1
79
1
12
1
252
1
556
1
83
1
165
1
2
1
1354
1
91
1
3
1
807
1
806
1
2
1
440
1
88
1
93
1
10
1
14
1
159
1
1068
1
471
1
79
1
810
1
168
1
490
1
52
1
91
1
663
1
316
1
3
1
452
1
182
1
3
1
522
1
285
1
343
1
465
1
260
1
267
1
93
1
10
1
1241
1
474
1
962
1
571
1
13
1
315
1
493
1
320
1
1449
1
712
1
96
1
259
1
88
1
84
1
93
1
104
1
521
2
633
1
85
1
717
1
627
1
650
1
11
1
13
1
772
1
36
1
315
1
4
1
635
1
346
1
89
1
1023
1
80
1
425
1
93
1
206
1
83
1
810
1
335
1
467
1
249
1
1278
1
25
1
132
1
639
1
36
1
799
1
426
1
459
1
3
1
151
1
16
1
1063
1
185
1
930
1
154
1
349
1
1
1
462
1
256
1
1280
1
249
2
475
1
68
1
743
3
76
1
334
1
13
2
460
1
171
1
558
1
690
1
1006
1
245
1
493
1
55
1
12
1
342
1
470
1
712
1
26
1
65
1
249
1
1292
1
78
1
165
1
94
1
86
2
378
3
80
1
603
1
1013
1
607
1
203
1
515
1
220
1
1
1
405
1
5
1
395
1
3
1
851
1
103
1
1803
1
85
2
89
1
289
4
78
1
810
1
512
1
292
1
2
2
804
1
743
1
1604
1
80
1
706
1
10
1
342
1
911
1
88
1
290
2
232
1
12
1
642
3
512
1
905
1
127
1
502
1
309
1
1123
1
90
1
4
1
395
1
1692
1
255
1
92
1
87
3
88
2
198
1
81
1
62
1
540
1
719
1
905
1
128
1
955
1
1070
1
400
1
411
1
1280
1
348
2
86
1
1
1
87
3
88
2
189
1
604
1
372
1
1
1
1380
1
64
1
67
1
455
1
353
1
271
1
5
1
84
1
719
1
3
1
396
1
147
1
1449
1
169
1
271
1
1
2
86
1
1
1
87
1
1
1
90
1
355
1
1067
1
380
1
171
1
1
1
567
1
316
1
185
1
85
1
1
1
718
1
264
1
453
1
400
1
957
1
733
1
348
2
87
3
89
1
87
1
2
1
106
1
1868
1
439
1
130
1
3
1
237
1
74
1
1257
1
453
1
355
1
1657
1
245
1
90
1
269
1
1
1
538
2
254
1
1713
1
132
1
142
1
1553
2
64
1
93
1
167
1
482
2
809
2
888
1
525
1
3
1
115
1
808
1
239
1
348
1
224
1
236
1
1367
1
420
1
811
1
627
1
1809
1
185
1
89
1
183
1
337
1
13
1
376
1
11
1
68
1
261
2
480
1
65
1
739
1
4
1
64
1
67
1
270
1
389
1
2044
3
715
1
653
1
253
1
167
1
102
1
542
1
703
1
15
1
545
1
745
1
235
1
3
1
438
1
194
1
248
1
995
1
305
1
410
1
445
1
365
1
386
1
174
1
253
1
270
1
1168
1
94
1
479
1
64
1
157
1
360
1
462
1
2202
2
808
1
43
1
24
2
327
1
364
1
619
1
646
1
702
1
16
1
463
1
16
1
2209
1
87
1
139
2
576
1
1
1
285
1
12
1
419
3
318
1
68
1
705
1
1238
1
16
2
719
1
462
1
599
1
987
1
20
1
264
3
350
1
87
1
138
1
71
1
508
1
172
1
545
1
1
1
305
1
1936
1
494
3
64
1
265
1
342
1
918
1
262
1
444
1
136
1
70
1
703
1
34
1
68
1
3
1
505
1
355
1
365
1
375
1
158
1
182
1
727
1
707
1
1890
1
288
1
104
1
65
1
259
1
413
1
44
1
90
1
91
1
4
1
2140
1
454
1
625
1
1631
1
348
1
554
1
453
1
79
1
26
1
805
1
81
1
427
1
537
1
181
1
3
1
453
1
674
1
228
1
704
1
27
1
73
1
450
1
282
3
645
1
146
1
16
1
164
1
1374
1
74
1
3
1
430
1
87
1
631
1
464
1
812
1
80
1
727
2
79
1
634
1
13
1
516
1
293
2
428
1
1117
1
215
1
1404
1
305
1
274
1
444
1
639
1
91
1
262
1
385
1
148
1
672
1
158
1
516
1
217
1
152
1
271
1
3
1
87
1
184
1
443
2
364
1
356
1
253
1
198
1
34
1
808
1
1
1
227
1
439
1
127
1
14
1
485
1
324
1
841
1
181
1
1475
1
424
1
90
3
205
1
162
1
166
1
644
1
165
1
1266
1
36
1
574
1
231
1
70
2
510
1
284
1
12
1
1
1
160
1
622
1
26
1
1323
1
212
1
235
1
271
1
4
1
85
3
535
1
94
1
702
1
12
1
347
1
213
2
143
1
597
1
771
1
704
2
369
1
811
1
257
1
391
1
513
1
212
1
507
1
91
2
631
1
469
1
77
1
153
1
12
1
644
1
61
1
105
1
254
1
177
1
53
1
755
1
123
1
160
1
796
1
271
1
1204
1
76
1
649
1
507
1
384
1
321
1
484
1
247
1
642
2
167
3
253
1
900
1
810
1
4
1
204
1
717
1
174
1
635
1
172
1
75
1
438
1
217
1
411
1
12
1
383
1
77
1
728
1
80
1
167
1
811
1
1
1
640
1
654
1
46
1
10
1
95
1
515
1
4
1
288
1
76
1
579
1
150
1
651
1
64
1
15
1
423
1
810
1
91
2
1027
1
45
1
10
1
92
1
168
1
489
1
228
1
91
1
3
1
1294
1
824
1
31
1
90
1
260
1
181
1
3
1
455
1
3
1
164
1
403
1
64
1
15
1
423
1
77
1
223
1
82
1
76
1
440
1
1
2
285
1
684
1
54
1
808
1
216
1
990
1
411
1
154
1
333
1
334
1
135
1
431
2
227
1
13
1
54
1
164
1
257
2
272
1
36
1
80
1
62
1
12
1
335
1
395
1
714
1
1245
1
395
1
68
1
250
1
502
3
305
1
348
1
139
1
12
1
55
1
147
1
362
1
384
1
73
1
260
1
4
1
281
1
10
1
36
1
31
1
22
1
84
1
654
1
2
3
1486
1
115
1
421
1
387
1
15
1
53
1
519
1
301
1
82
3
73
1
439
1
211
2
54
1
102
1
443
1
140
1
1113
1
537
1
272
1
92
1
453
1
809
1
542
1
93
1
125
1
2
1
43
1
766
1
145
1
876
1
103
1
3
1
882
1
996
1
296
3
159
1
623
1
1169
1
646
1
434
1
130
2
67
1
416
1
14
1
311
1
145
1
261
2
454
1
1528
1
981
1
78
1
13
1
349
3
1184
1
93
1
164
1
472
1
173
1
253
1
180
1
4
1
625
3
311
1
144
1
246
1
13
1
3
1
441
1
272
1
640
1
173
1
162
1
473
1
727
1
328
1
810
1
183
2
215
1
55
1
1007
1
439
1
274
1
350
1
1
2
702
1
358
1
373
1
536
1
90
1
684
2
136
1
78
1
593
2
809
1
54
1
81
1
1434
1
79
1
10
1
531
1
90
1
2
2
126
1
1
2
222
1
272
1
2
1
702
1
732
1
347
1
129
1
1219
1
494
1
43
1
649
1
613
1
91
1
815
1
720
1
91
3
626
1
1106
1
23
1
1
1
135
1
169
1
500
1
70
1
67
1
647
1
95
1
65
1
247
1
458
1
441
1
180
1
139
1
81
1
2
1
145
1
440
1
128
1
251
1
74
1
496
1
238
1
332
1
105
2
195
1
326
1
719
1
822
1
488
1
81
1
135
1
103
1
476
1
96
1
312
1
480
1
11
1
226
1
180
1
992
1
951
1
223
1
258
1
194
4
947
3
53
1
751
1
401
2
394
1
2442
1
568
1
93
1
206
1
516
1
77
1
824
1
1020
2
64
1
95
1
332
1
646
1
393
1
846
1
285
2
703
1
604
1
569
1
2
1
1118
2
155
1
348
1
93
1
194
1
79
1
95
1
575
2
306
1
501
2
137
1
786
1
24
2
244
1
486
1
232
1
271
1
4
1
1036
1
1305
1
358
1
632
1
128
1
47
1
195
1
165
1
91
1
2
2
351
1
21
1
728
1
23
1
809
1
45
1
170
1
810
1
444
1
716
2
298
1
2
1
158
1
578
1
806
1
797
1
253
1
257
1
308
1
69
1
79
1
247
1
12
1
387
1
22
1
948
1
337
1
333
1
1
1
136
1
658
1
69
1
82
3
886
1
352
1
229
1
63
1
95
1
422
1
223
1
66
1
519
1
289
1
172
1
257
1
308
1
69
1
79
1
94
2
633
1
342
1
2
1
252
1
129
1
80
1
798
1
339
1
378
1
856
1
55
1
979
1
572
1
237
1
347
1
462
1
566
1
69
1
417
1
1078
1
135
2
672
1
41
1
10
1
138
1
11
1
786
1
180
1
16
1
567
1
147
1
567
1
15
1
234
1
257
1
1930
1
12
2
473
1
406
1
326
1
483
1
809
1
771
1
182
1
93
1
254
1
810
1
196
1
21
1
1500
1
278
1
671
1
71
1
144
1
274
3
715
1
812
2
371
1
32
1
69
1
407
1
459
1
185
2
542
1
68
1
271
1
399
1
57
1
763
1
316
1
479
1
80
1
79
1
259
1
377
1
265
1
153
1
104
1
317
1
234
1
61
1
525
2
389
2
882
1
345
2
54
1
1128
1
399
1
344
1
73
1
486
1
79
1
75
1
257
1
393
1
81
1
243
1
183
3
1047
1
1
1
54
1
163
1
423
1
97
1
363
1
92
3
1160
1
20
1
1231
1
1089
1
199
1
429
1
392
1
158
1
155
1
576
1
63
1
603
1
141
2
680
1
55
1
1
1
318
1
1
1
1181
1
32
1
11
1
71
1
122
1
991
1
180
1
227
1
128
1
33
1
171
1
164
1
278
1
159
1
112
1
77
1
258
1
313
1
135
1
89
1
101
1
91
1
3
1
386
2
736
1
4
1
111
1
751
1
68
1
11
1
626
1
46
1
655
1
4
1
134
1
74
1
156
4
345
1
1
1
263
1
453
1
557
1
93
1
254
1
233
2
67
1
809
1
81
1
323
1
12
1
319
1
4
1
227
1
63
1
512
1
206
1
360
1
219
1
836
1
42
1
68
1
451
1
243
2
565
1
300
1
67
1
78
1
13
1
576
1
161
1
171
1
344
1
952
3
148
1
77
1
336
1
15
1
231
1
225
1
155
1
422
1
71
1
1
2
233
1
91
1
445
1
1160
1
562
1
337
1
334
1
216
1
349
1
228
1
160
1
730
1
596
1
292
1
428
5
71
1
157
1
65
1
81
1
323
1
15
3
546
1
980
1
164
1
219
1
58
1
33
1
739
1
1609
1
970
1
729
1
157
1
258
1
91
2
2
1
191
1
103
1
81
1
338
1
284
1
419
1
656
2
781
1
270
1
406
1
1048
1
473
1
904
1
64
1
638
1
34
3
67
1
157
1
350
3
226
1
152
1
413
1
396
1
591
1
75
1
1
1
124
1
93
1
63
1
448
1
30
1
44
1
2
1
387
1
420
2
54
1
57
1
259
1
1369
1
184
1
254
1
304
1
324
1
993
2
457
1
259
1
471
1
340
1
612
1
1080
1
253
1
733
1
77
1
102
1
921
1
904
1
254
1
301
1
236
1
273
1
74
1
88
1
540
1
13
1
329
1
481
1
400
1
671
1
206
1
249
1
794
1
504
2
43
1
91
1
93
1
254
1
728
1
324
1
68
1
1318
1
240
1
218
1
730
1
156
1
1368
1
96
1
248
1
416
1
69
1
72
1
157
1
497
1
478
1
320
1
46
1
283
1
477
1
12
1
68
1
80
1
504
1
12
1
154
1
54
1
253
1
568
1
501
1
170
1
100
1
33
1
136
1
78
1
11
1
523
1
45
1
81
1
80
1
600
1
2
1
42
1
335
1
72
1
356
1
125
1
55
1
104
1
443
1
20
1
171
1
969
1
2
1
455
1
6
1
802
1
984
3
808
2
807
1
1460
2
782
1
824
1
809
1
168
1
641
1
3409
1
650
1
157
1
1618
1
1450
1
811
1
791
1
1711
1
745
1
157
1
1445
1
78
1
6
1
84
1
626
1
90
1
809
1
735
1
73
1
1540
1
1635
1
157
1
715
1
2433
1
2424
1
718
1
836
1
889
2
714
2
807
1
4223
1
806
1
1449
2
80
1
627
1
1
1
990
1
730
1
975
1
637
1
173
1
649
1
1
1
154
1
731
1
77
1
1450
2
80
1
3979
1
1697
1
1516
1
2527
1
735
1
80
1
727
1
3
1
74
1
84
1
3067
1
977
1
643
1
816
1
811
1
79
1
793
1
809
1
1710
1
1543
1
262
1
86
1
378
1
1058
1
3
2
553
1
4
1
154
1
718
1
15
2
724
1
891
1
716
1
92
1
810
1
525
1
90
1
3
1
448
1
719
1
555
1
2
1
966
1
1437
1
104
1
2775
1
186
1
89
1
446
1
178
1
288
1
157
1
5939
1
186
1
83
1
629
1
91
1
198
1
248
1
562
1
162
1
1535
1
1
1
726
1
158
1
1713
3
531
1
365
1
180
1
90
1
352
1
93
1
178
1
87
1
181
1
272
1
84
1
1
1
1372
1
890
1
1534
1
79
1
171
2
1531
1
87
1
361
1
358
1
87
1
86
1
179
1
182
1
107
2
78
1
77
1
90
1
642
1
75
1
6
1
84
1
717
1
730
1
981
2
812
1
568
1
1857
1
177
1
90
1
90
1
355
1
90
1
643
1
793
1
1806
1
570
1
51
1
755
1
773
1
364
1
547
1
259
1
718
1
2
1
561
1
79
1
164
1
2
1
1616
1
573
2
234
1
5
1
647
1
78
2
731
1
153
1
809
1
273
1
287
1
247
1
270
1
2890
1
653
1
2579
1
723
1
3
1
165
1
270
1
293
1
248
1
1620
1
567
2
79
1
2506
1
1619
1
2
1
530
1
443
1
96
1
2814
1
4
1
1045
1
1366
1
1608
1
21
1
425
1
88
1
533
1
180
1
3
1
385
1
3
1
330
1
806
1
1
1
476
1
1597
1
22
1
239
1
732
1
633
1
68
1
1266
1
718
1
88
1
300
1
417
1
627
1
93
1
476
1
1049
1
1539
1
2
1
524
1
919
1
525
1
629
1
177
1
626
1
91
1
393
1
324
1
2
1
808
1
810
1
639
2
168
2
464
1
172
1
525
1
1355
1
268
1
116
1
56
1
1081
1
813
1
476
1
56
1
914
1
76
1
718
1
822
2
2335
1
718
1
809
1
183
2
728
1
809
1
253
1
489
1
1765
2
345
1
358
1
102
1
1
1
350
1
89
1
208
1
888
1
156
1
655
1
713
1
889
1
261
1
493
1
958
1
524
1
281
1
2
1
261
1
452
1
530
1
93
1
93
1
25
1
77
1
252
1
634
1
984
1
634
1
175
1
488
1
863
1
905
1
163
1
359
1
13
1
271
1
980
1
474
1
82
1
1615
1
877
1
809
1
1462
1
607
1
449
1
736
1
728
1
250
1
1613
1
5
1
803
1
1267
1
169
1
1007
1
174
1
180
1
1
1
1000
1
62
1
667
1
74
1
2
1
520
1
288
1
810
1
76
1
658
1
961
1
168
1
1293
1
428
1
89
1
1106
1
68
1
809
1
2
1
515
1
5
1
84
1
203
1
1238
1
457
1
636
1
10
1
821
1
775
1
21
1
610
1
4
1
279
1
722
1
6
1
4
1
72
1
806
1
814
1
242
1
549
1
350
1
470
1
339
1
537
1
181
1
1370
1
335
1
17
1
89
1
289
1
75
5
169
1
637
1
738
1
71
1
74
1
1341
2
631
1
86
2
275
1
260
1
182
1
718
1
1447
1
450
1
191
4
804
1
3
1
736
1
73
1
883
1
660
1
590
2
1852
1
841
1
24
1
617
1
97
1
92
1
173
1
531
1
107
1
166
1
1381
1
677
1
2558
1
13
1
786
1
432
1
374
1
254
1
531
1
275
1
807
1
166
1
270
1
634
1
805
1
1202
2
726
1
13
1
227
1
986
1
4
1
1692
1
551
1
443
1
368
1
74
1
271
1
1
1
458
2
172
1
85
1
391
1
158
2
171
1
476
1
161
1
580
1
121
1
107
1
894
1
93
1
90
1
972
1
200
1
877
1
107
1
437
1
274
1
354
1
388
1
326
1
5
1
475
1
66
1
91
1
4
1
169
1
804
1
561
1
1
1
716
1
438
1
94
1
535
1
1
1
3315
1
5
1
809
1
1193
1
818
1
239
1
360
1
219
2
151
1
2
1
259
1
84
1
3
1
176
1
1
1
1749
1
227
1
637
1
523
1
263
1
453
1
1118
1
412
1
634
1
575
1
159
2
349
1
84
1
93
1
126
1
409
2
392
1
3
1
798
1
1055
2
1385
1
70
1
2
1
416
1
1
1
272
1
114
1
728
3
158
1
424
1
629
1
192
1
94
1
537
1
363
1
353
2
255
1
198
1
1074
1
811
2
809
1
809
1
257
3
467
1
634
1
14
1
1627
1
319
2
454
1
262
1
579
1
71
2
875
1
532
1
196
1
173
1
348
2
459
1
258
1
471
1
422
1
11
1
211
2
404
1
192
1
208
1
5
1
417
1
717
2
454
1
809
1
106
1
1763
1
365
1
379
2
808
1
434
1
539
1
270
1
630
1
719
2
491
1
483
1
396
1
51
1
102
1
1164
1
86
2
114
1
22
1
151
2
427
2
378
1
625
1
185
1
332
1
279
1
1264
1
535
1
184
1
254
1
235
1
133
1
729
1
79
1
440
1
300
1
81
2
154
1
271
1
3
1
1998
1
153
1
89
1
101
1
464
2
344
1
180
1
266
1
660
1
81
2
78
3
658
2
149
1
515
1
141
1
45
1
106
1
518
1
137
1
45
1
535
1
296
1
328
1
1200
1
146
1
24
1
256
1
900
1
180
1
118
1
420
2
455
1
91
1
169
1
4
1
162
1
324
1
43
1
273
1
1
1
2073
1
79
1
764
1
492
1
441
1
661
1
520
1
94
1
85
1
3
1
195
1
78
1
263
1
163
1
1008
1
101
1
328
1
186
1
373
1
172
1
260
1
1003
1
912
1
158
1
78
1
185
1
292
1
25
1
314
1
468
1
32
1
36
1
21
1
79
1
247
1
101
1
314
1
4
1
582
1
215
1
13
1
204
1
194
1
402
1
146
1
76
1
91
1
1
1
497
1
58
1
604
1
719
1
283
1
249
1
515
1
385
1
408
2
45
1
765
1
483
1
1004
2
136
1
47
1
1572
1
141
1
623
1
44
1
57
1
84
1
518
1
290
1
426
1
2
1
261
1
10
1
106
1
896
1
534
1
34
1
55
1
530
1
278
1
11
1
79
1
246
1
11
1
271
1
133
1
52
1
260
1
182
1
445
1
682
1
2
1
137
1
1606
1
648
1
421
1
90
1
91
1
298
1
170
1
74
1
1068
1
11
1
208
1
601
1
94
1
182
1
260
1
181
1
1
1
317
1
126
1
12
1
669
1
311
3
1063
1
197
1
115
2
495
1
299
1
729
1
82
1
964
1
348
1
199
1
429
1
11
1
180
1
218
1
319
1
502
1
1119
1
2
1
472
1
903
1
727
1
81
1
68
1
521
1
286
1
2150
1
116
1
161
1
350
1
1
1
375
1
80
1
809
1
78
1
95
1
472
1
94
1
1536
1
489
1
90
1
91
1
127
1
236
1
438
1
120
1
93
1
77
1
660
1
1
1
66
1
611
4
341
1
1890
1
309
1
95
1
1502
1
613
1
185
1
192
1
92
1
1378
3
1022
1
192
1
1291
1
673
1
377
1
254
1
176
1
65
1
56
1
159
1
441
1
196
1
824
1
76
1
426
1
476
1
62
1
504
2
591
1
363
1
67
1
101
1
90
1
387
1
228
1
194
1
343
1
65
1
809
1
72
1
584
1
288
1
172
1
257
1
175
1
635
1
1
1
204
1
12
1
494
1
191
1
942
2
238
1
351
1
1106
1
812
1
1123
1
492
1
135
1
106
1
431
1
1686
1
67
1
597
1
371
1
545
1
69
1
180
1
272
1
1
1
304
1
10
1
207
1
607
1
42
1
262
1
1159
1
208
1
419
1
91
2
718
1
400
1
78
1
169
1
641
1
658
1
227
1
438
1
629
1
1269
1
337
1
645
2
1157
3
217
1
68
1
430
1
390
1
333
1
551
1
426
1
966
1
134
1
95
1
151
1
427
1
875
1
786
1
10
1
11
1
3
1
236
1
1528
1
442
1
136
1
163
1
1465
1
812
1
230
1
436
2
103
1
69
1
33
1
1
1
223
1
193
1
285
1
107
1
326
2
1065
1
165
1
204
1
439
1
106
1
113
1
731
1
236
1
92
1
1333
1
21
1
79
1
888
1
16
1
344
1
93
1
209
1
222
1
582
1
334
1
418
2
295
1
166
1
345
1
283
1
14
1
811
1
554
1
262
1
74
1
642
1
76
1
538
1
101
1
809
1
95
1
151
1
284
3
1350
1
340
1
1001
1
729
1
10
1
254
1
489
1
53
1
274
1
625
1
91
1
425
1
189
1
194
1
811
1
645
1
420
1
2
1
329
2
389
1
417
1
464
1
401
1
148
1
718
1
649
1
25
1
144
1
1237
1
11
1
208
1
58
1
846
1
157
1
513
1
554
1
719
1
166
1
254
1
1542
1
282
1
650
1
247
1
13
1
964
1
1360
1
366
1
455
1
261
1
329
1
391
1
417
1
1184
1
180
1
254
1
464
1
390
1
444
1
295
1
395
1
719
1
282
1
719
1
93
1
73
1
118
1
32
1
152
1
337
1
2
1
1125
1
12
1
217
2
1539
1
162
1
163
1
185
1
121
1
34
1
232
1
168
2
452
1
79
1
182
1
76
1
1451
1
351
1
194
1
102
1
164
1
648
2
806
2
314
1
180
1
197
1
912
1
514
1
648
2
544
1
170
1
498
1
809
1
661
2
103
1
524
2
330
1
55
1
331
1
1
2
419
1
772
1
35
1
283
1
652
1
66
1
271
1
479
1
263
1
362
1
36
1
316
1
558
1
80
1
173
1
636
1
155
1
656
1
75
1
545
1
20
1
22
1
127
1
95
1
73
1
570
1
407
1
379
1
263
1
454
1
356
1
74
1
409
1
82
1
247
1
93
1
396
3
134
1
90
1
547
1
356
1
344
1
152
1
217
1
77
1
515
1
139
1
76
1
352
1
458
1
543
1
69
1
365
3
1227
1
45
1
253
1
474
1
94
1
64
1
1448
1
356
1
332
1
11
1
128
1
836
1
137
1
77
1
731
3
339
1
396
2
55
1
262
1
165
1
208
1
69
1
44
1
2
1
225
1
347
1
629
1
180
1
562
1
164
1
1008
1
689
1
1114
1
78
1
636
1
10
1
13
1
68
1
79
1
258
1
306
1
10
1
81
1
3
1
943
1
742
1
159
1
571
1
78
1
809
1
656
1
323
1
498
1
138
1
336
1
180
1
75
1
462
1
561
1
339
1
317
1
207
1
25
3
655
1
69
1
594
1
830
1
79
1
36
1
78
1
1618
1
715
1
328
1
504
2
1217
1
317
1
401
1
466
1
251
1
466
1
601
1
314
1
337
1
182
1
192
1
24
1
148
1
504
1
11
1
962
1
567
1
228
1
150
1
146
1
283
1
723
1
313
1
25
1
192
1
602
1
57
1
80
1
83
1
542
1
601
1
392
1
245
1
104
1
309
1
67
1
79
1
1328
1
75
1
75
1
785
1
96
1
211
1
192
1
94
1
304
1
410
1
3
1
72
1
229
1
846
1
633
1
117
1
239
1
24
2
76
1
520
1
58
1
706
1
37
1
4
2
127
1
92
1
414
1
150
1
16
1
5
2
59
1
496
1
245
1
6
1
364
1
437
1
383
1
91
3
304
1
411
1
3
2
543
1
683
1
45
1
68
1
90
1
93
3
567
3
747
1
113
1
34
1
78
1
581
1
68
1
44
1
21
1
14
2
76
1
581
1
70
1
41
1
439
1
311
1
159
1
93
3
974
1
286
1
853
1
466
1
1454
1
348
1
146
1
84
1
79
1
714
1
79
1
93
1
171
1
162
1
300
1
809
1
57
1
194
1
347
1
197
1
10
1
511
1
3
1
234
1
481
3
314
1
153
3
245
1
1277
1
419
1
479
1
648
1
255
1
169
2
407
1
811
1
53
1
497
1
11
1
312
1
225
1
363
3
193
1
22
1
2
1
806
1
69
1
695
1
47
1
66
1
82
1
586
1
764
1
34
1
316
1
91
1
643
1
168
1
406
2
866
1
57
1
22
1
744
1
222
1
180
1
181
1
525
1
102
1
92
2
161
1
88
1
32
1
434
3
339
1
284
1
91
1
705
1
514
1
54
1
352
1
93
1
304
1
149
1
658
1
12
2
113
1
22
1
669
1
72
3
52
1
183
1
423
1
213
1
174
1
163
1
343
1
1
1
124
1
682
1
126
1
158
1
90
1
91
1
375
1
173
1
716
1
94
1
76
1
93
1
407
1
123
1
22
1
353
1
363
1
429
1
309
1
23
1
1
2
213
1
590
1
127
1
11
1
171
1
256
1
310
1
244
1
506
1
207
1
156
1
193
1
537
1
90
1
432
1
544
1
310
1
163
1
565
1
13
1
499
1
364
1
261
1
92
1
384
1
149
1
11
1
506
1
11
1
278
1
183
1
625
1
185
1
462
1
160
1
351
1
90
1
174
1
145
1
125
1
601
1
196
1
360
1
299
1
34
1
56
1
81
1
155
1
410
1
148
1
11
1
443
1
182
1
90
1
79
1
181
1
477
1
94
1
145
1
1250
1
161
1
300
1
256
1
90
1
84
1
30
1
512
1
296
1
680
1
97
1
75
1
24
1
1722
1
717
1
79
1
1417
1
87
1
55
1
148
1
157
1
571
1
637
1
809
1
184
1
956
1
91
1
1243
1
11
1
54
1
741
1
762
1
46
1
809
1
124
1
171
1
350
3
156
1
59
1
56
1
90
1
428
1
118
1
54
1
1
1
33
1
91
1
658
1
37
1
169
1
10
1
182
1
478
1
68
1
718
1
170
1
92
2
999
2
282
1
43
1
105
1
100
1
182
1
166
1
311
1
46
1
113
1
427
1
267
1
37
1
78
2
74
1
77
1
435
1
807
1
59
2
315
1
91
2
717
1
1176
1
90
1
170
1
567
1
32
1
4
1
31
1
455
3
351
1
113
1
506
1
188
1
193
1
589
1
1
1
140
1
414
1
251
1
105
1
193
1
167
1
345
1
464
1
286
1
20
1
34
1
45
1
11
1
2
1
145
1
337
1
266
1
11
1
45
1
148
1
647
1
57
1
90
1
1093
3
318
1
66
1
329
1
615
1
10
1
90
1
95
1
416
2
140
1
666
1
58
1
590
1
218
1
57
1
169
1
15
2
257
3
246
1
754
1
31
1
231
1
695
1
116
1
153
1
14
1
909
1
318
2
68
1
158
1
169
1
479
1
135
1
196
1
417
2
140
1
78
1
425
1
971
1
286
1
1369
1
21
1
69
1
56
1
286
1
73
1
278
1
194
1
169
1
395
1
58
1
169
1
23
1
261
1
523
1
193
1
479
1
705
1
44
2
56
1
68
1
14
1
155
1
1276
1
114
2
228
1
154
1
194
2
230
1
488
1
162
1
155
1
114
1
284
1
316
1
94
1
307
1
407
1
163
1
644
1
13
1
33
1
116
1
246
1
256
1
222
1
67
1
14
1
78
1
169
1
421
1
138
1
504
1
304
1
156
1
579
1
3
1
67
2
415
1
367
1
23
2
418
1
390
1
328
1
165
1
553
1
407
1
501
1
92
1
213
1
12
1
398
1
375
1
171
1
14
1
248
1
811
1
241
1
301
1
79
1
589
1
117
1
21
1
809
1
11
1
3
1
621
1
43
1
470
1
481
1
145
1
91
1
407
1
14
1
578
1
214
1
149
1
14
1
323
1
298
1
47
1
123
1
93
1
587
1
71
3
471
1
11
1
239
1
58
1
176
1
62
1
12
1
155
1
11
1
388
1
253
1
1069
1
445
1
537
1
144
1
73
1
793
1
351
1
389
1
45
1
114
1
544
1
45
1
543
1
178
1
84
1
455
1
278
1
62
1
233
1
1238
1
146
1
95
1
1197
3
544
1
172
1
74
1
992
1
191
1
726
1
80
2
260
2
547
4
729
1
76
1
704
1
275
1
809
1
638
1
888
1
1797
1
4
2
717
3
556
1
811
1
782
1
105
1
981
1
808
1
1446
1
352
1
89
1
90
1
84
1
4
1
1724
2
1703
1
725
1
1063
1
636
1
1695
1
815
1
646
1
163
1
647
1
1593
1
23
1
158
1
1713
1
713
1
6
1
86
1
86
1
91
1
87
1
2
1
90
1
90
1
1726
1
161
1
649
1
155
1
2271
1
797
1
1069
1
1
1
178
1
2162
1
726
2
83
1
729
1
804
1
2512
1
86
1
3072
1
805
1
1540
1
1869
1
269
1
91
1
1086
1
729
1
3
1
873
1
16
1
1786
1
625
1
186
1
713
1
901
1
560
1
79
1
810
1
3410
1
570
2
233
1
5
1
567
1
235
1
640
2
168
1
626
1
14
1
167
1
1356
1
262
1
546
1
993
1
77
1
573
2
76
1
78
1
734
1
74
1
1710
2
2
1
714
1
1164
1
271
1
447
1
1527
1
810
1
1275
1
344
1
469
1
151
1
11
1
627
1
17
1
791
1
535
1
1920
1
2760
1
469
1
167
1
434
1
268
1
1087
1
176
1
298
1
330
1
477
1
1
1
1618
1
775
1
1083
1
93
1
469
1
165
1
1877
1
180
2
538
2
480
1
1857
1
547
1
1165
2
2605
1
88
2
196
1
341
1
480
2
242
1
568
1
143
1
662
1
1951
1
1281
1
242
1
274
1
806
1
89
1
539
1
536
1
187
1
621
1
991
1
732
1
716
1
78
1
650
1
338
1
726
1
87
1
896
1
377
1
809
1
14
1
967
1
729
1
83
1
975
1
2
1
2340
1
87
1
544
1
263
1
454
1
182
2
648
1
3
1
889
1
702
1
22
1
331
1
545
1
266
1
804
1
903
1
442
1
103
1
532
1
277
1
166
1
482
1
77
2
892
1
883
1
93
1
1264
1
847
1
64
1
157
1
628
1
104
1
715
1
729
1
170
1
3
1
646
1
163
1
810
1
166
1
1621
1
463
1
835
1
1320
1
89
1
89
1
91
1
97
1
728
1
3
1
74
1
731
1
74
1
810
2
78
1
353
1
378
1
77
1
716
1
980
1
627
1
23
1
806
1
78
1
276
1
179
1
277
1
63
1
107
1
636
1
606
1
125
1
51
1
24
1
608
1
1
1
197
2
78
1
353
1
378
1
77
1
635
1
173
1
259
1
718
1
92
2
1197
1
341
1
88
1
1063
1
201
1
1
1
76
1
348
1
382
1
246
1
900
1
475
1
334
1
377
1
436
1
465
1
341
3
715
1
92
2
469
1
163
1
274
1
537
1
555
1
81
1
1
1
76
1
662
1
44
1
22
1
1
1
245
1
549
1
91
1
77
1
900
1
901
1
718
1
91
1
2
1
1198
1
52
1
27
1
257
1
89
1
90
1
342
1
22
1
170
1
1378
1
72
1
244
1
494
1
499
1
88
1
1074
1
366
1
396
1
148
1
264
1
1449
1
84
1
89
1
378
1
4
1
78
1
167
1
641
1
810
1
738
1
145
1
665
1
1123
1
94
1
396
1
56
1
821
1
340
1
393
1
249
1
86
1
88
1
91
1
91
1
198
1
52
1
26
1
167
1
562
1
78
1
333
1
994
1
217
1
1
1
1685
1
344
1
384
1
903
1
158
1
558
1
253
1
85
2
88
1
88
1
369
1
4
1
164
1
2
1
807
1
1250
1
130
1
496
2
1360
2
166
1
640
1
650
1
80
2
977
1
179
1
287
1
253
1
554
1
250
1
2
1
1065
1
180
1
132
1
133
1
105
1
810
1
646
1
1138
1
809
1
820
1
88
1
1
1
182
1
104
1
254
1
252
1
89
1
210
1
957
1
10
1
532
1
129
1
407
1
561
2
2268
1
79
1
731
1
76
1
1
1
516
1
291
1
83
1
529
1
133
2
794
1
818
1
7
1
219
1
75
1
513
1
1596
1
83
2
418
1
1
1
1091
1
20
1
69
1
169
1
258
1
191
1
1761
1
808
1
1
1
566
1
241
1
47
1
158
1
604
1
58
1
1
1
415
1
90
1
3
1
213
1
788
1
91
1
11
1
420
1
1120
1
6
1
215
1
917
1
87
1
88
1
274
1
1073
1
590
1
24
1
34
1
750
1
34
1
26
1
159
1
437
1
150
1
219
1
347
1
1
1
240
1
751
1
31
1
587
1
226
1
132
1
670
1
13
1
499
1
89
1
795
1
219
1
10
1
398
1
484
1
158
1
577
1
70
1
602
1
149
2
21
1
10
1
22
1
513
1
225
1
12
1
140
1
647
1
133
1
25
1
63
1
549
1
853
1
227
1
94
1
1693
1
485
1
1409
1
150
1
751
1
113
1
419
1
377
1
93
1
243
1
89
1
1452
1
490
2
811
1
67
1
325
1
486
1
232
1
366
1
806
1
138
1
150
1
429
1
242
1
43
1
158
1
570
1
699
1
810
1
449
1
3
1
1296
1
667
1
292
1
517
1
290
1
888
1
730
1
810
1
810
3
434
1
213
1
157
1
515
1
213
1
54
1
23
1
1
1
167
2
489
1
151
1
74
1
581
1
669
2
287
1
157
1
273
1
717
1
1718
1
371
1
348
1
3
1
85
1
3
1
209
1
132
1
671
1
787
1
889
1
21
1
787
1
991
1
78
1
181
1
403
2
1313
1
347
1
462
1
209
1
81
1
505
1
556
1
451
1
181
1
429
1
552
1
166
1
90
1
1
1
1527
1
321
1
320
2
1062
1
244
1
34
1
259
1
515
1
818
1
127
1
264
1
86
1
1139
1
130
1
76
1
439
1
176
1
116
1
76
1
626
1
10
1
249
1
1314
1
817
1
230
3
151
1
432
1
388
1
408
1
5
1
7
1
1595
1
23
2
128
1
1146
1
390
1
14
1
852
1
271
1
413
1
313
1
978
1
335
1
55
1
717
1
706
1
147
1
35
1
10
1
81
1
77
1
90
1
91
2
419
1
299
1
510
1
809
1
206
1
348
1
207
1
80
1
521
1
232
1
236
1
1595
1
601
1
4
1
54
1
57
1
372
1
184
1
536
2
547
1
682
2
59
1
65
1
427
1
254
1
1275
1
320
2
811
1
482
1
333
1
46
1
350
1
469
1
57
1
467
1
89
1
262
1
273
1
407
1
1123
2
808
2
808
1
474
1
81
1
170
1
567
1
2
1
66
1
146
1
89
1
371
1
129
1
5
1
52
1
762
1
579
1
2
1
87
3
140
1
111
1
764
1
146
1
661
1
240
1
512
1
1836
1
424
1
1010
1
621
1
630
1
1
1
884
1
242
1
69
1
1
1
1047
1
557
1
11
1
407
1
447
1
1470
1
10
1
255
1
253
1
310
1
958
1
673
1
33
1
2151
1
277
1
441
1
185
1
101
1
32
1
228
1
78
1
364
1
93
1
377
1
241
1
302
1
171
1
256
1
313
1
677
1
937
1
81
1
330
1
396
1
12
1
67
1
3
1
737
1
1469
1
184
1
21
1
11
1
719
1
249
1
65
1
26
1
62
1
653
1
257
1
311
2
679
2
368
1
1
1
333
1
311
1
136
1
101
1
168
1
334
3
201
1
457
1
532
1
274
1
298
2
808
1
2
1
641
1
16
1
3
1
820
2
808
1
132
1
77
1
566
1
26
1
22
1
194
1
438
1
3
1
155
2
377
1
91
1
1
1
625
1
1159
1
220
1
69
1
172
1
522
1
193
1
442
1
149
1
5
1
139
1
337
1
298
1
173
1
695
1
116
2
675
1
210
1
592
1
568
1
1023
1
1029
1
590
1
324
1
815
1
167
1
15
2
178
1
278
1
168
1
334
1
222
1
957
1
451
1
1077
1
669
1
151
1
247
1
504
1
1
1
134
1
601
1
797
1
72
1
79
1
334
1
14
1
90
1
89
1
198
2
80
1
664
1
64
1
401
1
191
1
373
1
1247
1
632
1
282
1
20
1
94
1
796
1
69
1
428
1
197
1
42
1
153
1
714
1
15
1
738
1
225
1
77
1
14
1
558
1
404
1
191
1
373
1
1880
1
303
1
22
1
71
2
134
1
672
1
72
1
142
1
511
1
58
1
93
1
704
1
106
1
437
1
540
1
872
1
389
1
265
1
587
1
25
1
633
1
149
1
835
1
46
1
225
1
581
1
34
1
35
1
1316
1
304
1
256
1
180
1
540
1
332
1
157
1
212
1
666
1
131
1
23
1
438
1
151
1
220
3
254
1
94
1
86
1
1
1
193
1
835
1
318
2
417
1
69
1
69
1
727
1
148
1
14
2
424
1
117
1
186
1
152
1
103
1
180
1
446
1
92
1
487
1
2
1
213
1
270
1
395
1
131
1
191
1
424
1
54
1
512
2
214
1
23
1
139
1
156
1
512
1
69
1
1
1
66
1
3
1
77
3
169
1
371
1
114
1
68
1
81
1
154
1
1224
1
314
1
374
1
448
1
346
1
950
1
151
1
246
1
271
1
368
1
264
1
464
1
56
1
10
1
675
1
65
1
741
1
148
1
567
1
814
1
313
1
374
1
279
1
261
1
372
1
10
1
47
1
32
1
797
1
96
1
516
2
291
1
339
1
72
1
255
1
67
1
740
1
70
1
574
1
357
1
10
1
11
1
171
1
1
1
1212
1
16
1
3
1
391
1
184
1
85
1
277
1
262
1
412
1
2
1
61
1
4
1
711
1
36
1
58
1
405
1
180
1
538
1
181
1
253
1
128
1
78
1
166
1
376
1
866
1
115
1
157
1
536
1
58
1
577
1
155
1
11
1
143
1
245
1
270
1
150
1
58
1
3
1
159
1
411
1
167
1
65
1
1
1
54
1
338
1
340
1
10
1
4
1
56
1
1
1
224
1
16
1
61
1
503
1
1
1
67
1
519
1
136
1
22
1
62
1
147
1
1435
1
105
1
967
1
257
1
237
1
10
1
59
1
173
1
166
1
270
1
142
1
54
1
755
1
134
1
78
1
662
1
241
1
254
1
288
1
25
1
66
1
656
1
10
1
952
1
645
1
34
1
926
1
67
1
1011
1
366
1
537
1
319
1
1118
2
151
1
821
1
297
1
80
1
92
1
797
1
352
1
75
1
629
1
516
1
138
1
170
1
905
1
320
1
24
1
466
1
320
1
641
1
477
1
151
1
309
1
20
1
86
1
701
1
102
1
150
1
439
1
196
1
173
1
728
1
891
1
77
1
499
1
69
1
429
1
76
1
89
1
211
1
327
1
105
1
272
1
47
1
305
1
335
1
985
1
1
1
59
1
144
1
66
1
191
1
297
1
229
1
682
1
823
2
306
1
811
1
408
1
147
1
336
1
12
1
180
1
197
1
433
1
319
1
805
1
314
1
253
1
254
2
54
1
4
1
701
1
240
1
11
1
888
1
90
1
94
1
337
1
71
1
382
1
1145
1
224
1
271
1
180
1
197
1
524
1
535
1
65
1
281
1
437
1
25
1
571
1
701
1
45
1
648
2
159
1
183
1
10
1
275
1
409
2
382
1
481
1
237
1
922
1
180
1
694
1
27
1
61
1
210
1
10
1
509
1
527
1
597
1
701
1
32
1
36
1
101
1
431
1
2
1
73
1
198
1
446
1
395
1
13
1
43
1
68
1
671
1
24
1
307
1
636
1
15
1
255
1
345
1
112
1
169
1
156
1
25
1
535
1
663
1
145
1
67
1
372
1
224
1
589
1
158
1
374
1
183
1
455
1
261
1
317
1
24
1
22
1
101
1
250
1
77
1
426
1
111
1
101
1
590
1
409
1
377
1
22
1
1
1
66
1
79
1
78
1
183
3
465
1
79
1
170
1
64
1
319
1
161
1
14
2
79
1
583
1
304
2
254
1
249
1
37
1
340
1
1302
1
151
1
886
1
349
1
171
1
103
1
32
1
1059
1
91
1
75
1
358
1
439
1
407
1
78
1
75
1
811
1
507
1
129
1
890
1
262
2
281
1
42
1
391
1
430
1
24
1
185
1
170
1
484
1
80
1
78
1
94
1
451
1
41
1
3
1
56
1
587
1
149
1
118
1
35
1
247
1
76
1
340
1
5
1
139
1
79
1
1394
1
847
1
1152
1
76
1
425
1
842
1
704
1
58
1
45
1
466
2
457
1
167
1
2405
1
399
1
20
1
10
1
82
1
2
1
54
1
696
1
79
1
680
1
832
1
1
3
53
1
79
1
350
1
391
1
82
1
153
1
90
1
182
1
74
1
139
1
24
1
220
1
166
1
76
1
341
1
299
1
94
1
1591
1
282
1
346
1
1170
1
251
1
11
1
57
1
83
2
53
1
605
1
42
1
183
1
1145
1
14
1
91
1
369
1
165
1
93
1
719
1
1295
1
3
1
291
1
1395
1
1
1
702
1
251
1
77
1
13
1
726
1
457
1
43
1
72
1
508
1
614
1
106
1
281
1
31
1
11
1
393
1
543
1
79
1
78
1
12
1
535
1
31
1
69
1
174
2
493
1
37
1
90
1
23
3
736
1
138
1
78
1
90
1
571
1
1225
1
243
1
671
1
370
1
259
1
453
1
265
1
253
1
187
1
31
1
13
1
878
2
65
1
67
1
24
1
347
1
75
1
61
1
80
1
81
1
510
1
2
1
181
1
101
1
57
1
1003
1
76
1
469
1
103
1
580
1
384
1
285
1
205
1
68
1
94
1
587
1
556
1
251
1
69
1
2
1
67
2
582
1
72
1
287
1
23
1
653
1
233
1
346
1
1011
1
79
1
90
1
1323
1
70
1
1697
2
78
1
169
1
640
1
245
1
180
1
75
1
61
1
166
1
131
1
533
1
143
1
159
1
255
1
3
1
292
1
422
1
76
1
251
1
11
1
24
1
809
1
41
1
37
1
20
1
10
1
79
1
11
1
605
1
1250
1
412
1
3
1
317
2
403
1
233
1
1776
1
168
1
208
1
113
1
396
1
180
1
302
1
80
1
426
1
297
1
90
1
557
1
186
1
79
1
338
2
283
1
820
1
15
1
223
1
509
1
72
2
33
1
270
1
180
1
207
1
187
1
155
1
65
1
101
1
90
1
526
1
192
1
356
1
362
1
408
1
388
1
13
1
415
1
70
1
94
1
64
1
13
1
77
1
546
1
23
1
499
1
309
1
2
1
64
1
342
1
74
1
239
1
38
1
31
1
15
1
392
1
400
1
11
1
3
1
805
1
3
1
1296
1
75
1
209
1
433
1
284
1
20
1
21
1
11
1
116
1
690
1
813
1
192
1
115
1
166
1
182
3
143
1
482
1
326
1
59
1
15
1
761
1
113
1
251
2
152
1
486
1
232
1
352
1
141
1
160
1
349
1
721
1
261
1
363
1
92
1
1123
1
48
1
286
1
348
1
287
1
66
1
660
1
11
1
69
1
157
1
558
1
58
1
729
1
20
1
21
1
857
1
10
1
11
1
160
1
64
1
420
1
583
1
75
1
1294
1
256
1
299
1
254
1
347
1
146
1
26
1
853
1
69
1
738
1
36
1
925
1
670
1
282
1
525
1
103
1
465
1
113
1
183
1
423
1
386
1
65
1
11
1
731
1
505
1
14
1
124
1
242
1
636
1
58
1
33
1
343
1
431
1
270
1
347
1
305
1
669
1
57
1
68
1
157
1
358
1
131
1
21
1
399
1
90
1
720
1
92
1
236
1
877
1
81
1
520
1
135
1
117
1
467
1
341
1
113
1
263
1
431
1
784
1
24
1
451
1
472
1
2
1
75
1
812
2
164
1
90
1
164
1
110
1
31
1
58
1
170
1
182
1
284
1
852
1
14
1
309
1
451
1
69
1
47
1
561
1
279
1
349
1
27
1
716
1
784
1
663
1
811
1
78
1
258
1
91
3
70
1
223
1
46
1
284
1
284
1
113
1
1515
1
69
1
20
1
25
1
32
1
466
1
305
1
413
1
241
1
450
1
1178
1
361
1
11
1
730
1
2
1
76
1
556
1
423
1
334
1
29
1
30
1
778
1
41
1
410
1
91
3
363
1
10
1
11
1
67
1
91
1
170
4
351
1
126
1
643
1
59
1
718
1
114
1
1
2
145
1
343
1
222
1
1210
1
810
1
832
1
603
1
373
1
377
1
171
1
169
1
398
1
83
1
42
1
115
1
544
1
343
1
374
1
101
1
318
1
272
1
3
1
154
1
141
1
495
1
645
2
72
1
229
1
21
1
389
1
77
1
1392
1
430
3
215
1
81
1
79
1
78
1
77
1
258
1
231
1
57
1
751
1
397
1
368
1
531
1
207
1
101
1
500
1
526
1
26
2
164
1
356
1
455
1
740
1
544
1
521
1
301
1
79
1
564
1
166
1
328
2
521
1
1004
1
487
1
229
1
466
1
20
1
832
1
208
1
604
1
53
1
12
1
80
1
156
1
94
1
637
1
427
1
147
1
219
1
260
1
642
1
168
1
717
1
246
1
254
1
1
1
564
1
242
1
138
1
78
1
349
1
812
1
461
1
257
1
203
1
447
1
404
1
58
1
12
1
146
1
745
1
418
1
234
1
314
1
167
1
409
3
123
1
181
1
418
1
81
1
644
1
164
1
25
1
192
1
258
1
459
1
350
1
90
1
136
1
245
2
78
1
257
1
295
1
356
1
716
1
349
1
344
1
115
1
1273
1
187
1
329
1
240
1
50
1
31
1
153
3
621
1
187
1
403
1
331
1
73
1
65
1
79
1
508
1
151
1
2
1
66
1
80
1
349
1
161
1
21
1
46
1
65
1
94
1
75
1
476
1
10
1
69
1
329
1
272
1
720
1
391
1
52
1
106
1
461
1
31
1
299
1
185
1
151
1
98
1
72
1
220
1
157
1
582
1
753
1
11
1
43
1
753
1
91
1
612
1
83
1
736
1
478
1
90
1
90
1
302
1
52
1
684
3
68
1
160
1
321
1
88
1
50
1
69
1
90
1
23
1
394
1
261
1
128
1
10
1
739
1
23
1
34
1
774
1
797
1
69
1
69
1
80
1
350
1
146
1
13
1
69
1
160
1
75
1
92
1
165
1
810
1
90
1
355
1
456
1
272
1
24
1
160
1
462
1
101
1
81
1
147
1
157
1
26
1
418
3
295
1
167
1
617
1
479
1
90
1
159
1
11
1
259
1
175
1
635
1
174
1
259
1
104
3
163
1
180
1
267
1
826
2
345
1
628
1
480
1
812
1
144
1
661
1
163
1
75
1
91
1
1265
1
1338
1
278
1
10
1
339
1
458
1
17
1
333
1
468
1
1061
1
572
1
66
1
1883
1
1448
1
623
1
10
1
616
1
84
1
4
1
91
1
17
1
61
1
275
3
2164
1
78
1
627
1
90
1
1086
1
453
1
23
1
67
1
78
1
183
1
468
1
74
1
718
1
260
1
95
1
177
1
177
1
2
1
111
1
1058
2
805
4
1353
1
24
1
1
1
807
1
809
1
1321
1
714
1
89
1
89
1
89
1
1
1
105
1
6
1
247
1
714
1
93
1
1619
2
569
1
237
1
638
1
170
1
535
1
35
1
331
1
468
1
809
1
62
1
273
1
466
1
6
1
1864
1
812
3
553
1
1794
1
622
1
444
1
364
1
79
1
17
1
254
1
360
1
95
1
79
1
729
1
79
1
184
1
1379
2
240
1
622
1
916
1
647
1
1612
1
79
1
254
1
467
1
79
1
1539
1
254
1
567
1
243
1
565
1
82
1
76
1
1
1
2598
1
86
1
378
1
86
1
167
1
86
1
1532
1
569
1
76
1
892
1
726
1
1540
1
332
1
463
1
340
1
179
1
184
1
446
1
1290
1
159
1
651
1
78
1
79
1
2232
1
271
1
651
1
157
1
650
1
3
1
255
1
552
1
259
1
470
1
76
1
1
1
76
1
94
1
254
1
357
1
10
1
12
2
704
1
104
2
795
1
12
1
339
1
92
1
309
1
133
1
273
1
1208
1
955
1
529
1
12
1
106
1
3
1
144
1
102
1
257
1
304
1
77
1
246
1
991
1
461
1
258
1
93
1
363
1
13
2
338
1
401
1
783
1
10
1
423
1
1539
2
177
1
90
1
90
1
106
1
810
1
77
1
517
1
221
1
149
1
348
1
3
2
85
2
370
2
257
2
374
1
174
1
1468
1
227
1
184
1
1449
1
85
1
362
1
996
1
83
1
654
1
150
3
259
1
398
1
152
1
632
1
22
1
1
1
69
2
154
1
652
1
248
1
478
1
161
1
729
1
704
1
24
1
80
1
169
1
357
1
280
1
425
1
358
1
22
1
83
1
726
1
81
1
727
2
78
1
2
2
168
1
487
1
68
1
248
1
491
1
68
1
66
1
1895
1
1088
1
83
1
104
1
335
1
473
1
81
1
170
1
87
1
175
1
997
1
106
1
737
1
44
1
22
1
254
1
486
1
2
1
1124
1
902
1
389
1
76
1
3
1
165
1
1
1
450
1
83
1
997
1
343
1
305
1
1133
1
4
1
487
2
2838
1
375
1
11
1
3
1
79
1
165
1
1
1
640
1
1235
1
92
1
541
1
1297
1
1
1
874
1
249
1
457
1
260
1
1369
1
16
1
79
1
164
1
563
1
419
1
384
1
79
1
255
1
356
1
1262
1
1431
1
754
1
54
1
103
1
3
1
165
1
1
1
363
1
114
1
82
1
714
1
172
1
164
1
396
1
244
1
1
1
808
1
440
1
1074
1
103
1
169
1
403
1
142
1
662
1
79
1
66
1
14
1
247
1
479
1
79
1
3
1
1054
1
1370
2
64
1
101
1
361
1
255
1
691
1
859
1
174
1
164
1
420
1
1
1
115
1
106
1
552
1
33
1
571
1
1073
1
196
1
802
1
360
1
720
1
307
1
322
1
1
2
495
1
220
1
637
1
738
1
592
1
91
1
1
1
146
1
47
1
158
1
363
1
1026
1
811
1
162
1
151
1
371
1
129
1
138
1
451
1
186
1
879
1
194
2
587
1
47
1
158
1
270
1
319
1
672
1
2
1
625
1
93
1
297
1
418
1
366
1
23
1
160
1
258
1
470
1
1159
1
1152
1
194
1
1344
1
90
1
625
1
208
1
509
1
354
1
900
1
13
1
554
1
172
1
1
1
649
1
330
1
178
1
86
1
887
1
374
1
1386
1
583
1
87
1
370
1
1541
1
76
1
729
2
255
1
89
1
179
1
87
1
453
1
90
1
177
1
4
1
936
1
231
1
806
1
2
1
974
1
411
1
69
1
146
1
745
2
622
1
431
1
400
1
160
3
434
1
177
1
726
1
1747
1
68
2
157
1
258
1
183
1
630
1
468
1
1
1
338
1
1115
1
11
1
866
1
92
1
2
1
163
1
1081
1
91
1
614
1
316
1
499
1
384
1
237
1
180
1
4
1
317
1
148
1
3
1
1148
1
1127
1
764
1
361
1
642
1
258
1
550
1
168
1
558
1
82
1
806
1
4
1
73
1
259
1
92
1
230
2
303
1
490
1
1219
1
495
1
237
3
543
1
91
1
167
1
628
1
273
1
269
1
254
1
22
1
4
1
164
1
2
1
1785
1
367
1
764
1
44
1
442
1
321
1
2104
1
341
2
26
1
451
1
390
1
810
1
420
3
458
3
166
1
256
1
238
1
15
1
114
1
78
1
650
1
95
1
676
1
2
1
114
1
13
1
245
1
272
1
160
2
58
1
728
1
314
1
16
1
461
1
24
1
215
1
13
2
345
1
1714
1
140
1
53
1
83
3
809
1
702
1
34
1
811
1
67
1
809
1
519
1
950
1
212
1
1460
1
356
1
179
1
89
1
276
4
169
1
451
1
185
1
425
1
312
1
1
1
146
1
577
1
10
1
71
1
588
1
810
1
951
1
4
1
2
1
1116
1
904
1
86
1
2
1
86
1
542
1
494
1
27
1
192
1
567
1
33
1
810
1
46
1
750
1
70
1
242
1
483
1
3
1
123
1
113
1
578
2
811
1
124
1
638
1
30
1
15
1
43
1
352
1
1
1
88
1
376
1
251
1
455
1
340
1
525
2
125
1
682
1
126
1
172
1
624
1
1979
1
89
1
89
1
142
1
125
1
1083
1
412
1
134
1
174
1
542
1
10
1
252
1
1
2
483
1
85
1
403
1
900
1
254
1
204
1
1246
1
145
1
805
1
4
1
495
1
321
1
808
1
809
1
70
1
55
1
182
1
569
1
226
1
361
1
719
1
90
1
138
1
11
1
659
1
714
1
233
1
866
1
260
1
365
1
251
1
1491
1
12
1
1472
1
101
1
44
1
216
1
78
1
363
1
1
1
262
1
672
1
136
1
660
1
148
1
115
3
567
1
499
1
87
2
88
1
95
1
443
1
1221
1
1
1
68
1
494
1
218
1
684
1
1827
1
1237
1
312
1
239
4
254
1
2
1
87
2
264
1
271
1
1698
1
180
1
243
1
1038
1
534
1
45
1
33
1
272
1
1000
1
616
1
583
1
807
1
1
1
150
2
656
2
395
1
12
1
181
2
160
1
22
1
33
1
748
1
48
1
149
1
439
1
232
2
485
1
263
1
60
1
32
1
195
1
499
1
133
1
362
1
321
1
5
1
1
1
286
1
498
1
16
1
66
1
71
1
671
1
65
1
152
2
643
1
11
2
704
1
105
1
56
1
352
2
336
1
5
1
864
1
765
1
738
1
101
1
418
1
12
1
459
1
169
1
245
1
229
1
219
1
10
1
578
1
129
1
21
1
259
1
435
1
1185
1
90
1
2
1
87
2
310
1
1036
1
651
1
1053
1
102
1
317
1
3
1
817
2
764
1
161
1
695
1
866
2
135
1
90
1
90
1
76
1
16
1
89
1
87
1
1
1
432
1
105
2
253
1
107
1
65
1
46
1
83
1
666
1
300
1
649
1
155
1
506
1
4
1
59
1
136
1
10
1
11
1
66
1
25
1
500
1
216
1
576
1
833
1
915
1
272
1
91
2
88
1
89
2
158
1
380
2
557
1
680
1
732
1
30
1
21
1
2
1
70
2
77
1
655
1
71
2
44
1
206
1
152
1
89
1
89
1
109
1
621
1
89
1
215
1
158
2
584
1
1763
2
247
1
640
1
63
1
105
1
464
1
92
1
251
1
1332
1
206
1
490
1
67
1
43
1
1513
1
57
1
163
3
259
1
88
1
90
1
368
2
242
1
298
1
117
1
31
1
34
1
235
1
13
1
810
1
476
1
57
1
274
1
75
1
277
1
734
1
357
1
92
1
490
1
65
1
1562
2
22
1
193
1
262
1
327
1
138
1
2
2
322
1
343
1
45
1
26
1
761
1
750
1
331
1
652
1
438
1
89
1
282
1
62
1
594
1
69
1
805
1
81
1
1
1
76
1
444
1
122
1
165
1
336
1
76
1
229
1
24
1
136
1
744
1
64
1
250
1
1231
1
1207
1
270
1
279
1
168
1
445
1
193
1
55
1
116
2
163
1
395
1
74
1
4
1
51
1
191
1
272
1
104
1
239
1
286
1
303
1
93
1
55
1
68
1
270
1
412
1
695
1
433
1
558
1
750
1
588
1
144
1
74
1
1
1
148
1
145
1
204
1
2
1
86
1
2
1
214
1
1
1
576
1
231
2
230
2
164
1
1712
1
461
1
75
1
77
1
502
1
727
1
22
1
4
1
125
1
416
1
257
1
661
1
292
3
76
1
155
1
168
1
629
1
459
1
41
1
70
1
146
1
25
1
483
1
799
1
244
1
670
2
397
1
91
2
317
1
140
1
334
1
197
1
69
1
759
1
37
1
3
1
2
1
141
1
76
1
813
1
255
1
1415
1
25
1
1388
2
215
1
592
1
2
1
137
1
348
1
90
1
103
1
434
1
92
1
1139
1
484
1
367
1
26
1
312
1
496
1
222
1
825
2
343
1
159
1
883
1
215
1
348
1
243
1
35
1
22
1
339
1
180
1
158
1
70
1
205
1
195
1
626
1
91
1
421
1
228
1
1433
1
24
1
66
1
263
1
62
1
89
1
327
1
1765
1
348
1
227
1
10
1
82
1
398
1
387
1
22
1
126
1
12
1
261
1
325
1
140
1
669
1
1
1
136
1
94
1
332
1
89
1
291
1
157
1
11
1
271
1
215
1
22
1
2
1
125
1
743
1
584
1
370
1
616
1
112
1
696
1
79
1
113
1
259
1
706
1
105
1
443
1
36
1
53
1
78
1
103
1
166
1
310
1
339
1
413
1
396
1
605
1
624
1
2
1
54
1
2
1
241
1
461
1
20
1
1041
1
672
1
306
1
182
1
236
1
69
1
69
1
343
2
281
1
31
1
117
1
46
1
66
1
823
1
152
1
561
1
236
1
89
1
24
1
180
1
141
1
831
1
45
1
238
1
166
1
405
1
584
1
357
1
271
1
167
1
128
1
1326
2
337
1
377
1
410
1
407
1
270
1
448
1
66
1
23
1
181
1
204
1
23
2
44
1
356
1
477
1
237
1
573
1
121
1
115
2
975
1
90
1
719
1
811
3
325
1
376
1
1460
1
157
1
114
1
90
1
445
1
67
1
595
1
405
1
388
1
252
1
258
1
254
1
53
1
243
2
259
1
249
1
22
1
20
1
160
1
604
1
68
1
68
1
1
1
330
1
407
1
68
1
1631
1
158
1
565
1
308
1
824
1
486
1
73
1
324
1
180
1
176
1
1081
1
181
1
92
2
625
1
93
1
1131
1
166
2
79
1
75
1
812
1
952
1
115
1
1
1
221
1
60
1
80
1
262
1
487
1
217
1
12
1
525
1
169
1
117
1
575
1
217
1
363
1
134
1
660
1
171
1
380
1
394
1
103
1
68
1
744
1
404
1
167
1
231
1
4
1
471
1
24
1
307
1
386
1
422
1
217
1
12
1
65
1
459
1
126
1
42
1
10
1
451
1
303
1
665
1
70
1
13
1
569
1
101
1
136
1
1492
1
522
1
167
1
128
1
91
1
12
2
148
1
258
1
155
1
247
1
42
1
24
1
81
1
654
1
73
1
156
1
706
1
628
1
79
1
45
1
623
1
42
1
37
1
172
1
441
1
629
1
91
1
248
1
934
1
13
1
414
1
89
1
178
1
126
1
78
1
660
1
43
1
26
1
808
2
155
1
475
1
20
1
81
1
72
1
160
1
564
1
24
1
475
1
266
1
65
1
58
1
738
1
36
1
33
1
147
1
274
1
181
1
722
1
127
1
81
1
84
1
681
1
206
1
347
1
309
1
45
1
10
1
262
1
64
1
400
1
69
1
10
1
15
1
712
1
21
1
71
1
160
1
165
1
424
1
475
1
332
1
296
1
271
1
174
1
1013
1
93
1
496
2
218
1
155
1
448
1
111
1
94
1
438
1
423
1
114
1
492
1
66
2
853
1
114
1
555
1
69
1
22
1
163
1
1052
1
1063
1
71
1
80
1
75
1
93
1
242
1
89
1
199
1
351
1
537
1
104
1
258
1
90
1
193
1
434
1
558
1
2
1
692
1
42
1
230
1
1296
1
80
1
138
1
106
1
256
1
552
1
166
1
402
1
79
1
632
1
69
1
351
1
423
1
477
1
328
1
220
1
727
1
4
1
154
1
2130
1
83
1
123
1
353
3
328
1
113
1
105
1
153
1
496
1
153
1
527
1
20
1
90
1
821
1
1
2
429
1
213
1
161
1
4
1
142
1
102
1
492
1
318
2
636
1
2
1
75
1
510
1
68
1
151
2
428
1
1
1
342
1
375
1
203
1
69
1
43
1
13
1
123
1
248
1
458
1
54
1
2
1
64
1
686
1
20
1
90
1
11
1
338
1
66
1
199
1
57
1
122
1
24
1
78
1
144
1
114
1
90
2
142
1
71
1
14
1
22
1
191
1
185
1
545
1
171
1
486
1
567
1
159
1
154
1
160
1
649
1
612
1
124
1
734
1
87
1
21
1
294
1
434
1
56
1
66
1
237
1
270
1
176
1
41
1
138
1
25
1
77
1
234
1
249
1
93
1
25
1
112
1
671
2
137
1
671
1
34
1
104
1
143
1
501
1
24
1
218
1
463
1
80
1
45
1
45
1
432
1
330
1
23
1
102
1
156
1
548
1
679
1
255
1
731
1
52
1
349
1
78
1
254
2
56
1
406
1
346
1
136
1
169
1
503
1
691
1
114
1
142
1
601
1
287
1
347
1
923
1
196
1
78
1
624
1
21
1
164
1
714
1
172
1
166
1
180
1
629
1
91
1
1904
1
175
1
655
1
70
1
68
1
14
1
78
1
462
1
42
1
949
1
94
1
167
1
477
1
588
1
197
1
21
1
409
1
180
1
785
1
26
1
366
1
263
1
61
1
343
1
140
1
234
1
1386
1
739
1
150
1
504
1
310
1
571
1
496
1
227
1
1302
1
182
1
229
1
293
1
106
1
61
1
343
1
218
1
536
1
53
1
58
1
68
1
91
1
662
1
68
1
739
1
150
1
166
1
90
1
651
1
480
1
237
1
244
1
89
1
732
1
616
1
11
1
246
1
26
1
227
1
1
1
372
1
433
1
809
1
695
1
185
1
68
1
716
1
173
1
244
1
278
1
42
1
343
1
885
1
286
1
90
1
91
1
79
1
78
1
78
1
1096
1
111
1
114
2
714
1
92
1
312
2
495
1
695
1
219
1
113
1
508
1
26
1
170
1
23
1
555
1
1950
1
537
1
546
1
202
1
114
2
565
1
229
1
69
1
137
1
114
1
569
2
315
1
307
1
187
1
806
1
409
1
307
1
434
1
152
1
164
1
308
1
572
1
238
1
885
1
547
1
430
1
357
1
43
1
1
1
123
1
569
1
20
1
48
1
43
1
2
1
314
1
307
1
160
1
10
1
15
1
64
1
417
1
733
1
342
1
53
1
345
1
73
1
89
1
240
1
3
1
148
1
158
1
499
1
57
1
396
1
342
1
47
1
90
1
617
1
125
1
161
1
141
1
191
1
242
1
1
1
310
1
163
1
472
1
77
1
466
1
184
1
797
1
12
1
66
1
247
1
13
1
166
1
249
1
11
2
229
1
172
1
372
1
104
1
66
1
94
1
76
1
812
1
231
1
300
1
90
1
12
1
78
1
235
1
27
1
211
1
336
1
153
1
16
1
781
1
434
1
217
1
1070
1
286
1
171
1
679
1
83
1
80
1
52
1
24
1
170
1
292
1
424
1
76
1
307
1
219
1
207
1
164
1
216
1
333
1
260
1
306
1
138
1
273
1
976
1
241
1
73
1
1214
1
77
1
128
1
183
1
68
1
681
1
215
1
26
1
168
1
282
1
114
1
68
1
79
1
170
1
76
1
527
1
34
1
172
1
473
1
501
1
91
1
298
1
55
1
272
1
875
1
289
1
366
1
62
1
351
1
81
1
13
1
57
1
147
1
661
1
499
1
113
1
30
1
81
1
57
1
102
1
169
1
92
1
74
1
89
1
278
1
23
1
157
1
168
1
297
1
114
1
136
1
13
1
171
1
473
1
82
1
236
1
258
1
13
1
299
1
161
1
243
1
15
2
61
1
252
1
139
1
247
1
16
1
417
1
299
1
443
1
830
1
80
1
22
1
69
1
247
1
387
1
445
1
385
1
82
1
65
1
13
1
169
1
491
1
148
1
76
1
567
1
242
1
349
1
227
1
234
1
257
1
329
1
390
2
475
1
240
1
1320
1
24
1
669
1
21
1
58
1
47
1
46
1
64
1
259
1
437
1
46
1
643
1
246
1
153
1
258
1
230
1
138
1
271
1
77
1
103
1
227
1
58
1
433
1
63
1
279
1
31
1
159
1
184
2
382
1
80
1
252
1
64
1
421
1
707
1
183
1
891
1
533
1
250
1
180
1
258
1
160
1
107
1
100
1
568
1
139
1
31
1
12
1
737
1
47
1
352
1
65
1
299
1
447
1
361
1
54
1
14
1
20
1
520
1
299
1
137
1
1550
1
24
1
810
1
728
1
81
1
244
1
296
1
20
1
139
1
994
3
62
1
102
1
92
1
385
1
239
1
93
2
474
1
216
1
479
1
20
1
48
1
169
1
719
1
32
1
591
1
205
1
671
1
83
1
78
1
234
1
448
1
910
1
10
1
14
2
75
1
66
1
912
1
93
1
326
1
274
1
115
1
534
1
10
1
339
1
238
1
10
1
277
1
115
2
382
1
160
1
522
1
329
1
81
1
705
1
171
1
157
1
409
1
81
1
35
1
44
1
55
1
362
1
206
1
33
1
1
1
135
1
249
1
66
1
239
1
253
1
252
2
405
1
70
1
1216
1
94
2
239
1
135
1
338
1
2
1
224
1
92
1
775
1
122
1
12
3
631
1
81
1
229
1
487
1
103
1
695
1
115
1
70
1
65
1
67
1
105
1
167
1
317
1
308
1
91
1
65
1
496
1
729
1
236
1
65
1
434
1
684
1
125
1
217
1
263
1
221
1
113
1
3
1
691
1
115
1
148
1
66
1
185
1
73
1
298
1
264
1
336
1
299
1
14
1
482
1
392
1
658
1
58
1
93
1
251
1
1215
1
71
1
785
1
24
1
735
1
161
1
647
1
228
1
185
1
478
1
65
1
56
1
36
1
888
1
166
1
297
1
33
1
1
1
478
1
328
1
35
1
352
1
408
1
309
1
77
1
434
1
465
1
331
1
36
1
102
1
338
1
399
1
13
1
612
1
262
1
577
1
166
1
702
1
344
1
75
1
181
1
719
1
875
1
406
1
80
1
574
1
11
1
127
1
556
1
183
1
35
1
21
1
1092
1
886
1
1108
1
239
1
509
1
38
1
627
1
235
1
127
1
12
1
614
1
276
2
167
2
489
2
632
1
80
1
399
1
180
1
243
1
66
1
45
1
294
1
92
1
375
1
45
1
1091
1
527
1
1260
1
15
1
309
2
392
1
15
1
443
1
104
3
152
1
14
1
488
1
228
1
257
1
240
1
219
1
579
1
254
1
483
1
83
1
67
1
79
1
247
1
1177
1
367
1
255
1
239
1
297
1
168
1
12
1
469
1
79
1
262
1
547
1
588
1
557
1
197
1
195
1
1
1
574
1
26
1
42
1
822
1
576
1
116
1
263
1
78
1
247
1
11
1
333
2
293
1
15
1
495
1
73
1
314
1
156
1
26
1
719
2
716
1
535
1
10
1
11
1
225
1
584
1
44
1
559
1
57
1
239
1
153
1
413
1
474
1
218
1
20
1
914
1
1
1
214
1
236
1
424
1
2
1
498
1
306
1
413
1
691
1
24
1
640
1
773
1
115
2
1175
1
79
2
350
1
91
1
287
1
78
1
263
1
532
1
12
1
1
1
170
1
439
1
445
1
548
1
444
1
309
1
67
1
66
1
273
1
91
1
306
1
2308
1
107
1
80
1
1329
1
266
1
24
1
429
1
379
1
2
1
153
1
275
1
376
1
740
1
135
1
673
1
1
1
316
1
91
1
626
1
182
1
543
1
78
1
193
3
268
2
105
1
80
2
65
1
103
2
436
1
122
1
78
1
609
1
175
1
10
1
353
2
469
2
246
1
547
1
1620
1
753
1
68
1
808
1
515
1
212
1
889
1
156
1
185
2
85
1
355
1
10
1
261
1
812
1
809
1
476
1
239
1
1394
1
1047
1
1070
1
84
1
290
1
84
1
169
1
85
1
392
1
52
1
23
1
82
2
166
1
560
1
79
1
75
1
1380
1
68
1
2507
1
744
1
82
1
257
1
85
1
93
1
288
1
246
1
3
1
558
1
80
1
167
1
559
1
2
1
77
1
635
1
1156
1
1285
1
13
1
877
1
167
1
173
1
1077
1
1256
2
638
1
626
1
90
1
1073
1
534
1
991
1
569
1
328
1
95
1
549
1
254
1
549
1
169
1
485
1
158
1
976
1
477
1
332
1
807
1
493
1
65
1
1623
1
250
1
557
1
692
1
197
1
164
1
812
1
1620
1
1299
1
809
1
1046
1
444
1
536
1
471
1
153
1
94
1
561
1
152
1
809
1
1394
1
1
1
313
1
5
1
725
2
523
1
21
1
104
1
53
1
103
1
3
1
1073
1
277
1
23
1
945
1
193
1
91
1
91
1
271
1
33
1
229
1
348
1
224
1
874
1
754
1
228
1
349
1
204
1
605
1
193
1
105
1
418
1
1116
1
599
1
185
1
356
1
344
1
141
1
796
1
1056
1
256
1
306
1
503
1
91
1
171
1
181
1
90
1
90
1
1458
1
797
1
273
2
178
2
90
2
112
1
822
1
35
1
632
1
812
2
195
1
340
1
91
1
457
1
352
1
1094
1
33
1
34
1
36
1
53
1
90
1
739
1
888
1
91
2
721
2
574
2
35
1
180
1
180
1
901
1
2
2
442
1
272
1
376
1
890
1
91
1
1070
1
392
1
333
1
1531
2
75
1
900
1
94
1
179
1
130
1
6
1
796
1
11
1
1
1
808
1
1
1
55
1
752
1
1
1
1592
1
148
1
285
1
385
1
678
1
373
1
262
1
984
1
906
1
446
1
408
2
784
1
25
1
67
1
327
1
548
1
14
1
245
1
93
1
465
1
172
1
360
1
116
1
242
1
342
1
461
1
2
1
260
1
89
1
219
1
409
1
175
1
1439
1
413
1
67
1
160
1
731
1
76
1
649
1
422
1
465
1
1
1
646
1
1
1
242
1
252
1
314
1
314
1
96
1
637
1
346
1
462
1
650
1
329
1
409
1
148
3
644
1
12
1
67
1
80
1
809
1
65
1
275
2
465
1
1
1
170
1
268
1
207
1
237
1
91
1
166
1
299
1
14
1
314
1
96
1
808
1
175
2
301
1
806
1
83
1
659
1
65
1
56
1
685
1
123
1
685
1
488
1
1
2
452
1
15
1
438
1
343
1
10
1
12
2
167
1
1
1
75
1
389
1
148
1
24
1
76
1
353
1
284
1
11
1
56
1
22
1
2
1
426
2
719
1
1106
1
25
2
52
1
754
1
796
1
12
1
146
1
340
1
3
1
312
1
76
1
347
1
627
1
978
1
180
1
239
1
129
1
352
1
292
1
26
1
7
1
132
1
669
1
54
1
238
1
15
1
164
1
474
1
63
1
613
1
36
1
821
1
56
1
11
1
91
1
441
1
465
1
155
1
1119
1
24
1
565
1
218
1
25
1
7
1
130
4
259
1
371
1
347
1
163
1
343
1
46
1
763
1
115
1
668
1
23
2
285
1
271
1
90
1
290
1
337
1
90
1
220
1
582
1
241
1
139
1
798
1
691
2
130
2
168
1
454
1
54
1
810
1
24
1
21
1
509
1
384
1
76
1
648
1
147
1
590
1
1206
1
269
1
140
1
961
1
263
1
180
1
283
1
82
2
1475
1
12
1
1096
1
1173
1
220
1
55
1
534
1
133
1
2
1
242
1
331
1
89
1
137
1
812
1
13
1
137
1
261
1
178
1
1
1
91
1
199
1
75
1
2
1
808
3
423
1
1271
1
258
1
403
1
224
1
364
2
146
1
387
1
181
1
468
1
3
1
633
1
249
1
500
1
58
1
5
1
605
1
1
1
139
1
810
1
136
1
1686
1
453
3
172
1
287
1
532
1
762
1
242
2
883
1
1311
2
137
1
170
1
499
1
296
1
516
1
658
1
219
1
807
1
1782
1
979
1
88
1
883
1
555
1
473
1
149
1
90
1
92
2
500
1
308
2
570
1
236
1
487
1
580
1
1165
1
1186
1
89
1
90
1
127
1
408
1
165
1
358
1
270
1
378
1
925
1
739
1
796
1
12
1
55
1
11
1
499
1
3
1
237
1
230
1
1364
1
514
1
374
1
79
1
260
1
167
1
235
1
670
1
181
1
846
1
739
1
305
1
489
1
161
1
80
1
76
1
558
1
92
1
418
1
225
1
7
1
571
1
113
1
125
1
82
1
216
1
115
2
432
1
113
1
1
1
245
1
549
1
1162
1
180
1
219
1
136
1
183
1
362
1
124
1
230
1
443
1
61
1
73
2
735
1
776
1
25
1
886
1
216
1
509
1
870
1
16
1
492
1
629
1
12
1
270
1
156
1
874
1
304
1
441
1
27
1
35
1
692
1
114
1
125
1
567
1
846
1
149
1
886
1
167
1
492
1
407
1
338
1
7
1
41
1
331
1
375
1
113
1
798
1
686
1
622
1
207
1
344
1
347
1
456
1
282
1
185
1
847
1
14
1
1
1
212
1
655
1
46
1
361
1
89
1
89
1
166
1
53
2
810
1
227
1
568
1
149
1
567
1
20
1
82
1
46
1
821
1
338
1
404
1
41
1
179
1
113
1
269
1
280
1
662
1
63
1
162
1
1
2
597
1
104
1
541
1
160
1
197
1
90
1
182
1
90
1
523
1
521
1
16
1
54
1
705
1
103
1
71
1
644
1
415
1
407
1
71
1
142
1
168
1
426
1
7
1
2822
1
414
1
13
1
742
1
67
1
56
1
705
1
46
1
56
1
70
1
157
1
93
1
793
1
420
1
47
1
453
1
377
1
1563
1
1593
1
10
1
11
1
1032
1
63
1
106
1
416
1
35
1
33
1
69
1
80
1
728
1
716
1
92
1
324
1
24
1
307
1
2
1
67
2
1856
1
184
1
87
1
75
1
14
1
124
1
23
1
1
1
807
1
139
1
2
1
249
1
253
1
232
1
320
1
638
1
659
1
136
1
808
1
258
1
24
1
296
1
165
1
169
1
554
1
2
1
325
1
415
1
873
1
81
1
2
1
669
2
21
1
20
1
172
1
615
1
193
1
809
1
535
1
273
1
785
1
203
1
65
1
550
1
548
1
112
1
2
1
79
3
691
1
116
2
804
1
79
1
247
1
640
1
500
1
84
1
302
1
12
1
1207
1
24
1
22
1
779
1
570
1
89
1
230
1
75
1
1056
1
486
1
814
1
395
1
553
1
153
1
516
1
397
1
91
1
283
1
843
1
59
1
251
1
401
1
337
1
481
1
7
1
21
1
126
1
312
1
425
1
113
1
204
1
271
1
242
1
699
1
560
1
11
1
226
1
583
1
205
1
113
1
60
1
877
1
182
1
91
1
384
1
333
1
570
1
153
1
508
1
49
1
22
1
57
1
1254
2
87
1
276
1
79
1
673
1
214
1
360
1
372
1
624
1
443
1
811
1
444
1
829
1
13
1
77
1
653
1
31
1
473
1
89
1
153
1
65
1
126
1
102
1
272
2
87
1
994
1
250
1
651
1
326
1
400
1
228
1
283
1
89
1
164
1
466
1
180
1
523
1
441
1
95
1
89
1
34
1
155
1
101
1
89
1
89
1
86
1
829
1
47
1
869
1
816
1
216
1
477
1
116
1
383
1
351
1
130
1
67
1
12
1
168
1
90
1
886
1
1131
1
1
1
145
1
13
1
53
1
10
1
269
1
311
1
2
1
1686
1
79
1
168
1
1278
1
172
1
246
1
102
1
89
1
230
1
399
1
90
1
89
1
228
1
126
1
78
1
510
1
164
1
314
1
14
1
325
1
233
1
52
1
10
1
101
1
617
1
283
1
64
1
24
1
89
1
84
1
40
1
25
1
55
1
696
1
1650
1
10
1
11
1
128
1
249
1
77
1
426
1
292
1
431
1
220
1
169
1
91
1
444
1
181
1
511
1
104
1
32
1
93
1
52
1
10
1
101
1
387
1
21
1
3
1
102
1
539
1
109
1
57
1
65
1
35
1
551
1
162
1
1
1
374
1
432
1
62
1
954
1
78
1
168
1
105
1
262
1
55
2
397
1
397
1
36
1
46
2
327
1
717
1
91
1
386
1
751
1
580
1
89
1
140
1
564
1
313
1
238
1
705
1
452
1
1348
1
91
1
705
1
432
1
25
1
20
1
752
1
3
1
237
1
1068
1
90
1
215
1
12
1
194
1
569
1
47
1
67
1
123
1
113
1
695
1
114
1
349
2
204
1
10
1
244
1
647
2
161
1
622
1
10
1
174
1
75
1
376
1
601
1
410
1
159
1
526
1
111
1
11
1
215
1
923
1
616
1
11
1
258
1
267
1
877
1
44
1
13
1
735
1
37
1
36
1
652
1
60
1
33
1
128
1
168
1
90
1
76
1
267
1
374
1
91
1
416
1
307
1
12
1
560
1
158
1
324
1
539
1
459
1
205
1
76
1
182
1
180
1
287
1
326
1
483
1
2129
1
163
1
451
1
13
1
405
1
821
1
138
1
78
1
13
1
154
1
101
1
319
1
2
1
137
1
349
1
89
1
228
1
3
1
56
1
45
1
21
1
15
1
347
1
89
1
194
1
20
1
27
1
44
1
55
1
1388
1
91
1
48
1
10
1
91
1
680
1
195
1
373
1
288
1
56
1
465
1
112
1
829
1
70
1
69
1
349
1
528
1
89
1
89
1
89
1
89
1
23
1
89
1
229
1
1
1
399
1
89
1
284
1
35
1
57
1
159
1
1376
1
832
1
116
1
1159
1
13
1
317
1
1
2
237
1
92
1
351
1
122
1
3
1
112
1
589
1
30
1
76
1
21
1
31
1
327
1
23
1
65
1
89
1
314
1
341
2
177
1
288
1
159
1
649
1
162
1
492
1
81
1
1496
1
52
1
141
1
808
1
171
1
433
1
50
1
108
1
190
1
594
1
23
1
45
3
77
1
413
1
315
1
249
1
383
1
80
1
93
1
1
2
631
1
912
1
139
1
556
1
347
1
62
1
102
1
468
1
94
1
337
1
1153
1
45
2
245
1
516
1
125
1
348
1
89
1
146
1
70
1
71
1
251
1
559
2
793
1
763
1
1
1
11
1
206
1
522
1
192
1
93
1
166
1
562
1
338
1
91
1
203
1
418
1
89
1
101
1
154
1
139
1
515
1
207
1
69
1
92
1
259
1
375
1
92
1
1
1
249
1
165
1
89
1
305
1
63
1
1528
1
680
1
69
1
502
1
90
1
253
1
541
1
313
1
324
1
486
1
75
1
55
1
112
1
156
1
321
1
83
1
43
1
294
1
90
1
380
1
77
1
727
1
1048
1
180
1
319
1
69
1
68
1
14
2
668
1
138
1
715
1
159
1
514
2
67
2
78
1
414
1
101
1
86
1
30
1
21
1
69
1
81
3
222
1
269
1
189
1
41
1
58
1
25
1
143
1
593
1
72
1
738
1
146
1
615
1
783
1
559
1
91
1
183
1
430
1
435
1
113
1
272
1
92
1
487
1
79
1
156
1
12
1
406
1
3
1
68
1
2
1
876
1
134
1
536
1
125
1
94
1
552
1
35
1
59
2
65
1
337
1
330
1
13
1
128
1
245
1
180
1
384
1
425
1
300
1
510
1
1129
3
64
1
93
1
154
1
105
1
443
1
11
1
157
1
258
1
312
1
305
1
442
1
3
1
57
1
237
1
573
2
746
1
94
1
35
1
563
1
115
1
754
1
91
1
327
1
506
1
122
1
589
1
420
1
104
1
457
1
156
1
478
1
32
2
219
1
650
1
303
1
507
1
211
1
23
1
182
1
90
1
236
1
2
1
59
1
67
1
171
1
638
1
154
1
270
1
252
1
60
1
149
1
346
1
436
1
498
1
117
1
498
1
90
1
214
1
71
1
81
1
592
1
947
1
415
1
330
1
47
1
250
1
181
1
89
1
226
1
14
1
59
1
239
1
431
1
30
1
1231
1
296
1
112
1
233
1
658
1
79
1
350
1
273
1
355
1
474
1
150
1
93
1
512
1
62
1
309
1
156
1
23
1
318
1
106
1
100
1
102
1
181
1
89
1
123
1
115
2
23
1
103
1
684
1
679
1
49
1
205
1
65
1
180
1
562
1
523
1
50
1
246
1
257
1
90
1
172
1
610
1
1059
1
18
1
51
1
1223
1
90
1
1138
1
46
1
12
1
44
1
23
1
554
1
20
1
104
1
3
1
729
1
192
1
739
1
443
1
343
1
180
1
12
1
65
1
191
1
287
1
728
1
114
1
104
1
100
1
1552
1
682
2
681
1
150
1
21
1
766
1
124
1
66
1
12
1
507
1
310
1
572
2
42
1
180
1
558
1
588
1
359
1
32
1
67
1
912
1
476
1
335
2
566
1
684
1
53
1
12
1
114
1
718
1
533
1
158
1
786
1
21
1
298
1
527
1
259
1
37
1
482
1
10
1
69
1
824
1
54
1
419
1
402
1
34
1
204
1
405
1
69
1
96
1
144
1
349
1
969
1
208
1
11
1
525
1
66
2
112
1
465
1
284
1
1049
1
649
1
137
1
295
1
387
2
332
1
1122
1
166
1
31
1
842
1
79
1
979
1
182
1
263
1
292
1
90
1
181
1
1
1
241
1
41
1
172
1
797
1
78
1
67
1
112
1
367
1
35
2
145
1
259
1
265
1
51
1
10
1
222
1
76
1
786
1
560
1
158
1
10
1
615
1
103
1
453
1
156
1
38
1
523
1
92
1
303
1
171
1
169
1
90
1
388
1
81
1
249
1
423
1
439
1
10
1
278
1
111
1
171
1
168
1
563
1
78
1
143
1
23
1
182
2
235
1
286
1
106
1
393
1
22
1
116
1
67
1
116
1
432
1
135
1
406
1
390
1
81
1
234
1
842
1
90
1
322
1
383
1
13
1
480
2
65
1
416
1
251
1
117
1
102
1
649
1
161
1
154
1
328
1
495
1
535
1
183
1
464
1
173
1
575
1
985
1
417
1
214
1
104
2
307
1
77
1
388
1
80
1
79
1
823
1
324
1
78
1
323
1
83
1
311
1
23
1
296
1
423
1
92
1
421
1
205
1
545
1
697
1
147
1
783
1
68
1
115
1
244
1
89
1
13
1
216
1
127
1
10
1
273
1
293
1
173
1
251
1
464
1
92
1
406
1
11
1
707
1
368
1
192
1
157
1
103
1
91
1
90
1
171
1
123
1
35
1
112
1
348
1
240
1
84
1
32
1
578
1
80
1
43
1
71
1
305
1
286
1
135
1
135
1
11
1
441
1
93
1
40
1
82
1
503
1
191
1
112
1
152
1
170
1
243
1
254
1
57
1
685
1
543
1
329
1
390
1
91
1
90
1
142
1
188
1
204
1
444
1
879
1
864
1
674
1
30
1
36
1
66
1
236
1
195
1
629
1
62
1
339
1
59
1
80
1
647
1
117
1
712
1
278
1
671
1
47
1
100
1
360
1
324
1
672
1
170
1
1012
1
425
1
30
1
103
1
315
1
25
1
396
1
152
1
1236
1
241
2
33
1
186
1
1281
1
59
1
90
1
845
2
228
1
74
1
432
1
286
1
180
1
650
1
90
1
365
1
103
1
79
1
658
1
1
1
149
1
133
1
269
1
199
1
207
1
75
1
259
1
515
1
34
1
259
1
214
1
671
1
137
1
869
1
112
1
13
1
304
1
328
1
10
1
69
1
69
1
23
1
56
1
79
1
94
1
164
1
308
1
798
1
445
1
396
1
285
1
10
1
1475
1
76
1
475
1
254
2
78
1
1
2
471
1
241
1
79
1
602
1
70
2
22
1
680
1
104
1
683
1
121
1
138
1
21
1
11
1
79
1
812
1
221
1
321
1
345
1
382
1
161
1
729
1
12
1
704
1
253
1
144
1
25
1
165
1
252
1
765
1
346
1
402
1
105
1
92
1
467
1
487
1
636
1
148
1
90
1
14
1
153
1
15
1
292
1
229
1
180
1
574
1
79
1
77
1
167
1
389
1
12
1
67
1
157
1
15
1
165
1
403
1
42
1
272
1
643
1
141
1
745
1
256
1
357
1
771
1
12
1
239
1
167
1
537
1
90
1
258
1
448
1
194
1
478
1
82
1
391
1
10
1
11
1
299
1
80
1
685
1
439
1
25
1
263
1
30
1
175
1
249
1
613
1
1308
1
49
1
51
1
10
1
323
1
166
1
307
1
10
1
309
1
182
1
388
1
67
1
13
1
53
1
24
1
169
1
795
1
420
1
479
1
66
1
159
1
91
1
152
1
430
1
309
1
318
1
304
1
20
1
28
1
63
1
196
1
78
1
511
1
81
1
243
1
507
1
68
1
891
1
338
1
75
1
15
1
111
1
346
1
168
1
395
1
399
1
420
1
314
1
242
1
289
1
533
1
297
1
148
1
14
1
232
1
482
1
56
1
10
1
78
1
281
1
927
1
170
1
21
1
809
1
13
1
404
1
13
1
253
1
30
1
48
1
42
1
342
1
423
1
294
1
514
1
123
1
416
1
198
1
124
1
45
1
10
1
338
1
78
1
209
1
90
1
184
1
646
1
126
1
89
1
23
1
580
1
635
1
580
1
102
1
720
1
253
1
66
2
54
1
14
1
808
1
483
1
240
1
27
1
450
1
358
1
123
1
248
1
408
1
232
1
495
1
129
1
148
1
623
1
47
1
10
1
1150
1
387
1
255
1
166
1
284
1
59
1
30
1
435
1
63
1
342
1
73
1
237
1
443
1
41
1
27
1
360
1
168
1
1061
1
27
1
373
1
605
1
35
3
333
1
251
1
300
1
740
1
155
1
480
1
1576
1
349
1
662
1
1162
1
513
1
113
1
435
1
53
1
46
1
103
1
588
1
196
1
1459
1
101
1
94
1
873
1
67
1
179
1
251
1
11
1
310
1
405
1
69
1
298
1
580
1
228
1
297
1
142
1
48
1
90
1
239
1
580
1
161
1
717
1
93
3
839
1
159
1
474
1
47
1
32
1
160
1
170
1
75
1
187
1
100
1
261
1
13
1
432
1
30
1
104
1
959
1
78
1
155
1
731
1
457
1
182
1
337
1
267
1
127
1
154
1
386
1
80
1
91
1
252
3
256
2
1
1
232
1
332
1
810
1
465
1
149
1
115
1
79
1
432
1
111
1
24
1
134
1
497
1
974
1
242
1
167
3
325
1
36
1
90
1
91
1
169
1
326
1
28
1
137
1
67
1
80
1
75
1
811
1
454
1
30
1
778
1
51
1
48
1
114
1
66
1
12
1
341
1
171
1
180
1
10
1
184
1
392
1
39
1
137
1
111
1
683
1
81
1
79
1
155
1
317
1
102
1
847
1
90
1
11
1
555
1
80
1
32
1
71
1
304
1
421
1
286
1
191
1
227
1
194
1
45
1
34
1
729
1
44
1
36
1
417
1
173
1
136
1
316
1
167
1
187
1
204
1
44
1
281
1
277
1
123
1
498
1
136
1
49
1
159
1
205
1
244
1
550
1
183
1
548
1
169
1
64
1
482
1
67
1
26
1
51
1
854
1
572
1
497
1
378
1
248
1
92
1
262
1
362
1
733
1
730
1
1135
1
275
1
41
1
151
1
555
1
197
1
191
1
23
1
416
1
491
1
180
1
229
1
105
1
44
1
78
1
351
1
795
1
187
1
123
1
147
1
744
1
633
1
106
1
69
1
632
1
105
1
488
1
236
1
16
1
111
1
91
1
496
1
38
1
123
1
487
1
187
1
214
1
534
1
90
1
33
1
566
1
13
1
536
1
570
1
892
1
53
1
102
1
557
1
25
1
69
1
713
1
833
1
809
1
283
1
340
1
106
1
202
1
282
1
77
1
208
1
34
1
488
1
90
1
134
1
585
1
202
1
112
1
153
1
633
1
175
1
156
1
582
2
69
1
156
1
454
1
510
1
1140
1
27
1
282
1
66
1
766
1
154
1
298
1
35
1
806
1
400
1
155
1
251
1
467
1
389
1
105
1
156
1
455
1
126
2
67
2
392
1
23
1
391
3
417
1
193
1
90
1
33
1
295
1
339
1
80
1
69
1
217
1
10
1
458
1
293
1
92
1
490
1
957
1
78
1
169
1
385
1
399
1
25
1
142
1
496
2
142
1
101
1
414
1
66
1
225
1
583
1
2
1
222
1
196
1
387
2
212
1
629
1
656
1
1450
1
517
1
90
1
204
1
2
1
678
1
720
1
287
1
158
1
105
1
533
1
443
1
319
2
33
1
36
1
714
1
69
1
443
1
468
1
74
1
559
1
238
1
270
1
12
1
180
1
254
1
671
1
2
1
66
1
171
1
93
1
441
1
31
1
684
1
628
1
365
1
798
1
455
1
320
1
44
1
24
1
1041
1
914
2
381
1
813
1
2
1
239
1
439
1
115
1
10
1
411
1
642
1
565
1
58
1
184
1
522
1
272
1
1377
1
68
1
542
1
543
2
72
1
401
1
808
1
149
1
169
1
90
1
91
3
293
1
69
1
353
1
1196
1
161
1
659
1
411
1
535
1
104
1
260
1
372
1
260
1
94
1
379
1
244
1
547
1
266
2
163
1
95
1
84
1
93
1
124
1
415
1
382
1
15
1
943
1
1540
1
835
1
158
1
76
1
482
1
168
1
63
1
463
2
928
1
240
1
172
1
176
1
89
1
126
1
319
1
92
1
385
1
1141
1
627
1
1552
1
901
1
514
1
87
1
1095
1
257
1
312
1
407
1
386
1
1598
1
843
1
45
1
22
1
13
1
159
1
169
1
715
1
91
1
1075
1
188
1
10
1
175
1
439
1
127
1
237
1
172
1
86
1
537
1
569
1
16
1
1698
2
159
1
531
1
21
1
175
1
77
1
170
2
1882
1
375
1
73
1
734
1
165
1
356
1
455
1
808
1
626
1
182
1
1436
1
186
1
361
1
888
1
117
1
333
1
89
1
89
1
97
1
33
1
1
1
159
1
76
1
78
1
274
1
219
1
157
1
247
1
3
1
400
1
77
1
54
1
24
1
624
1
159
1
106
1
165
1
479
1
4
1
78
1
80
1
164
1
1624
1
475
1
705
1
24
1
54
1
555
1
90
1
108
1
5
1
242
1
437
1
187
1
14
1
76
1
350
1
311
1
5
1
64
1
610
1
122
1
13
1
477
1
180
1
266
1
195
1
463
1
422
1
480
1
81
1
170
1
348
1
196
1
171
1
168
1
374
1
24
1
54
1
21
1
355
1
383
1
69
1
734
1
78
1
76
1
169
1
90
1
180
1
89
1
125
1
4
1
70
1
744
1
2
1
57
1
83
1
169
1
165
1
473
1
77
1
92
1
638
1
644
1
82
1
81
1
716
1
171
1
77
1
272
1
272
1
349
1
405
1
5
1
948
1
90
1
183
1
399
1
6
1
63
1
77
4
168
1
497
1
57
1
4
1
79
1
642
1
139
1
26
1
426
1
226
1
310
1
90
1
457
1
22
1
81
1
429
1
172
1
206
1
900
1
61
1
501
1
73
1
606
1
131
1
66
1
80
1
170
1
562
1
78
2
667
1
57
1
600
1
148
1
2
1
141
1
427
1
91
1
145
1
2
1
139
1
655
1
11
1
2
1
1844
1
3
1
344
1
89
1
129
1
1
1
408
1
92
1
375
1
80
1
171
1
454
1
184
3
667
1
477
1
183
2
147
1
34
1
10
1
94
1
77
1
167
1
423
1
56
1
706
1
44
1
797
1
13
1
569
1
271
1
196
1
254
1
311
1
72
1
516
2
275
1
10
1
707
1
107
1
75
1
3
1
807
1
336
1
4
1
85
1
240
2
139
1
337
1
2
2
327
1
34
1
443
1
331
1
477
1
642
1
531
1
750
1
11
2
125
1
681
1
58
1
170
1
91
2
982
1
88
1
224
1
5
1
224
1
350
2
1015
1
516
1
373
1
787
1
33
1
13
1
66
1
78
1
524
1
100
1
547
1
341
1
282
1
271
1
115
1
149
1
638
1
521
1
901
1
1932
2
739
1
202
1
104
1
730
1
254
1
992
1
802
1
442
1
1083
1
626
1
493
1
704
1
171
1
171
1
488
1
13
1
1293
1
89
1
89
1
279
1
169
1
93
1
87
1
89
1
90
1
73
1
122
1
1060
1
812
1
170
1
87
1
194
1
340
1
586
1
409
1
372
1
752
1
13
1
122
1
25
2
63
1
15
1
541
1
101
1
611
1
122
1
509
1
300
1
12
1
64
1
805
1
58
1
530
1
137
1
26
1
12
1
749
1
47
1
817
1
118
1
645
1
44
1
290
1
1272
1
101
1
68
1
542
1
105
1
16
1
42
1
784
1
296
1
360
1
126
1
25
1
6
1
198
1
181
1
430
1
651
1
92
1
355
1
256
1
1071
3
289
1
166
1
317
1
60
1
10
1
252
1
76
1
476
1
622
1
122
1
328
1
719
3
1066
1
337
1
1
1
382
1
427
1
904
1
542
1
171
2
117
1
625
1
113
1
806
1
317
1
432
1
62
1
415
1
315
1
494
1
388
1
332
1
180
3
536
1
256
1
262
1
47
1
1038
1
180
1
1139
1
808
1
155
1
51
1
112
1
93
1
62
1
115
1
333
1
112
1
348
1
197
1
30
1
70
1
69
1
440
1
303
1
598
1
93
1
40
1
1124
1
443
1
62
1
118
1
11
1
171
1
507
1
59
1
227
1
522
1
791
1
687
3
276
1
247
1
269
1
150
1
1
1
126
1
445
1
84
1
213
1
1555
1
16
1
31
1
252
1
717
1
536
1
900
1
115
1
157
1
258
1
90
1
148
1
565
1
230
1
10
1
152
1
890
1
533
1
55
1
871
1
222
1
522
1
58
1
879
1
429
1
228
1
94
1
672
1
819
1
116
1
692
1
37
1
74
1
159
1
536
1
351
1
273
1
225
1
139
1
248
1
433
1
297
1
718
1
259
1
378
1
21
1
82
1
80
1
564
1
69
1
23
1
149
1
1364
1
10
1
5
1
78
1
76
1
505
1
109
1
43
2
70
1
415
1
320
1
69
1
46
1
372
1
182
1
253
1
286
1
522
1
809
1
34
1
512
1
101
1
56
1
102
1
21
1
92
1
77
1
1069
1
94
1
145
1
12
1
204
1
547
1
115
3
337
1
243
1
25
1
104
1
10
1
82
1
79
1
1
2
423
1
232
1
149
1
77
1
732
1
251
1
559
1
232
1
458
1
364
2
489
1
318
1
261
1
102
1
1422
1
896
1
243
1
70
1
82
1
656
1
114
1
687
1
875
1
706
1
41
1
3
1
58
1
747
1
37
1
24
1
520
1
142
1
61
1
24
1
58
1
325
1
389
1
33
2
217
1
91
1
391
1
25
1
321
1
332
1
159
1
65
1
77
1
81
1
52
1
10
1
372
1
449
1
167
1
388
1
16
1
7
1
215
1
527
1
30
1
92
1
81
1
437
1
135
1
571
1
335
1
57
1
603
1
840
1
114
1
296
1
270
1
156
1
28
1
122
1
158
1
504
1
69
1
5
2
69
2
518
1
143
1
563
1
89
1
233
1
56
1
810
1
81
1
154
1
408
1
164
1
748
1
3
1
124
1
274
1
89
1
628
1
165
1
259
1
120
1
688
1
377
1
398
1
96
1
32
1
293
1
245
1
167
1
8
1
67
1
230
1
165
1
89
1
255
1
863
1
71
1
236
1
515
1
139
1
594
1
60
1
14
1
44
1
11
1
81
1
440
1
226
1
755
1
260
1
515
1
155
1
1
1
144
1
371
1
137
1
14
1
194
1
373
1
241
1
374
1
1197
1
115
1
57
1
80
1
155
1
102
1
89
1
319
1
141
1
259
1
314
1
234
1
887
1
348
1
301
1
67
1
546
1
40
1
6
1
761
1
62
1
391
1
180
1
1
1
61
1
24
1
151
1
59
1
692
1
40
1
10
1
560
1
196
1
171
1
248
1
640
1
78
1
11
1
183
2
271
1
51
1
17
1
20
1
353
1
434
1
804
1
58
1
83
1
223
1
662
1
167
1
420
2
390
1
1
1
267
1
83
1
57
1
4
1
304
1
73
1
435
1
283
1
180
1
179
1
159
1
64
1
145
1
350
1
2
1
352
1
10
1
763
2
215
1
509
1
140
1
343
1
478
1
633
1
128
1
111
1
247
1
745
1
1
1
351
1
51
1
13
1
56
1
2
1
239
1
484
1
22
1
128
1
744
1
1614
1
752
1
141
1
65
1
66
1
195
1
625
1
742
1
64
1
168
1
320
1
423
1
354
1
124
1
34
1
750
1
599
1
175
1
752
1
420
1
105
2
809
1
73
1
239
1
93
1
23
1
649
1
535
1
703
1
202
1
630
1
386
1
22
1
813
1
64
1
2
1
238
1
76
1
180
1
77
1
118
1
250
1
106
1
976
1
342
1
299
1
167
1
304
1
10
1
11
1
81
1
68
1
161
1
168
1
478
1
497
1
244
1
6
1
67
1
433
2
535
1
66
1
499
1
219
1
192
1
419
1
48
1
83
1
413
1
25
2
223
1
480
1
357
1
34
3
65
1
168
1
560
1
417
1
258
1
121
1
261
1
559
1
12
1
133
1
605
1
4
1
229
1
274
1
221
1
85
1
55
1
11
1
147
1
78
1
78
1
112
1
900
1
239
1
106
1
285
2
88
1
88
1
237
1
118
1
93
1
512
1
84
2
25
1
23
1
1
1
65
1
168
1
406
1
81
1
33
2
1634
1
775
1
63
1
95
1
257
1
91
1
376
1
34
1
179
1
202
1
89
1
370
1
259
1
179
1
206
1
20
1
479
1
342
1
52
1
159
1
542
1
30
1
23
1
286
1
396
1
126
1
48
1
797
1
11
1
68
1
246
1
641
1
362
1
122
1
101
1
82
1
34
1
306
1
395
1
1
1
577
1
289
1
159
1
360
1
232
1
384
1
89
1
15
1
73
1
305
1
159
1
481
1
60
1
341
1
386
1
123
1
777
1
820
1
1048
1
104
1
453
1
20
1
387
1
400
1
841
1
64
1
503
1
137
1
164
1
2
1
64
1
566
1
849
1
809
1
74
1
389
1
76
1
197
1
69
1
1114
1
54
1
100
1
415
1
54
1
91
1
545
1
265
2
552
1
30
1
76
1
6
1
61
1
632
1
115
1
58
1
2
1
158
1
589
1
57
1
666
1
38
1
43
1
47
1
11
1
614
1
30
1
140
1
185
1
646
1
68
1
669
1
57
1
428
1
289
1
31
1
2
1
877
1
3
1
77
1
259
1
89
1
380
1
810
1
157
1
505
1
893
1
1
1
566
1
195
1
186
1
655
1
742
1
308
1
334
1
166
1
948
1
339
2
89
1
233
1
144
1
740
1
226
1
257
1
89
1
926
1
345
1
64
1
11
1
90
1
90
1
90
1
145
1
220
1
92
1
259
1
91
1
309
1
657
1
56
1
252
1
53
1
100
1
179
1
382
1
415
1
23
1
207
1
81
1
2
1
339
2
397
1
149
2
542
1
602
1
77
1
188
1
207
1
632
1
253
1
524
1
41
1
24
1
12
1
125
1
156
1
182
1
401
1
644
1
151
1
415
1
89
1
163
1
184
1
623
1
143
1
75
1
261
1
343
1
100
1
26
1
154
1
92
1
75
1
297
1
116
1
563
1
393
1
429
1
2
1
224
1
151
1
339
1
204
1
90
1
36
1
32
1
693
1
151
1
134
1
841
1
350
1
215
1
288
1
125
1
444
1
33
2
113
1
33
1
464
1
128
1
124
1
260
1
446
1
365
1
180
1
202
1
165
1
154
1
585
1
713
1
32
1
106
1
11
1
66
1
538
1
41
1
43
1
94
1
786
1
77
2
246
1
180
1
265
1
35
1
54
1
273
1
143
1
449
1
202
1
617
1
1004
1
179
1
225
1
10
1
62
1
70
1
810
1
244
1
306
1
39
1
146
1
56
1
66
1
360
1
117
1
206
1
33
1
36
1
746
2
159
1
155
1
398
1
516
1
536
1
167
1
480
1
419
1
89
1
300
1
239
1
90
1
479
1
484
1
240
1
21
1
49
1
316
1
349
1
200
1
78
1
478
1
59
1
62
1
10
1
142
1
156
1
270
1
215
1
128
1
854
1
235
1
25
1
312
1
96
1
193
1
24
1
233
1
89
1
267
1
385
1
179
1
227
1
10
1
49
1
12
1
1
1
42
1
374
1
75
1
147
1
165
1
69
1
739
1
149
1
659
1
726
1
10
1
71
1
136
1
604
1
191
1
214
1
435
1
32
1
82
2
322
1
344
1
61
1
159
1
231
1
356
1
58
1
751
1
44
1
344
1
73
1
14
1
74
1
1193
1
809
1
79
1
576
1
10
1
37
1
10
1
92
1
79
1
504
1
70
1
13
1
148
1
514
1
146
1
67
1
1
2
249
1
242
1
246
1
1626
2
299
1
75
1
432
1
2
1
58
2
702
1
253
1
495
1
662
1
196
1
600
1
208
1
114
3
735
2
137
1
91
1
257
1
89
1
197
1
1152
1
90
1
179
1
145
1
199
1
10
1
183
1
2258
1
646
1
242
1
349
1
216
1
10
1
164
1
166
1
90
1
536
1
259
1
66
1
1169
1
20
1
272
1
181
1
321
1
11
1
809
1
123
1
706
1
182
1
589
1
12
1
45
1
11
1
614
1
194
1
732
1
64
1
94
1
166
1
90
1
180
1
134
1
75
1
236
1
615
1
101
1
94
1
575
1
492
1
74
1
14
1
1107
2
240
1
255
1
158
1
891
1
13
1
465
1
643
1
649
1
851
1
479
1
127
1
237
1
484
1
10
1
187
1
294
1
92
1
73
1
311
2
34
1
621
1
154
1
682
1
272
1
78
1
397
1
113
1
69
1
306
1
11
1
181
1
252
1
557
1
294
1
101
1
12
1
1
1
77
1
123
1
389
1
50
1
86
1
65
1
125
1
190
1
114
1
112
1
19
1
91
1
154
1
66
1
13
1
42
1
126
1
165
1
277
1
182
1
93
1
1066
1
1109
1
45
1
195
1
873
1
410
1
59
1
10
1
22
1
69
1
428
1
329
1
2
1
794
1
1117
1
419
1
288
1
37
1
74
1
563
1
592
1
100
1
45
1
318
1
75
1
14
1
89
1
310
1
135
1
92
1
392
1
113
1
73
1
44
1
78
1
12
1
626
1
21
1
23
1
661
1
71
1
59
1
171
1
259
1
1055
1
529
1
279
1
132
1
11
1
664
1
145
1
23
1
32
1
169
1
180
1
335
1
20
1
32
1
12
1
408
1
630
1
484
1
219
1
558
1
125
1
486
1
573
1
613
1
777
1
306
1
478
1
113
1
89
1
10
1
78
1
449
1
67
1
54
1
94
1
345
1
165
1
147
1
808
1
229
1
463
1
1141
1
386
1
9
1
111
1
14
1
67
1
24
1
31
1
349
1
298
1
38
1
66
2
111
1
111
1
102
1
180
1
233
1
41
1
227
1
127
1
411
1
214
1
167
1
66
1
550
1
282
1
89
1
165
1
61
1
403
1
89
1
253
1
146
1
33
1
22
1
172
1
506
1
48
1
407
1
101
1
527
1
1342
1
1
1
273
1
100
1
114
1
321
1
215
1
92
1
52
1
587
1
591
1
61
1
401
1
812
1
89
1
88
1
204
1
105
1
866
1
428
1
967
1
70
1
27
1
20
1
158
1
32
1
547
1
853
1
206
1
105
1
141
1
239
1
119
1
41
1
767
1
41
1
767
1
387
1
73
1
341
1
5
1
67
1
227
1
614
1
10
1
25
1
725
1
11
1
57
1
12
1
66
1
592
2
32
1
68
1
43
1
157
1
192
1
312
1
316
1
181
1
182
1
341
1
180
1
156
1
264
1
478
1
329
1
3
1
805
1
299
1
93
1
716
1
444
1
30
1
38
1
65
1
215
1
888
1
502
1
79
1
78
1
580
1
1
1
811
1
101
1
44
1
810
3
551
1
20
1
95
1
219
1
623
1
355
1
453
1
844
1
70
1
602
1
69
1
295
1
353
1
293
1
350
1
594
1
179
1
112
1
14
1
151
1
66
1
65
1
126
1
126
1
716
1
525
1
64
2
141
1
154
1
182
1
315
1
107
1
44
1
1
1
79
2
167
1
363
1
195
1
1
1
155
1
510
1
716
1
651
1
343
1
225
1
135
1
258
1
173
1
58
1
22
1
56
1
23
1
33
1
304
1
174
1
69
1
133
1
250
1
91
1
221
1
91
1
141
1
264
1
74
1
317
1
140
1
11
1
605
1
40
1
595
1
203
1
20
1
10
1
60
1
82
1
156
1
92
1
74
1
390
1
80
1
586
1
18
1
134
1
498
1
185
1
60
1
81
1
319
1
346
1
60
1
246
1
623
1
525
1
307
1
320
1
165
1
357
1
195
1
52
1
514
1
136
1
507
1
279
1
205
1
547
1
1148
1
327
1
174
1
79
1
170
1
383
1
580
1
629
1
157
1
346
1
383
1
655
1
544
1
159
1
157
1
539
1
127
1
258
1
74
1
257
1
100
1
35
1
623
1
185
1
313
1
421
1
344
1
321
1
50
1
105
1
225
1
258
1
278
1
350
1
458
1
79
1
101
1
326
1
240
1
336
1
164
1
236
1
152
1
81
1
66
1
157
1
514
1
70
1
54
1
26
1
166
1
90
1
333
1
77
1
651
1
283
1
92
1
255
1
126
1
90
1
912
1
81
1
325
1
237
1
19
1
306
1
482
1
1382
1
266
1
249
1
89
1
10
1
78
1
203
1
175
1
260
1
26
1
166
1
90
1
89
1
243
1
294
1
650
1
523
1
723
1
217
1
10
1
388
1
192
1
538
1
181
1
213
1
1053
1
45
1
89
1
269
1
359
1
124
1
348
1
380
1
81
1
167
1
90
1
89
1
366
1
587
1
119
1
55
1
218
1
464
1
44
3
134
1
338
1
11
1
319
1
71
1
725
1
197
1
89
1
306
1
297
1
294
1
202
1
176
1
159
1
31
1
1490
1
37
1
184
1
168
1
92
1
88
1
320
1
56
1
81
1
522
1
30
1
38
1
76
1
463
1
240
1
10
1
83
1
80
1
233
1
495
1
158
1
64
1
437
1
40
1
105
2
212
1
114
1
293
1
112
1
37
1
33
1
240
1
233
1
240
1
118
1
659
1
273
1
810
1
169
1
364
1
275
1
670
1
1769
1
42
1
21
1
283
1
413
1
307
1
389
1
1603
1
37
1
1012
1
498
1
81
1
69
1
80
1
625
1
911
1
184
1
411
1
212
1
92
1
133
1
444
1
285
1
191
1
388
1
127
1
124
1
615
1
101
1
1356
1
42
1
117
1
750
1
138
1
10
1
184
1
302
1
183
1
69
1
685
1
61
1
332
1
888
1
77
1
146
1
185
1
69
1
422
1
222
1
166
1
42
1
259
1
1236
1
213
1
14
1
75
1
436
1
349
1
23
1
167
1
147
1
175
1
149
1
64
1
500
1
245
1
2202
1
94
1
398
1
90
1
296
1
424
1
771
1
423
1
645
1
177
1
621
1
325
1
169
1
303
1
231
1
627
1
142
1
254
1
154
1
336
1
76
1
135
1
350
1
216
1
175
1
158
1
545
1
148
1
338
1
495
1
170
1
1922
1
39
1
204
1
80
1
168
1
445
1
43
1
46
1
829
1
68
1
33
1
78
1
696
1
660
1
148
1
360
1
12
1
244
1
134
1
340
1
91
1
377
1
157
1
652
1
158
1
474
1
162
1
248
1
316
1
586
1
794
1
399
1
10
1
11
1
81
1
78
1
169
1
293
1
253
1
93
1
335
1
135
1
416
1
244
1
12
1
226
1
493
1
315
1
153
1
80
1
76
1
445
1
206
1
65
1
92
1
443
1
207
1
415
1
425
1
34
1
54
1
205
1
91
1
294
1
22
1
46
1
24
1
67
1
513
1
110
1
45
1
134
1
913
1
570
1
67
1
635
1
514
1
399
1
151
1
75
1
92
1
545
1
13
1
159
1
255
1
357
1
669
1
208
1
21
1
67
1
205
1
90
1
235
1
300
1
93
1
736
1
91
1
626
1
247
1
11
1
719
1
493
1
67
1
79
1
168
1
466
1
251
1
557
1
94
1
159
1
952
1
113
1
135
1
231
1
91
1
169
1
91
2
90
1
181
1
90
1
115
1
43
1
196
1
485
1
497
1
278
1
113
1
157
1
78
1
888
1
89
1
229
1
174
1
79
1
523
1
137
1
225
1
66
1
191
1
309
1
83
1
158
3
51
1
399
1
112
1
83
1
65
1
486
1
161
1
228
1
195
2
324
1
392
2
342
1
143
1
776
1
286
1
142
1
89
1
23
1
286
1
307
1
512
1
206
1
217
1
51
1
539
1
33
1
515
1
259
1
34
1
514
1
64
1
70
1
33
1
670
1
21
1
11
1
14
1
55
1
134
1
195
1
303
1
21
1
299
1
407
1
172
1
739
1
878
1
1016
1
549
1
215
3
1536
1
554
1
199
1
385
2
407
1
35
1
34
1
238
1
374
1
224
1
68
1
25
1
31
1
147
1
32
1
479
1
420
1
335
1
147
1
159
1
851
1
100
1
299
1
90
1
24
1
80
1
79
1
77
1
353
1
135
1
148
1
224
1
437
1
68
1
80
1
78
1
167
1
365
1
21
1
11
1
56
1
1075
1
585
1
408
1
482
1
731
1
371
1
21
1
228
1
104
1
307
1
77
1
13
1
1073
1
51
1
232
1
78
1
77
1
327
1
70
1
334
1
260
2
234
1
117
1
36
1
739
1
214
1
681
1
584
1
226
1
66
1
67
1
24
1
875
1
90
1
903
1
719
1
373
1
22
1
149
1
171
1
165
1
186
1
192
1
339
1
412
1
70
1
235
1
91
1
376
1
808
1
125
1
79
1
603
1
260
1
25
1
522
1
249
1
559
1
195
1
660
1
55
1
79
1
262
1
547
1
659
1
229
1
615
1
10
1
23
1
419
1
524
1
458
1
61
1
94
1
214
1
581
1
13
1
394
1
426
1
122
1
486
1
231
1
105
1
77
1
581
1
11
1
43
1
79
1
169
1
91
1
223
1
187
1
136
1
576
1
234
1
154
1
180
1
256
1
529
1
240
1
59
1
43
1
308
1
92
1
202
1
364
1
169
1
167
1
472
1
705
1
24
1
157
1
434
1
51
1
961
1
79
1
169
1
91
1
364
1
718
1
431
1
377
1
136
1
204
1
271
1
135
1
196
1
34
1
327
1
25
1
294
1
31
1
58
1
148
1
112
1
168
1
13
1
242
1
79
1
52
1
904
1
591
1
621
1
641
1
91
1
273
1
137
1
808
1
294
1
468
1
265
1
635
1
316
1
260
1
334
1
503
1
145
1
238
1
246
1
563
1
167
1
400
1
56
1
68
1
374
1
1117
1
228
1
92
1
500
1
475
1
320
1
152
2
76
1
2
1
152
1
78
1
23
1
458
1
261
1
386
1
24
1
80
1
234
1
286
1
59
1
62
1
69
1
174
1
76
1
92
1
411
1
65
1
55
1
1688
1
259
1
744
2
63
1
435
1
113
1
259
1
78
1
969
1
119
1
63
1
105
1
179
1
22
1
94
1
292
1
101
1
94
1
77
1
474
1
91
1
83
1
54
1
105
1
76
1
92
1
142
1
229
1
344
1
65
1
877
1
249
1
59
1
192
1
57
1
589
1
161
1
254
1
392
1
105
1
113
1
820
1
487
1
336
1
250
1
150
