0
338589
1
4049
1
7289
1
2428
1
1620
1
3239
1
1618
1
809
1
1620
1
55888
1
809
1
1620
1
4048
1
3240
1
4048
1
2429
1
42120
1
20248
1
809
1
809
1
5669
1
809
1
809
1
809
1
49410
1
13768
1
2430
1
4858
1
58320
1
8099
1
7289
1
64799
1
7289
1
123116
2
7288
1
1
1
7287
1
2
1
7287
1
1
1
7288
2
4853
2
811
1
810
1
5666
2
7288
1
1
1
2432
1
4857
1
7290
1
7290
1
6476
3
7286
1
3
1
1613
1
809
1
4053
3
805
1
5672
1
807
1
7289
1
7290
1
4861
1
2423
1
5
1
5668
1
808
1
805
1
6482
1
1615
1
4864
1
2424
1
5672
1
807
1
808
1
6480
1
808
1
3239
1
1623
1
2425
1
2429
1
2433
1
1616
1
4864
1
808
1
1613
1
6480
1
4141
3
810
1
5666
3
810
1
810
1
3952
1
1715
1
1523
1
5763
1
1
1
806
1
3
1
1620
1
809
1
4045
1
731
2
79
1
728
2
75
1
814
1
714
1
94
1
809
1
809
1
1616
3
728
3
75
1
2
1
712
1
15
1
1
1
78
1
728
1
891
1
714
1
94
1
1539
1
79
1
728
1
78
3
728
1
77
3
728
1
77
1
2
1
712
1
15
1
77
1
2
1
728
3
76
3
1525
1
94
1
1538
1
79
1
807
1
2
1
805
2
1
2
728
1
76
4
729
2
77
1
2336
1
94
1
808
1
807
1
807
1
716
1
92
1
4
1
711
1
16
1
76
3
2338
1
806
2
4139
2
810
1
714
1
814
1
807
1
3329
1
1
1
810
1
810
1
810
1
809
1
3236
2
805
1
4
1
1537
1
809
2
1605
1
1714
1
806
1
807
1
5
1
809
1
725
1
812
1
795
1
93
1
2332
1
95
1
807
1
1540
1
1
1
3240
1
887
1
713
1
826
1
76
1
731
1
885
1
735
1
883
1
735
1
887
1
1523
1
16
1
77
1
808
1
1617
1
809
1
1623
1
809
1
730
1
792
1
94
1
807
1
731
1
76
1
1541
1
77
1
5
1
725
1
83
1
807
1
809
1
808
1
714
1
15
1
76
2
1540
1
1696
1
5
1
804
1
719
1
823
1
886
1
807
1
1542
1
75
1
733
1
82
1
803
1
3
2
728
2
77
1
717
1
94
1
713
1
4953
1
713
1
14
2
81
1
1523
1
95
1
809
1
711
1
1712
1
3
1
727
1
808
1
83
1
725
1
1607
1
904
1
808
1
807
1
1539
1
1623
1
3316
1
807
1
732
2
806
1
76
1
731
1
809
1
4
1
793
1
15
1
77
1
714
1
16
1
77
1
2350
1
74
2
807
1
736
1
72
1
731
1
4
1
3316
1
731
1
76
1
807
1
732
1
75
1
809
1
2433
1
92
1
1448
1
885
2
1540
1
75
1
809
1
3165
1
76
1
93
1
714
2
807
1
808
1
1541
1
887
1
1530
1
808
1
92
1
903
1
1446
1
808
1
808
1
887
1
731
1
84
1
728
1
886
1
93
1
637
1
75
1
808
1
1541
2
807
1
895
1
2333
1
95
1
809
1
3966
2
811
1
794
1
808
1
808
1
1715
2
807
3
725
1
2
1
75
1
4
1
803
1
809
1
814
1
714
1
94
1
1618
1
808
1
730
2
74
1
1540
1
4
1
3317
1
808
1
732
1
74
1
731
1
2
1
72
1
736
1
804
1
809
1
1607
1
16
1
2428
1
807
1
3412
1
2258
1
74
3
806
1
733
1
4127
1
733
1
74
2
807
1
734
1
808
1
807
1
2433
1
75
1
93
1
639
1
169
1
622
1
900
1
96
1
1446
1
806
1
809
1
888
1
2338
1
825
1
171
1
1444
2
794
1
1632
1
78
1
904
1
1449
1
1618
1
805
1
78
1
809
1
718
1
11
1
86
1
809
1
1344
1
274
1
713
1
4872
1
82
1
1253
1
89
2
1084
1
809
1
809
1
711
1
97
1
727
2
79
2
729
1
76
1
728
1
892
1
444
1
89
1
179
1
808
1
95
1
809
1
712
1
95
1
808
1
732
1
74
1
808
1
717
1
91
1
719
1
93
1
535
1
1893
1
808
1
730
3
73
2
730
1
76
1
731
1
77
1
1623
1
715
1
1636
1
76
1
806
3
731
1
807
1
808
1
809
1
984
1
715
1
809
1
807
3
732
1
808
1
807
1
808
1
809
1
797
1
185
1
1432
1
91
1
734
1
73
1
1544
1
807
1
1696
1
719
1
15
1
168
1
640
1
809
1
73
1
906
1
2254
2
807
1
1608
1
183
1
810
1
714
1
95
1
1448
1
808
1
74
1
718
1
11
1
78
1
730
1
1793
1
716
1
808
1
95
1
638
1
171
1
3141
1
1531
1
95
1
535
1
87
1
2
1
3325
1
3240
1
95
1
1523
1
4064
1
889
2
713
1
94
1
626
1
993
1
809
1
809
1
711
1
97
1
728
1
79
1
727
1
888
1
810
1
537
1
1083
1
809
1
712
1
905
1
728
1
2
1
75
1
729
1
77
1
731
1
77
1
811
1
810
1
810
1
809
1
1541
1
73
3
730
1
75
1
732
1
76
1
718
1
13
1
796
1
1712
1
810
1
806
4
732
1
806
1
808
1
1697
1
94
1
534
1
105
1
73
1
717
1
17
1
73
1
735
1
72
1
736
1
75
1
732
1
1616
1
1790
1
811
1
713
1
2355
1
2425
1
77
1
735
1
166
1
811
1
810
1
810
1
1448
1
804
4
806
1
809
1
889
1
91
1
642
1
167
1
641
1
169
1
639
1
170
1
638
1
803
1
1
1
2
1
79
1
712
1
96
1
712
1
90
1
7206
1
806
1
6480
2
7289
1
7288
2
807
1
6482
1
14575
1
809
1
5669
1
814
1
12954
1
1
1
811
1
5667
1
811
1
6474
1
814
1
7289
1
9713
1
4050
1
2428
1
809
1
4054
1
811
1
802
1
1619
1
6572
1
716
1
15
1
3225
1
1
1
811
1
3233
1
14
1
1
1
4935
1
2353
1
74
1
3153
1
1705
1
717
1
809
1
824
1
76
1
718
1
1
4
4042
1
92
1
811
1
810
1
806
1
723
1
809
1
3326
1
3152
1
804
1
4
2
809
1
2516
1
1541
1
792
1
97
1
718
1
810
1
4055
1
813
1
73
1
717
1
91
1
724
1
3325
2
811
1
2333
1
816
1
805
1
2521
1
728
1
893
1
724
1
1613
1
805
1
2518
1
3
1
1536
1
809
1
1612
1
2516
1
1
1
1542
1
79
1
3147
1
2519
1
728
2
806
1
3232
1
2520
1
726
1
2
1
80
1
724
1
1619
1
1700
1
2432
1
1620
1
1612
1
1621
2
3
1
807
1
810
1
1538
1
3235
1
891
4
804
1
4
2
809
1
1538
1
3313
1
719
1
93
2
2348
2
74
1
736
1
4126
1
807
1
1540
1
4221
1
719
1
806
1
4951
1
650
1
157
1
627
1
93
1
714
1
824
1
884
1
730
1
1791
2
651
1
158
1
649
1
1611
1
806
1
885
1
902
1
1621
1
649
1
1
1
807
1
160
1
1449
1
1602
1
90
1
92
2
810
1
1615
1
654
2
158
1
1529
1
728
1
77
1
729
1
886
1
91
1
2
1
2430
1
804
1
639
1
14
2
969
1
262
1
93
1
87
2
192
2
168
1
83
1
3
1
178
1
373
1
162
1
3241
1
1
1
2244
1
274
1
89
1
85
1
3
1
89
1
87
2
191
1
437
1
368
1
167
1
815
1
633
1
175
1
1619
1
633
1
171
1
3
1
1613
1
89
1
179
1
93
1
87
2
356
1
6
1
175
1
633
1
85
1
3963
1
647
1
1416
2
447
1
1
1
177
1
2165
1
809
1
809
1
1536
2
719
1
257
1
89
1
269
1
190
1
257
1
179
1
2968
1
809
1
732
2
1529
1
257
1
89
1
1268
1
978
1
638
1
825
1
888
1
81
1
645
1
82
1
74
1
651
1
968
1
179
1
2248
1
1527
1
743
1
65
1
16
1
80
1
1455
1
83
1
73
1
628
1
182
1
269
1
87
1
180
1
100
1
168
1
2272
3
888
1
806
1
83
1
725
1
3
1
79
1
645
1
970
1
358
1
279
1
2522
1
1620
1
79
1
711
1
17
1
79
1
632
1
1431
2
359
1
1462
2
76
2
728
1
887
1
4
1
72
1
652
1
78
1
4
1
79
1
711
1
17
1
79
1
726
1
2
1
79
1
989
1
357
1
539
1
176
1
266
1
1082
1
720
1
1527
1
2704
1
89
1
178
1
96
1
264
1
177
1
177
1
1348
2
718
1
1370
1
1
1
807
1
2
1
154
1
655
1
76
2
1070
1
358
1
96
1
352
1
178
1
88
1
1262
1
85
2
721
1
559
1
78
1
808
1
812
1
1512
1
725
1
96
1
619
1
447
1
6
1
86
1
88
1
366
1
1071
1
560
1
79
1
2
1
73
1
1528
1
2352
1
94
1
342
1
3
1
177
1
266
1
17
1
256
1
552
1
729
1
77
3
805
1
3
1
72
1
651
1
84
1
1534
1
79
1
720
1
710
1
355
1
1376
1
78
1
170
1
636
1
168
1
2
1
531
1
181
1
731
1
2507
1
89
1
269
1
183
1
265
1
656
1
152
1
90
1
90
2
471
1
79
1
166
1
810
1
2
1
1523
1
2339
1
275
2
353
1
449
1
3
1
85
1
91
1
372
1
73
1
182
2
549
1
167
1
810
1
2
1
542
1
809
1
2527
1
73
1
179
1
359
1
87
1
27
1
338
1
87
1
87
2
371
1
257
3
468
1
78
1
982
1
542
1
901
1
1698
1
901
1
89
1
178
1
89
1
541
1
3
1
546
1
259
2
546
1
1515
1
10
1
262
1
2179
1
1704
1
349
1
896
1
626
1
90
2
445
1
90
1
95
1
1370
1
61
1
91
1
1461
1
158
1
986
1
996
1
88
1
85
1
2
1
95
1
78
1
16
1
525
1
282
1
807
1
3
1
169
1
712
1
1528
1
827
1
714
1
346
1
89
1
187
1
82
1
6
1
188
1
523
1
4
1
85
1
2
1
95
1
439
1
93
1
87
1
281
1
165
1
562
1
339
1
548
1
169
1
4
1
712
1
93
1
1
1
1365
1
79
1
813
1
350
1
262
1
178
1
455
1
84
1
90
1
1
1
191
1
344
1
181
1
447
1
181
2
379
1
339
2
1253
1
274
1
810
1
811
1
1079
1
89
1
89
1
172
1
277
1
266
1
87
1
97
1
1160
1
719
1
547
1
262
1
546
1
798
1
181
1
93
1
2
1
807
2
532
1
456
1
442
1
365
1
364
1
15
1
427
1
86
1
1
1
1347
1
810
1
810
1
557
1
79
1
172
1
1
1
808
1
561
1
428
1
178
1
89
1
189
1
349
1
84
1
3
1
719
1
87
1
629
1
3
1
545
1
1618
1
1619
1
1164
1
178
1
624
1
384
1
1146
1
4
1
1273
1
79
1
170
1
572
1
1
1
236
2
1353
1
11
1
13
1
65
1
813
1
164
1
186
1
177
1
444
1
185
1
174
1
281
1
257
1
93
1
1265
1
169
1
573
1
241
1
805
3
1365
1
893
1
529
1
278
1
352
1
83
1
292
1
427
1
3
1
715
1
483
1
327
2
623
1
664
1
65
1
78
1
95
1
568
1
796
1
1237
1
359
1
105
1
714
1
16
1
518
1
84
1
201
1
80
1
262
1
175
1
629
2
552
1
166
1
1
1
637
3
807
2
76
1
731
3
714
1
347
1
555
1
531
1
276
1
352
1
88
1
175
2
109
1
79
1
438
1
1
1
536
1
1450
1
172
2
622
1
12
1
729
1
798
1
1345
1
178
1
109
1
62
1
450
1
182
1
356
1
180
1
90
1
1
1
287
1
339
1
1278
1
158
1
92
1
810
1
1344
1
11
1
93
1
523
1
1535
1
88
1
86
1
1
1
537
1
90
2
288
1
79
1
259
1
4
1
806
2
465
1
809
1
158
1
92
1
625
1
1079
1
277
1
261
1
14
1
530
1
714
1
181
1
542
1
363
1
352
1
1358
1
170
1
535
1
1725
1
344
1
89
1
726
1
88
1
289
1
77
1
440
1
719
1
353
1
23
1
339
1
548
1
169
1
92
1
2
1
714
1
1527
1
826
1
348
1
366
1
93
1
436
1
807
1
200
1
78
1
349
3
1436
1
92
1
2
1
479
1
234
1
571
1
2
1
809
1
1318
1
178
1
94
1
446
1
176
1
88
1
110
1
172
1
258
1
362
1
442
4
391
1
1043
1
93
3
714
1
810
1
3
1
806
1
1
1
532
1
26
1
76
1
442
1
173
1
4
1
94
1
14
1
519
1
88
1
86
1
1
1
446
1
183
1
366
1
354
1
532
1
664
1
65
1
729
1
158
1
92
1
637
1
173
2
2069
1
94
1
712
1
631
1
443
1
181
1
548
1
169
1
1382
1
237
1
571
1
145
1
93
2
1449
1
809
1
615
1
193
1
532
1
276
1
352
1
84
1
371
1
167
1
90
1
467
1
82
1
169
1
556
1
893
2
808
3
75
1
730
1
809
1
1245
1
185
1
186
1
76
1
270
1
94
1
85
1
1
1
629
2
375
1
969
1
92
1
812
1
1446
1
614
1
89
1
913
1
443
1
82
1
813
1
537
1
90
1
2
1
374
1
158
1
1460
1
1625
1
331
1
553
1
533
1
89
1
807
1
625
1
3
1
88
1
87
2
539
1
2
1
374
1
341
1
547
1
170
1
1436
1
719
1
359
1
476
1
609
1
89
1
803
1
3
1
542
1
86
1
87
2
185
1
443
1
377
1
79
1
1553
1
329
1
1
1
463
1
158
1
1266
1
261
1
12
1
532
1
89
1
108
1
77
1
527
1
376
1
253
1
5
1
84
2
367
1
77
1
90
1
183
1
1
1
532
1
1438
1
273
1
92
1
478
1
877
1
93
1
350
1
81
1
205
1
170
1
809
1
343
1
278
1
169
1
271
1
5
1
350
1
455
1
1
2
531
1
183
1
810
1
810
1
442
1
1260
1
1193
1
155
1
270
1
182
1
1183
1
256
1
2
1
386
1
65
1
262
1
466
1
79
1
78
1
650
1
12
1
66
1
742
1
239
1
731
1
351
1
286
1
170
1
793
1
270
1
94
1
85
1
1
1
197
1
174
1
713
1
353
1
1531
2
1529
1
557
1
76
1
622
1
279
1
434
1
358
1
366
1
86
1
276
1
95
1
346
2
719
1
388
1
236
1
1622
1
3
1
807
1
561
1
152
1
733
1
255
1
553
1
1247
1
93
1
87
1
95
1
262
1
90
1
550
1
725
1
68
1
15
1
170
1
1432
1
822
1
435
1
179
1
116
1
153
1
89
1
1348
1
10
1
711
1
2
1
265
1
90
1
271
2
285
1
251
1
718
1
91
1
556
1
2047
1
386
1
76
1
705
1
10
1
439
1
269
1
111
1
338
1
89
1
904
1
718
2
387
2
66
1
170
1
638
1
78
1
2247
1
1447
1
89
1
104
1
79
1
348
1
89
1
5
1
83
1
4
1
84
1
631
1
2
1
272
1
25
1
418
1
364
1
24
1
1
1
419
1
387
1
1
1
1140
1
544
1
94
1
622
1
14
1
76
1
94
1
431
1
203
1
173
1
349
1
88
1
89
1
105
1
174
1
72
1
180
1
89
1
89
1
3
1
183
1
187
1
346
3
298
2
64
1
169
1
1357
1
836
1
143
1
184
1
640
1
252
1
556
1
350
1
88
1
89
1
106
1
172
1
349
1
88
1
196
1
78
1
94
1
254
1
89
1
3
1
85
1
1
1
87
1
109
1
174
1
73
1
182
1
393
1
158
2
883
1
91
1
902
2
453
1
718
1
14
1
168
1
442
1
196
1
170
1
350
1
178
1
185
1
443
1
88
1
184
1
441
1
90
3
87
1
89
1
124
1
141
1
273
1
354
1
180
1
16
1
257
1
534
1
91
1
536
1
34
1
422
1
1173
1
78
1
103
1
345
1
179
1
6
1
277
1
351
1
88
1
196
1
517
1
4
1
84
1
358
1
271
1
90
2
627
1
91
1
376
1
79
1
96
1
645
1
145
1
91
1
183
1
374
1
79
1
171
1
184
1
350
1
821
1
13
1
64
1
103
1
442
1
808
1
353
1
14
1
528
1
281
1
346
3
285
1
175
1
164
1
91
1
1437
1
92
1
91
1
1183
1
79
1
15
1
156
1
560
1
168
1
93
1
348
1
366
1
441
1
195
1
157
1
14
1
352
1
86
1
370
1
164
1
181
1
3
1
459
1
164
1
718
1
92
1
91
1
400
2
68
1
154
1
93
1
476
1
13
2
876
1
2
1
3123
1
2
1
8099
1
806
1
7295
1
7283
1
6481
1
812
1
2518
2
6477
1
731
1
76
1
3
1
4762
1
1715
1
713
1
3242
1
811
1
1709
1
728
2
4038
1
1622
1
86
1
806
1
731
1
77
1
4860
2
807
1
731
1
1
1
811
1
805
1
77
1
4860
1
1
1
729
1
808
1
809
1
78
1
2344
1
2515
1
730
2
80
1
2334
1
3
1
809
1
3326
2
812
1
2335
2
810
1
805
1
2523
1
806
1
809
1
809
1
1529
1
2
1
810
1
1707
1
730
1
80
1
731
1
804
1
2421
1
1707
1
811
1
727
1
5664
1
83
1
731
1
812
1
792
1
90
1
809
1
92
2
624
1
1532
2
91
1
4043
1
11
1
170
1
1
1
2967
1
2613
1
724
1
5
1
164
1
626
1
809
1
11
1
92
1
704
1
26
1
77
1
2
1
2322
1
91
2
1542
1
73
1
92
1
1541
1
80
1
810
1
649
1
965
1
87
1
721
1
807
1
1
1
641
1
4934
1
90
1
179
1
545
1
83
1
640
1
84
1
83
1
1
1
641
1
167
1
808
1
2431
1
810
1
806
1
178
2
88
1
90
1
449
1
639
2
1788
1
810
1
810
1
2606
2
178
1
364
1
726
1
168
1
724
1
85
1
809
1
2272
1
159
1
1433
1
95
1
265
1
1269
1
1
1
75
1
91
1
724
1
85
1
4768
1
358
1
1
1
177
1
2
1
89
1
910
1
166
1
3081
1
2498
1
1
1
805
1
4
1
895
2
807
1
813
1
634
1
175
1
729
1
726
1
1690
2
625
1
720
1
359
1
2271
2
76
1
814
1
804
1
730
1
881
2
624
1
185
1
729
1
1704
1
2
1
727
1
2
1
160
1
802
1
809
1
652
1
78
1
170
3
630
2
1434
1
272
1
728
1
81
1
2516
2
810
1
557
1
156
1
1264
1
87
1
96
1
78
1
809
1
363
1
445
1
809
1
184
1
557
1
809
1
80
2
732
1
75
1
1
1
75
1
731
1
2
1
979
1
263
1
719
1
93
1
87
2
718
1
356
1
185
1
623
1
742
1
80
2
167
1
1
1
3690
1
904
1
532
1
718
1
380
2
250
1
639
1
4309
1
265
1
719
1
1
1
630
1
548
2
170
1
623
1
16
1
73
1
902
2
2432
1
358
1
89
1
359
1
83
1
4
1
268
1
629
1
719
1
87
1
446
1
12
1
168
1
3
1
641
1
882
1
718
1
183
1
1
1
807
1
896
1
5
1
173
1
5
1
274
1
710
1
267
1
733
1
727
1
248
1
813
1
806
1
2
1
1524
1
995
1
89
1
89
1
274
1
712
1
361
1
266
1
289
1
2
1
336
1
547
1
5
1
163
1
2434
1
568
1
1140
1
179
1
628
1
85
1
461
1
172
1
176
1
627
1
4
1
86
1
2337
1
4
1
568
1
875
1
980
1
4
1
268
1
180
1
444
1
2
1
265
1
93
1
190
1
810
1
163
1
2179
1
1875
1
545
1
260
1
1
1
87
1
176
1
358
1
272
2
88
1
90
1
180
1
108
1
1
1
75
1
260
2
716
1
92
1
1276
1
171
2
636
1
171
1
651
1
158
2
81
1
567
1
159
1
1603
1
652
1
2
1
75
1
443
1
624
1
5
1
470
1
424
1
1444
1
805
1
811
2
635
1
76
1
809
1
277
1
263
1
3
1
451
1
88
1
380
1
516
1
719
1
2064
1
993
1
546
1
901
1
730
1
3
1
512
1
1445
1
452
1
1071
1
572
1
809
1
878
1
2056
1
370
1
265
1
264
2
718
2
1110
1
1
1
327
1
1435
1
1465
1
62
1
743
1
1146
1
6
1
264
2
185
1
441
1
90
1
1441
1
1370
2
1513
1
1521
2
718
2
719
1
303
1
770
1
34
1
330
1
443
1
34
1
785
1
107
1
1527
1
521
1
178
1
805
2
356
1
1347
1
101
1
809
1
1517
1
115
1
79
2
1526
1
167
1
89
1
89
1
96
1
178
1
184
1
168
1
360
1
3
1
86
1
932
2
63
1
353
1
353
1
34
1
159
2
729
1
1
1
76
1
1
1
167
2
638
1
614
1
194
1
2
1
1063
1
179
1
1011
1
518
1
93
1
88
1
106
1
171
1
1
1
348
1
299
1
235
1
182
2
353
1
180
1
743
1
3
1
78
1
792
1
12
1
77
1
537
1
101
1
735
1
77
1
885
1
366
1
456
2
439
1
86
1
108
1
339
1
485
1
75
1
156
1
182
2
534
1
186
1
441
1
366
1
442
1
364
2
637
1
1619
1
166
1
1171
1
267
1
13
1
1
1
254
1
6
1
385
1
510
1
297
1
1620
1
1778
1
639
1
426
1
369
1
259
1
360
1
376
1
437
1
194
1
79
1
94
1
164
1
180
1
538
1
559
1
798
1
833
1
55
1
744
1
978
1
526
1
1092
1
346
1
181
1
121
1
65
1
78
1
13
1
3
1
712
1
93
3
346
1
298
1
1048
1
95
1
556
1
1
1
78
1
807
1
1065
1
553
1
75
1
733
1
346
1
183
1
185
1
356
1
350
1
33
1
164
1
253
1
4
1
85
1
1
1
365
1
13
2
80
1
611
1
924
1
83
1
1151
1
464
1
525
1
1439
1
183
1
105
1
12
1
145
1
662
1
160
1
257
1
471
1
79
1
3
1
255
1
553
1
632
1
11
1
238
1
92
1
624
1
14
1
809
1
1245
1
1168
1
13
1
795
1
362
1
537
1
182
2
1212
1
772
1
13
1
169
1
2335
1
78
1
13
1
256
1
271
2
201
2
424
1
90
1
369
1
351
1
719
1
1357
1
174
1
636
1
1446
1
518
1
180
1
267
1
543
1
199
1
520
1
631
1
398
1
1
1
874
1
742
1
133
1
90
1
92
1
2
1
637
1
637
1
170
1
436
1
215
1
600
1
286
1
2
1
429
1
294
1
418
1
814
1
2018
1
958
1
637
1
66
1
360
1
89
1
304
1
601
1
88
1
116
1
513
1
1118
1
409
1
720
1
803
1
480
1
12
1
66
1
814
1
163
1
90
1
2
1
716
1
718
1
77
1
576
1
688
1
115
1
5
1
154
1
648
1
165
1
258
1
86
1
366
1
261
1
467
1
878
1
741
1
95
1
163
1
91
1
718
1
718
1
92
2
73
1
482
1
891
2
607
1
199
1
1
1
335
1
5
1
87
1
377
1
1
1
338
1
626
1
652
1
1
1
249
1
560
1
809
1
165
1
643
1
73
1
257
1
397
1
78
2
151
1
360
1
296
1
518
1
171
1
118
1
516
1
173
1
911
1
902
1
638
1
904
1
166
1
974
1
393
1
81
1
692
1
1352
1
299
1
80
1
430
2
377
1
797
1
170
1
820
1
627
1
184
1
561
1
248
2
161
1
393
1
81
1
1419
1
444
1
274
1
219
1
133
1
365
1
295
1
12
1
2
1
409
1
1353
1
90
1
812
1
640
1
169
1
72
1
719
1
360
1
95
1
808
1
115
1
80
1
247
1
186
1
3321
1
217
1
246
1
3315
1
180
1
5
1
1529
1
383
1
800
1
808
1
247
1
14
1
74
1
484
1
80
1
611
1
80
1
287
2
252
1
314
1
1
1
64
1
1244
1
87
1
717
1
1
1
307
1
410
1
1
1
384
1
159
1
170
1
469
1
260
1
165
1
381
1
14
1
79
1
807
1
169
1
442
1
114
1
158
1
1341
2
128
1
55
1
11
1
435
1
85
1
720
1
719
2
385
1
800
1
94
1
713
1
261
1
436
1
280
1
91
1
256
1
316
1
583
1
209
1
821
1
316
1
90
1
90
1
91
1
365
1
266
1
440
1
365
1
386
1
329
1
484
1
77
1
438
1
289
1
247
1
95
1
545
1
980
3
1154
1
5
1
87
1
127
2
406
1
94
1
86
1
220
1
71
1
76
1
259
1
1
1
469
1
80
2
1537
1
74
1
274
2
378
1
78
1
257
1
4
1
464
1
80
1
335
1
391
1
251
1
638
1
337
1
275
1
127
1
502
1
306
1
67
1
339
1
1176
1
103
1
733
1
152
1
272
2
354
1
26
1
336
4
972
1
1192
1
171
1
1
1
567
1
315
1
361
1
130
1
502
1
1120
1
315
1
483
1
152
1
271
1
356
1
26
1
244
1
810
1
1368
1
80
1
78
1
535
1
939
1
499
1
87
1
217
1
797
1
160
1
262
1
725
1
447
1
26
1
1055
1
810
1
75
1
481
1
80
1
78
1
535
1
125
1
3
1
237
1
1
1
349
1
623
1
537
1
90
1
275
1
306
1
410
1
726
1
447
1
1339
1
629
1
497
1
64
1
78
1
92
1
442
1
273
1
93
1
440
1
274
1
440
1
90
2
196
1
340
1
90
1
628
1
909
1
356
1
367
1
465
1
415
1
358
1
1080
1
14
1
544
1
265
1
345
1
94
1
715
1
90
1
447
1
90
1
90
1
377
1
13
2
64
1
639
1
93
1
346
2
255
1
99
1
364
2
547
1
979
1
795
1
451
1
373
1
1
1
647
2
324
1
272
1
127
1
56
1
24
1
809
1
2
1
326
1
376
1
93
1
346
1
1
1
354
1
24
1
338
1
812
1
343
1
918
1
91
1
157
1
596
1
31
1
36
1
1
1
159
1
552
1
420
1
902
1
720
1
1
1
388
1
232
1
102
1
91
2
703
1
562
1
261
1
479
1
495
1
180
1
214
2
62
1
259
1
401
1
240
1
439
1
94
1
45
1
487
1
93
1
181
1
820
1
35
1
32
1
833
1
443
1
85
3
88
1
107
1
80
1
809
1
262
1
443
1
36
1
42
1
22
1
78
1
1475
1
222
1
452
2
127
1
4
1
64
1
80
1
258
1
90
1
1
1
459
1
634
1
24
2
42
1
27
1
154
1
93
1
476
1
55
1
22
1
77
1
360
1
3
1
86
2
88
2
188
1
706
1
169
1
89
1
89
1
14
1
1
2
71
1
404
2
133
1
1981
1
184
1
275
1
168
1
272
1
537
1
456
1
820
1
533
1
87
1
89
1
189
1
77
1
180
1
719
1
91
1
705
1
12
1
574
1
235
1
256
1
311
1
317
1
270
1
95
1
124
1
680
2
629
3
363
1
11
1
342
1
374
1
259
1
186
1
83
1
1
1
265
1
23
1
888
1
168
1
92
1
794
1
719
1
360
1
987
1
452
1
628
1
181
1
90
1
628
1
912
1
85
2
1179
1
261
1
466
1
776
1
853
1
407
1
470
1
172
1
636
1
174
2
345
1
1538
1
447
1
731
1
261
1
466
1
13
1
236
1
93
2
1284
1
56
1
11
1
157
1
824
1
75
1
180
1
185
1
367
1
439
1
126
1
68
1
12
1
1
1
718
1
171
1
257
1
86
1
290
1
156
1
16
1
714
1
94
1
166
1
254
1
387
1
74
1
626
1
836
1
142
1
594
1
229
1
256
1
298
1
23
1
2
1
41
1
23
1
3
1
157
1
1
1
254
1
180
1
2
1
138
2
213
1
364
1
1
1
362
1
275
2
85
1
1113
1
491
1
552
1
76
1
15
1
560
2
502
1
303
1
144
1
451
1
211
1
160
1
256
1
554
1
255
1
180
1
140
1
582
1
1094
1
728
1
417
1
379
1
79
1
11
1
15
1
737
1
151
1
169
1
520
1
101
1
259
1
549
1
93
1
1365
1
422
1
90
1
91
1
634
1
1364
1
809
1
167
1
255
1
303
1
81
1
75
1
93
2
343
1
211
1
82
1
1235
1
230
1
215
1
455
2
91
1
181
1
170
1
184
2
362
1
105
1
438
1
86
1
2
1
120
2
159
1
73
1
167
1
13
3
718
2
717
1
346
1
464
2
73
1
360
1
810
1
199
1
520
1
218
1
137
1
14
1
657
1
69
1
158
1
91
1
444
1
31
1
174
1
350
1
87
1
89
1
281
1
163
1
90
6
385
1
329
1
445
1
710
1
539
1
644
3
883
1
361
1
1
1
126
1
504
1
271
1
21
1
57
1
365
1
634
1
275
1
87
1
89
1
164
1
117
1
254
5
352
1
35
3
159
1
151
1
269
1
555
1
1
1
1602
1
734
1
441
1
716
1
1
1
273
1
445
2
1534
2
393
1
142
1
15
1
165
1
548
1
94
1
62
1
104
1
642
1
168
2
715
1
717
1
903
1
75
1
1290
1
173
1
347
1
264
1
196
1
714
1
260
1
480
1
67
1
78
1
14
1
153
1
14
1
477
1
162
1
76
1
92
1
453
1
105
2
79
2
600
1
20
1
36
1
67
1
1
1
233
1
180
1
322
1
1
1
69
1
64
1
92
1
650
1
417
1
90
1
906
2
934
1
63
1
741
1
161
1
646
1
56
1
26
1
63
1
14
1
76
1
581
1
69
1
80
1
661
1
771
1
10
1
92
1
3
1
504
1
175
1
55
1
2
1
69
1
51
1
90
1
181
1
180
1
90
1
117
1
247
1
360
2
372
1
715
1
93
1
166
1
642
1
634
1
94
1
64
1
14
1
76
1
732
1
334
1
322
1
152
2
423
1
231
1
668
1
106
1
432
1
389
1
172
1
74
1
273
1
87
1
278
1
350
1
1
2
1
1
469
1
77
1
166
1
536
1
105
1
794
1
14
1
76
1
717
1
14
1
334
1
310
1
163
1
425
1
383
2
515
1
140
1
45
1
105
1
517
1
943
1
63
1
1165
1
71
1
327
1
67
1
1535
1
334
1
499
1
202
1
606
1
55
1
67
1
13
1
79
1
347
1
381
1
80
1
1
1
345
1
196
1
835
1
64
1
741
1
420
1
400
1
303
1
1325
1
311
1
343
1
210
1
81
1
78
1
257
1
475
1
334
1
308
1
80
1
162
2
74
1
539
1
4051
1
3
1
1522
1
12
1
2423
1
4056
1
78
1
7211
2
76
1
2
1
713
1
3239
1
815
1
2438
2
79
1
805
1
2338
1
812
1
2517
2
1539
1
809
1
1608
1
811
1
3252
1
79
1
3144
1
7290
1
806
1
815
1
815
1
893
1
712
1
809
1
182
1
2
1
623
1
90
1
14
2
80
1
3952
1
3175
1
2495
1
2336
1
184
1
730
1
75
1
1437
1
11
1
91
1
721
1
169
1
85
2
1362
1
167
1
642
1
3409
1
649
2
157
1
1447
1
83
1
84
1
638
1
2
1
82
1
727
1
74
1
736
1
791
1
2614
1
2
1
718
1
85
1
2337
1
5
1
803
1
1528
1
994
1
650
1
157
1
1168
1
1090
1
795
1
907
1
2422
1
901
1
627
1
93
1
357
1
88
1
180
2
180
1
1524
1
907
1
894
2
1463
1
806
1
79
1
2
1
794
2
447
1
89
1
2
1
269
1
1524
1
182
1
644
1
163
1
2351
1
2
1
806
1
1427
1
3
1
1885
1
1
1
1539
1
716
1
91
1
730
1
2227
1
269
1
630
2
101
1
978
1
635
1
92
1
81
1
649
1
964
1
809
1
2160
1
101
1
77
1
3
1
725
1
78
1
92
1
723
1
1548
1
74
1
78
1
730
1
980
1
2
1
544
1
2331
1
271
1
729
1
806
1
730
1
1686
1
186
1
727
1
1250
1
87
1
362
1
177
1
86
1
538
1
562
1
338
1
2170
1
2
1
2333
1
529
1
901
1
541
1
806
1
719
1
641
2
169
1
1526
1
650
1
1508
1
719
1
448
1
4
1
1369
1
154
1
656
1
74
1
2
1
168
1
637
1
4
1
165
2
809
1
637
1
171
2
810
1
720
1
446
1
87
2
361
1
267
1
453
1
264
1
461
1
3171
2
783
1
168
1
89
1
5
1
269
1
987
1
360
1
88
1
267
1
364
1
648
1
78
1
805
1
983
1
714
1
664
1
864
1
185
1
1353
1
264
1
88
1
176
1
290
1
340
1
535
1
16
1
978
1
1381
1
239
1
1979
1
807
1
184
1
91
1
1
1
75
1
6
1
265
1
89
1
89
1
538
2
3880
2
795
1
455
1
443
1
562
1
80
1
436
1
90
1
88
2
112
1
804
1
1633
2
157
1
649
1
81
1
79
1
647
1
162
1
624
1
442
1
718
1
89
1
86
1
93
1
199
1
245
1
90
1
359
1
363
1
1443
1
91
1
84
1
566
1
2
1
62
1
15
1
79
1
805
1
1700
1
89
1
445
1
103
2
258
1
89
1
90
1
86
1
188
1
15
1
249
1
86
1
358
1
1174
1
728
1
810
1
712
1
169
1
560
1
341
1
1
1
465
1
172
2
1161
1
271
1
17
1
1323
1
2
1
631
1
87
1
375
1
11
1
957
1
666
1
63
1
741
1
798
1
808
1
608
1
6
1
712
1
94
1
86
2
453
1
264
2
185
1
10
1
821
1
2
1
330
1
85
1
2078
1
170
1
1257
1
1623
1
541
1
177
1
184
1
534
1
274
1
1699
1
273
1
2
1
557
1
250
1
1276
1
66
1
1177
1
1171
1
357
1
173
1
1087
1
914
1
1
1
1527
1
886
1
729
1
435
1
178
1
88
1
534
1
368
1
24
1
506
1
288
1
79
1
169
1
1358
1
1634
1
886
1
729
1
435
1
1195
1
159
1
1446
1
92
1
82
1
713
1
91
1
174
1
451
1
824
1
886
1
797
1
360
1
6
1
452
1
91
1
263
1
174
1
91
1
928
1
163
1
255
1
1
1
387
1
1633
1
787
1
77
1
808
1
903
1
440
1
714
1
3
1
177
1
106
1
16
1
77
1
251
1
87
1
533
1
273
1
723
1
474
1
14
1
64
1
78
1
797
1
654
1
425
1
269
1
190
1
92
2
806
1
3
1
73
1
573
1
78
1
337
1
378
1
434
1
721
1
85
1
1212
1
875
1
248
1
447
1
24
1
978
1
2
1
1159
1
174
1
279
1
441
1
631
1
807
1
1212
1
1689
1
345
2
89
1
542
1
72
1
481
1
969
1
355
1
176
1
719
1
288
2
77
1
263
1
85
1
720
2
364
1
107
1
75
1
662
1
66
1
977
1
92
1
88
1
89
1
89
1
186
1
265
1
792
1
13
1
562
1
154
1
529
1
125
1
75
2
520
1
290
1
340
1
396
1
411
1
1207
1
44
1
1094
1
88
1
89
1
542
1
556
2
248
1
1163
1
288
1
430
1
174
1
199
1
247
1
185
1
85
1
1
1
221
1
223
1
570
1
68
1
91
1
1544
1
254
1
537
1
181
1
536
1
181
1
77
1
450
1
719
1
296
1
1549
1
403
1
1268
1
356
1
543
1
181
1
721
1
163
1
394
2
684
1
203
2
514
1
291
1
66
1
674
2
1844
1
90
1
1527
1
12
1
90
1
719
1
1
1
558
1
1
2
889
1
61
1
11
1
1343
1
128
1
590
1
172
1
180
1
271
1
810
1
1810
1
449
1
2
1
714
1
92
1
637
1
66
1
1438
1
112
1
1149
1
810
1
4
1
478
2
325
1
3
1
995
2
88
2
361
1
556
1
79
1
3
1
165
1
809
1
1
1
808
1
262
1
83
1
90
1
721
1
218
1
413
1
85
2
1200
1
706
1
260
1
360
1
90
1
95
1
15
1
77
2
170
1
1062
1
906
1
83
1
370
1
3
1
436
1
276
1
91
1
570
1
241
1
171
1
479
1
62
1
94
1
807
1
1
1
170
1
363
1
90
1
90
1
450
2
90
1
109
3
1693
1
614
1
128
1
241
1
347
1
1027
1
55
1
186
1
809
1
73
1
639
1
91
1
3
1
169
1
384
1
519
1
95
1
89
1
611
1
13
2
614
1
561
1
518
1
290
1
728
1
15
1
64
1
745
1
496
1
721
1
384
1
80
1
730
1
78
1
1249
1
1
1
631
1
475
1
797
1
80
1
170
1
557
1
80
1
172
3
349
1
87
1
937
1
2128
1
167
1
122
1
157
1
361
1
1
1
74
1
1911
1
170
1
444
1
112
1
252
1
717
1
440
1
2
1
717
1
391
2
718
1
154
1
360
1
167
1
644
1
367
1
1056
1
561
1
170
1
347
1
209
1
252
1
524
1
31
1
254
3
72
1
275
1
171
1
125
1
1
1
64
1
674
1
1572
1
10
1
92
1
439
1
75
1
292
1
1789
1
557
1
809
1
253
1
2
1
807
2
347
1
230
1
229
2
260
1
376
1
617
1
190
1
439
1
368
1
259
1
4
1
71
1
405
1
223
1
538
1
43
1
239
1
347
1
198
1
809
1
267
1
437
1
207
1
160
1
2
1
163
1
181
1
1
1
353
1
104
1
2
1
164
1
91
1
2
1
376
1
346
1
270
1
110
1
247
1
180
1
76
1
13
1
633
1
479
1
63
1
740
1
892
1
156
1
582
1
67
1
705
1
267
1
346
1
298
1
81
1
77
1
3
1
256
1
1
1
298
1
245
1
797
1
89
1
106
1
1527
1
477
1
147
1
349
1
392
1
3
1
322
1
275
1
719
1
203
1
173
2
81
1
254
1
4
1
304
1
244
1
257
1
299
1
413
1
827
1
1062
1
462
1
2
1
532
1
26
1
594
1
5
1
138
1
148
1
75
1
355
1
441
1
11
1
350
1
207
1
79
1
431
1
554
1
1444
1
66
1
192
1
94
1
453
1
741
1
237
1
655
1
245
1
491
2
1300
1
292
1
91
1
84
1
338
1
1443
1
481
1
2
1
157
1
76
1
365
1
85
1
2
1
523
1
17
1
389
1
815
1
935
1
684
1
229
1
636
1
249
1
90
1
399
1
319
1
92
1
1715
1
288
1
15
1
157
1
349
1
460
1
257
2
614
1
106
1
253
1
1042
1
70
1
158
1
257
1
181
2
139
1
2
1
212
1
276
1
386
1
2
1
2228
1
118
1
506
1
2
1
459
1
243
1
379
1
186
2
73
1
95
1
451
1
35
1
67
1
1
1
2127
1
1
1
228
1
787
1
172
1
635
1
79
1
93
1
345
1
180
1
121
2
159
1
346
1
462
1
259
1
534
1
15
1
513
1
216
1
1545
1
229
1
348
1
4
1
170
1
206
2
336
1
636
1
990
1
94
1
87
1
120
3
504
1
287
1
434
1
468
4
62
1
676
1
147
3
422
1
301
1
82
3
2046
1
1
1
1837
1
509
1
74
1
210
1
434
1
399
1
149
1
794
1
13
1
425
1
1192
1
647
1
11
1
2208
1
2
1
717
2
381
2
77
1
257
1
1
1
385
1
15
1
146
1
515
1
358
1
105
1
2095
1
958
1
666
1
142
1
270
1
167
1
12
1
616
1
103
2
253
1
20
1
104
1
79
1
258
1
549
1
887
1
92
1
1
1
635
1
66
1
1391
1
25
1
42
1
91
1
157
1
90
1
90
1
94
1
813
1
77
1
280
1
348
1
106
1
290
1
231
1
102
1
90
1
1
1
377
1
339
1
2842
1
21
1
452
1
181
1
127
1
94
2
131
1
11
1
260
1
92
1
379
1
345
1
617
1
287
1
86
1
118
1
81
1
336
1
90
1
2
1
283
1
25
2
144
1
427
1
220
1
856
1
787
2
53
1
13
1
237
1
1
1
346
1
222
1
1
1
63
1
339
1
90
1
230
1
34
1
453
1
390
1
170
1
255
1
369
1
185
1
73
1
270
1
187
1
34
1
225
1
180
1
77
1
472
1
168
1
90
1
4
1
398
1
573
1
198
1
184
1
1
2
513
1
215
1
413
1
183
1
207
1
146
1
14
1
648
1
728
1
80
1
795
1
186
1
531
1
90
1
534
1
216
1
2
1
66
1
79
1
246
1
416
1
810
1
319
1
162
1
473
1
77
1
444
1
718
1
718
1
374
1
529
1
279
1
186
1
433
1
97
1
79
1
542
1
220
2
44
1
102
1
336
1
13
2
354
1
259
1
103
1
1
1
613
1
743
1
1446
1
330
1
181
1
392
1
513
1
213
1
157
1
626
1
79
1
24
1
517
1
2
1
719
1
252
1
58
1
52
1
11
1
797
1
170
1
2060
1
370
1
728
1
733
1
604
1
177
1
542
1
2
1
287
1
431
1
73
1
232
1
57
1
338
1
17
1
623
1
718
1
183
1
165
1
379
1
171
1
594
1
67
1
43
1
547
1
113
1
904
1
243
1
366
1
352
1
363
1
219
1
1
1
496
1
1
1
306
1
396
1
641
1
438
1
154
2
135
1
809
1
672
1
44
1
340
1
180
1
208
1
904
1
514
1
94
1
716
2
74
1
88
1
111
1
260
1
181
1
1
1
306
1
822
2
135
1
4144
1
434
1
201
1
336
1
167
1
13
2
718
1
1
1
456
1
260
1
467
1
13
2
761
1
44
1
684
1
79
1
180
1
11
1
592
1
56
1
734
1
1482
1
12
1
3
1
129
1
42
1
197
1
241
1
103
2
218
1
499
1
2
1
319
2
291
1
360
1
97
1
363
1
638
1
809
1
248
1
447
1
44
1
685
1
286
1
556
1
252
1
332
1
107
1
368
1
152
1
193
1
2
1
460
1
73
1
181
1
393
1
1137
2
383
1
22
1
308
1
810
1
444
1
124
1
589
1
139
2
162
1
169
1
1153
1
97
1
31
1
595
1
521
1
193
3
294
1
69
1
352
3
395
1
13
1
763
1
44
2
866
1
328
1
184
1
719
2
1091
1
1160
1
362
1
2
1
353
1
276
1
303
1
12
1
808
1
1
1
136
1
671
2
1470
1
124
1
501
1
307
1
867
1
450
1
315
1
675
1
3
1
368
1
165
1
90
1
628
1
501
1
812
1
43
1
79
1
638
1
262
1
258
1
335
1
565
1
468
1
536
1
102
1
170
1
810
1
441
1
534
1
645
1
73
1
90
1
345
1
64
1
403
1
252
1
152
1
3
1
66
1
405
1
267
1
111
1
23
2
495
1
197
1
115
1
587
1
915
1
530
1
381
1
612
1
126
1
408
1
257
1
386
1
74
1
167
1
310
1
80
1
12
2
714
1
10
1
821
1
73
1
52
1
183
1
811
1
477
1
79
1
168
1
639
1
77
1
92
1
571
1
313
1
276
1
84
3
127
1
242
1
165
1
257
1
154
2
305
1
182
2
305
1
85
1
953
1
568
1
1310
1
312
1
156
1
91
1
615
1
360
1
996
1
160
1
53
1
499
1
297
1
80
1
13
3
324
1
76
1
14
3
282
1
788
1
20
1
436
2
350
1
1161
1
1369
1
12
1
607
1
200
1
428
1
95
1
442
1
14
1
256
1
76
1
642
1
91
1
2
1
1194
1
68
1
264
2
543
1
616
1
367
1
476
1
80
1
262
1
162
1
369
1
259
1
1081
1
232
1
214
1
592
1
231
1
166
1
91
1
331
1
220
1
61
1
916
1
488
1
69
1
157
1
568
1
81
2
160
1
476
1
249
1
626
1
530
1
221
1
588
1
368
1
78
1
13
1
154
1
448
1
128
1
62
1
90
1
90
1
479
1
56
1
26
2
77
1
167
1
408
1
11
1
34
1
37
1
66
1
1
1
248
2
490
1
41
1
26
1
504
1
117
1
45
1
69
1
1
1
68
1
158
1
523
1
44
1
44
1
203
1
435
1
79
1
44
1
79
1
172
1
484
1
3
1
112
1
35
1
413
1
103
1
2
1
92
1
114
1
44
1
114
1
166
1
415
1
66
2
736
1
47
1
10
1
68
1
181
1
167
1
288
1
31
1
825
1
658
1
368
1
659
1
78
1
168
1
477
1
83
1
78
1
172
1
556
1
80
1
76
1
439
1
143
1
226
1
578
1
4
1
65
1
2
2
157
3
552
1
21
1
70
1
1
1
329
2
394
1
69
1
68
1
11
1
170
1
76
1
641
1
258
1
320
1
151
1
78
1
258
1
307
1
14
1
327
2
465
1
95
1
250
1
521
1
35
1
79
1
244
1
412
1
1
1
68
1
81
1
412
1
13
4
230
1
65
1
67
1
78
1
273
1
1
2
292
1
21
1
74
1
325
1
397
1
47
1
33
1
2
1
144
1
638
1
24
1
238
1
499
1
386
1
415
1
142
1
184
1
478
1
332
1
342
1
294
1
244
1
389
1
23
1
150
1
427
1
3
1
71
1
157
1
65
1
82
2
335
1
318
1
231
1
64
1
490
1
868
1
21
1
15
1
691
1
117
1
144
1
92
1
634
1
825
1
170
1
342
1
131
1
84
1
154
1
167
1
270
1
118
1
94
1
507
1
2
2
295
1
419
1
1361
1
76
1
477
1
890
1
419
1
309
1
57
1
21
1
264
1
479
1
64
1
265
1
543
1
15
1
78
1
514
1
5
1
112
1
24
1
69
1
157
1
349
4
192
1
103
1
419
1
75
1
381
1
14
1
77
1
154
1
105
3
281
1
45
2
295
1
347
1
151
1
12
2
192
1
591
1
322
1
256
1
277
1
191
1
1449
1
94
1
518
1
138
1
578
4
716
1
75
1
255
2
55
1
68
1
13
1
78
1
260
1
262
1
192
1
15
1
141
1
12
1
445
1
65
1
69
1
69
1
1
1
64
1
603
1
69
1
68
1
1
1
978
1
716
1
569
1
83
1
79
1
170
1
344
1
1
1
73
1
645
3
378
1
337
1
550
1
154
1
448
1
270
1
12
1
525
1
783
1
138
1
15
1
649
1
326
1
345
1
216
1
154
1
557
1
25
1
303
1
362
2
126
1
11
1
583
1
224
1
835
1
20
1
34
1
69
1
79
1
588
1
46
1
251
1
546
1
33
1
152
1
169
1
1793
1
222
1
162
1
75
1
167
1
270
1
118
1
24
1
653
1
13
3
367
1
93
1
151
1
103
1
174
1
53
1
11
1
34
1
104
1
234
1
433
1
822
2
206
1
64
1
537
1
207
2
243
1
412
1
940
1
550
1
169
1
640
1
883
1
718
1
821
1
2430
1
1069
1
536
1
182
1
4863
1
1445
1
169
1
722
1
725
1
1625
1
3248
1
3224
1
2
1
806
1
4
1
3235
1
13
1
876
1
809
1
728
1
1606
1
90
1
5
1
712
1
90
1
1713
2
2251
1
814
1
811
1
811
1
79
1
1706
1
813
1
621
1
25
1
64
1
719
1
721
1
910
1
795
1
1801
1
1541
1
730
1
78
1
706
1
5
1
717
1
906
1
82
1
1708
1
728
2
716
1
2425
1
717
1
985
1
1546
1
85
1
80
1
648
2
80
1
884
1
6
1
1612
1
94
1
1351
1
86
1
730
1
804
1
91
1
730
1
808
1
157
1
1461
1
66
1
182
1
1
1
545
1
184
1
703
1
12
1
2
3
348
1
1439
1
86
1
1281
1
811
1
781
1
1897
1
982
1
4
1
89
1
176
1
451
1
806
1
470
1
250
1
1368
1
877
1
14
3
1694
1
903
1
358
1
717
1
88
1
357
1
5
1
175
1
633
1
85
1
561
1
162
1
803
1
732
2
1617
1
886
1
94
1
84
1
89
1
358
1
631
1
451
1
808
1
561
1
161
1
645
1
797
1
96
1
1693
1
92
3
1078
1
281
1
167
1
177
1
89
1
541
1
87
1
808
1
639
2
82
1
650
1
77
1
1524
1
262
2
637
1
174
1
549
1
256
1
986
1
543
1
85
1
1
1
559
1
79
1
76
1
730
1
170
1
809
1
638
1
170
1
1
1
715
1
95
1
555
1
14
1
789
1
167
1
175
1
92
1
372
1
167
1
266
1
88
1
179
1
361
1
560
1
79
1
81
1
86
1
562
1
160
1
896
1
1616
1
5
1
633
1
169
1
555
1
167
1
86
2
88
2
87
1
275
1
355
1
357
1
89
1
923
1
245
1
559
1
67
1
184
1
810
1
1365
1
93
1
808
1
880
1
267
1
355
1
272
2
559
2
972
1
83
1
645
1
802
1
175
1
568
2
63
1
822
1
83
1
804
1
802
1
358
1
537
2
561
1
1055
1
730
1
1464
1
1042
1
809
1
94
1
623
1
639
1
183
1
1435
1
21
1
1
1
55
1
277
1
87
1
86
2
297
1
420
1
458
1
260
1
479
1
331
2
1287
1
971
1
641
1
609
1
88
1
110
1
61
1
752
1
327
1
180
1
2
1
299
1
331
1
623
1
666
1
1137
1
1275
1
171
1
526
1
816
1
109
1
339
1
172
1
94
1
194
1
612
1
196
1
11
1
1
1
807
1
1048
1
904
1
558
2
249
1
2519
1
719
1
986
1
302
1
416
1
718
1
718
1
94
1
557
1
79
1
2
1
165
1
3
1
441
1
1267
1
89
1
289
1
512
1
184
1
173
1
541
1
211
2
235
1
180
1
2
1
87
1
628
1
1451
1
2
1
702
1
1897
1
892
1
903
1
177
1
906
1
10
1
173
1
75
1
639
1
12
1
78
1
809
1
174
1
634
1
1454
1
602
1
1183
1
346
1
180
1
107
1
821
1
163
1
633
1
11
1
79
1
706
1
1070
1
562
1
156
1
1266
1
364
1
1
1
75
1
364
1
369
1
436
2
185
1
26
1
159
1
1602
1
187
1
462
1
158
1
181
1
627
1
11
1
169
1
447
1
720
1
1094
1
728
1
76
1
4
1
345
1
299
1
83
1
80
1
255
1
467
1
67
1
1486
1
795
1
251
1
982
1
545
1
173
1
88
1
549
1
254
1
3
1
175
1
93
1
119
1
418
1
466
1
2429
1
171
1
1
1
544
1
24
1
79
1
79
1
635
1
701
1
1
1
109
1
81
1
163
1
570
1
69
1
2
1
166
1
1
1
637
1
809
1
2
1
810
1
153
1
548
1
442
1
550
1
77
1
90
1
91
2
397
1
798
3
78
1
257
1
270
1
2
1
199
1
77
3
153
1
16
1
636
2
64
1
102
1
1
1
639
1
522
1
83
1
118
1
81
1
2
1
806
1
4
1
515
1
288
1
1963
1
468
1
423
1
15
1
176
1
3
1
108
1
233
1
16
1
72
1
13
1
472
1
245
1
1
1
639
1
1551
1
588
1
216
1
57
1
798
1
1630
1
16
1
61
1
101
1
257
1
15
1
176
1
923
1
247
1
1155
1
96
1
126
1
146
1
978
1
995
1
363
1
260
1
183
1
284
1
1148
1
286
1
90
1
106
1
811
1
247
1
3146
1
354
1
86
1
719
1
1
1
390
2
703
1
169
1
183
1
270
1
1257
1
1446
1
435
1
2426
1
308
1
241
1
166
1
732
1
86
1
92
1
536
1
547
1
16
1
74
1
3
1
165
1
2
1
434
1
816
1
261
1
103
1
441
1
1439
1
389
2
156
1
1618
1
90
2
88
2
90
1
90
1
279
1
74
1
90
1
3
1
640
1
723
1
1778
1
744
1
64
1
91
1
3
1
73
1
731
1
558
1
25
1
224
1
901
1
469
1
1
1
52
1
27
1
73
1
90
1
559
1
507
1
300
1
515
1
178
1
273
1
531
1
374
1
257
1
387
1
3
1
75
1
1
1
337
1
389
1
236
1
492
1
13
1
132
1
734
3
435
1
88
1
94
1
263
1
90
1
437
1
121
1
956
1
456
1
84
1
132
2
157
2
336
1
394
1
75
1
78
1
627
1
809
1
102
1
650
1
13
1
794
1
160
1
76
1
450
1
527
1
11
1
5
1
178
1
85
1
96
1
32
1
324
1
478
1
583
1
198
1
31
1
1041
1
440
1
141
1
54
1
174
1
346
2
228
1
46
1
23
2
417
1
275
1
114
1
2
1
64
1
260
1
1210
1
1124
1
194
1
308
1
935
1
1080
1
275
1
208
1
158
1
256
1
553
1
256
1
356
1
454
1
471
1
512
1
201
1
445
1
89
1
89
1
113
1
3
1
144
1
258
1
102
1
526
1
106
1
485
1
126
1
450
1
231
1
3
1
670
1
205
1
716
1
253
1
1542
1
511
1
641
1
77
1
107
1
624
1
633
1
86
1
399
2
879
1
157
1
257
1
900
1
208
1
601
1
4
1
363
1
442
2
206
1
698
1
932
1
404
1
102
1
304
1
1625
1
69
1
1
1
1547
1
671
1
720
1
904
1
539
1
902
1
285
1
1608
1
37
1
68
1
413
1
288
1
33
1
1393
1
86
1
288
1
338
1
91
1
1
1
802
1
359
1
191
1
77
1
197
1
84
1
4
1
534
1
2
1
534
1
185
1
474
1
81
2
248
2
255
1
236
1
52
1
11
1
81
1
76
1
638
1
520
1
94
1
81
1
20
1
102
1
509
1
175
1
543
1
300
1
66
1
258
1
1007
1
89
1
84
1
4
1
537
1
548
1
727
1
3
1
248
1
488
1
152
1
513
1
86
1
42
1
683
1
2255
1
89
1
814
1
85
1
3
1
279
1
258
1
467
1
83
1
169
1
252
1
278
1
27
1
244
1
3
1
487
1
2
1
317
1
261
1
441
1
366
1
442
1
363
2
285
1
158
1
747
1
806
1
2
1
344
1
89
1
93
1
117
2
674
1
131
1
83
1
1060
1
349
1
80
1
58
1
63
1
250
1
258
1
93
1
205
1
1061
1
1
1
453
1
10
1
23
1
81
2
236
1
1299
1
574
1
101
1
133
1
864
1
91
1
671
1
1119
2
498
2
139
1
154
1
640
1
14
1
76
1
567
1
24
2
43
1
808
1
184
1
164
1
1439
1
270
1
902
1
630
1
407
1
1760
1
427
1
91
1
150
1
138
1
430
2
298
1
170
1
163
1
551
1
659
1
1
1
68
1
156
1
456
1
194
1
326
1
195
1
630
1
1193
1
162
1
171
3
451
1
44
1
797
1
883
1
713
1
95
1
1312
1
236
1
404
1
180
1
277
1
442
2
319
2
124
1
90
1
90
1
477
1
138
1
194
1
499
1
69
1
147
1
1254
1
91
1
287
1
1447
1
740
1
404
1
180
1
207
1
513
1
306
1
13
1
306
1
477
1
149
1
995
2
714
1
558
1
14
1
80
1
75
1
733
1
603
1
204
1
424
1
185
1
194
1
522
1
366
1
350
1
296
1
24
1
55
1
686
1
65
1
308
1
500
1
34
1
275
1
1
1
808
2
543
1
91
1
733
1
806
1
607
1
96
1
536
1
86
2
627
1
3
1
383
1
24
2
807
1
69
2
404
1
1131
1
228
1
95
1
452
1
916
1
501
1
11
1
291
1
78
1
156
1
376
1
92
1
33
1
3
1
1218
1
409
1
563
1
1258
1
913
1
167
1
181
1
383
1
421
1
216
1
322
1
101
1
900
1
4
1
85
1
1
1
131
1
41
1
708
1
372
1
504
1
68
1
328
1
1066
1
221
1
1613
1
141
1
26
1
332
1
304
1
77
1
66
1
26
2
634
1
146
1
25
2
350
1
85
2
132
1
804
1
409
1
4
1
478
1
234
1
2123
1
214
1
169
1
181
1
314
1
722
1
10
1
155
1
691
1
439
1
101
1
463
1
346
1
91
1
125
1
15
1
486
2
2157
1
442
1
219
2
713
1
11
1
3
2
63
1
262
1
345
1
136
1
63
1
170
1
167
1
719
1
504
1
33
1
194
1
441
1
134
1
4
1
485
1
324
1
65
1
786
1
22
1
45
1
22
1
658
1
670
1
464
1
531
1
285
1
476
1
1050
1
425
1
827
1
171
1
545
1
433
1
192
1
1278
1
707
1
431
1
180
1
90
1
378
1
93
1
343
1
201
1
786
1
101
1
729
1
173
1
1156
1
3
1
262
1
453
1
1
1
626
1
92
2
163
1
358
1
707
1
774
1
597
1
1349
1
538
1
21
1
507
1
247
1
66
1
598
2
73
1
30
1
809
1
434
1
2
1
419
1
21
1
32
1
240
1
476
1
138
1
194
1
559
1
1547
1
678
1
129
1
228
1
15
1
440
1
207
1
313
1
11
1
184
1
86
2
207
1
68
1
809
1
265
1
418
1
784
1
24
1
69
2
67
2
717
1
168
1
92
1
163
1
1788
1
629
1
11
1
256
1
873
1
308
1
183
1
316
1
14
1
389
1
882
1
320
1
80
1
68
1
12
1
2
1
413
1
221
1
80
1
168
1
92
1
453
1
798
1
1084
1
154
1
286
1
368
1
63
1
1003
1
1
1
316
1
13
1
386
1
3
1
558
1
323
1
320
1
80
1
136
1
180
1
180
1
1045
1
235
1
425
1
11
1
97
1
181
1
78
1
12
1
257
1
538
1
12
1
648
1
510
1
380
1
340
1
374
1
95
1
79
1
170
1
635
1
1
1
809
1
335
1
1045
1
64
1
263
1
242
1
279
1
843
1
225
1
101
1
272
1
291
1
335
1
91
1
75
1
642
1
76
1
267
1
100
1
27
1
244
1
435
1
56
2
42
1
275
1
640
1
334
1
244
1
407
1
885
1
288
1
44
1
309
1
244
1
101
1
145
1
145
1
695
1
115
2
244
1
182
1
215
1
411
1
423
1
55
1
739
1
13
1
44
1
600
1
164
1
555
1
309
1
340
1
975
1
219
1
15
1
317
1
75
1
258
1
157
1
6
1
295
1
511
1
2
1
138
1
432
1
212
1
25
1
22
1
453
1
720
1
2
1
715
1
1381
1
339
1
1277
1
250
1
492
1
64
1
727
1
24
1
138
1
521
1
123
1
25
1
139
2
141
1
549
1
530
1
253
1
375
1
270
1
163
1
788
1
327
1
467
1
95
1
154
1
91
1
346
1
213
1
250
1
716
1
438
1
151
1
658
1
4
1
122
1
164
1
592
1
74
1
127
1
13
1
1
1
590
1
100
1
181
1
183
1
406
1
1129
1
93
1
470
1
1057
1
1295
1
12
1
140
1
644
1
26
1
136
1
234
1
421
1
11
1
220
1
261
1
548
1
168
1
641
1
612
1
376
1
1194
1
84
1
79
1
75
1
93
1
793
1
360
1
152
2
784
1
10
1
387
1
197
1
86
1
125
1
10
1
81
1
318
1
90
1
3
1
882
1
474
1
425
1
144
1
852
1
284
1
165
1
645
1
452
1
32
1
656
1
164
1
1
1
137
1
336
1
185
1
122
1
22
1
139
1
66
1
366
1
212
1
502
1
3
1
372
1
10
1
821
1
150
1
1344
1
855
2
68
1
80
1
622
1
854
1
45
1
611
1
150
1
69
1
674
1
41
1
161
1
344
1
260
1
64
1
389
1
558
1
80
1
546
1
79
1
915
1
633
1
24
1
68
1
80
1
592
1
293
1
591
1
661
1
146
1
35
1
90
1
445
1
213
1
37
1
100
1
363
1
166
1
162
1
14
1
20
1
79
1
628
1
1275
1
182
1
273
1
15
1
77
1
260
1
466
1
405
1
268
1
450
1
282
1
208
1
12
1
1
1
53
1
441
1
90
1
84
1
64
1
14
1
554
1
2
1
250
1
469
1
325
1
285
1
102
1
355
1
79
1
20
1
21
1
332
1
1
1
254
1
159
1
72
1
66
1
13
1
246
1
92
3
302
1
10
1
3
1
68
2
81
1
76
1
576
1
310
1
498
1
59
1
159
1
91
1
155
1
101
1
197
1
47
1
53
1
80
1
696
1
180
1
275
1
548
2
170
1
521
1
681
1
323
1
256
1
94
1
143
1
149
1
15
1
337
3
1938
1
43
1
79
1
428
1
209
1
101
1
80
1
524
1
364
1
66
1
549
1
169
1
101
1
735
1
74
1
348
1
629
1
297
1
37
1
121
1
115
1
166
1
93
2
548
1
167
1
385
1
138
1
740
1
598
1
167
1
134
1
171
1
556
1
11
1
1
1
501
1
305
1
410
1
1
2
351
1
101
1
92
1
662
1
713
1
68
1
351
1
94
1
305
4
53
1
353
1
455
1
739
1
69
1
68
1
10
1
11
1
78
1
638
1
263
1
244
1
11
1
166
1
147
1
145
1
349
1
91
2
72
1
73
1
766
1
31
1
401
1
559
1
730
1
77
1
354
1
375
1
808
1
249
1
810
1
424
1
132
1
12
2
238
1
717
1
246
1
197
1
716
3
213
1
505
2
702
1
494
1
245
1
479
1
137
1
285
1
534
1
439
1
230
1
14
1
43
1
761
1
58
1
11
1
3
1
571
1
302
1
79
1
94
1
344
1
163
1
465
1
90
1
252
1
633
1
301
1
1163
1
377
1
340
1
547
1
336
1
1439
1
548
1
32
1
149
1
94
1
344
1
186
1
170
1
271
1
90
1
238
1
481
1
263
1
133
1
321
1
364
1
545
1
626
1
257
1
301
1
80
1
263
1
330
1
1023
1
416
1
380
1
185
1
507
1
69
1
1
1
43
1
442
1
366
1
79
1
11
1
261
1
340
1
139
1
683
1
464
1
310
1
147
1
77
1
90
1
91
1
75
1
288
1
446
1
331
1
132
1
13
1
1048
1
154
1
655
1
63
1
287
1
111
1
854
1
139
2
236
1
91
1
165
1
177
1
137
1
718
1
594
1
119
1
250
1
90
1
504
1
397
1
243
1
11
1
617
1
356
1
645
1
231
1
56
1
172
1
348
1
3
1
111
1
251
1
355
1
201
1
183
1
797
1
637
1
42
2
218
1
93
1
495
1
1
1
57
1
80
1
248
1
419
1
2
1
13
1
42
1
160
1
588
1
16
1
42
1
82
2
77
1
576
1
27
1
42
1
148
1
91
1
65
1
283
4
156
1
15
1
20
1
599
1
173
1
46
1
11
1
1
1
878
1
506
1
107
1
20
1
91
1
57
1
90
1
440
1
159
1
2
2
146
1
173
1
164
1
537
1
900
1
91
1
166
1
240
1
13
1
125
1
13
1
505
1
164
1
55
1
589
1
106
1
53
1
36
1
526
1
249
1
43
1
80
1
67
1
11
1
260
1
2
2
339
1
11
1
46
1
316
1
525
1
35
3
736
1
44
1
112
1
259
1
471
1
728
1
80
1
248
1
561
1
324
1
401
1
163
2
333
1
251
1
58
1
499
1
91
2
103
1
329
1
360
1
358
1
613
1
139
1
80
1
77
1
487
1
95
1
132
1
282
1
526
1
639
1
34
1
328
1
547
1
14
1
77
1
171
2
415
1
58
1
162
1
154
1
436
1
112
1
169
1
168
1
11
1
644
2
164
1
307
1
91
1
69
1
341
1
75
1
1018
1
35
1
65
1
147
1
23
1
259
1
377
1
15
1
131
1
603
1
1
1
33
1
101
1
15
1
76
1
76
1
537
1
33
1
83
1
691
1
32
1
588
1
267
1
10
1
531
1
526
1
11
1
503
1
215
1
181
1
166
1
87
1
143
1
12
2
383
1
15
1
319
1
237
1
166
1
91
1
457
1
78
1
181
1
387
1
10
1
12
2
55
1
14
1
158
1
613
1
33
1
752
1
219
1
692
1
845
2
234
1
275
1
296
1
1
1
144
1
273
1
236
1
151
1
1
1
236
1
91
1
320
1
144
1
93
1
257
1
1106
1
24
3
53
1
14
1
327
1
255
1
151
1
233
1
75
1
167
1
298
1
187
1
63
1
526
1
216
1
144
1
900
1
77
1
193
1
115
1
43
1
139
1
56
1
78
1
284
1
388
1
45
1
660
1
11
1
56
1
373
1
93
1
533
1
185
1
292
1
23
1
56
1
174
1
333
1
167
1
73
1
154
1
78
1
168
1
560
1
250
1
253
1
231
1
70
1
796
1
11
1
237
1
271
1
265
1
169
1
27
1
256
1
365
1
741
1
824
1
582
1
268
1
360
1
257
1
88
1
218
1
153
1
14
1
342
1
145
1
70
1
65
1
14
1
810
1
424
1
95
1
365
1
76
1
366
1
147
1
220
1
256
1
720
1
305
1
13
1
239
1
441
1
91
1
830
1
176
1
667
1
56
1
891
1
251
1
421
1
41
1
252
1
591
1
1
1
281
1
11
1
478
1
10
1
80
1
68
1
93
3
587
1
389
1
355
1
3
1
530
2
274
2
350
1
1437
1
3
2
1364
1
82
1
171
1
636
1
716
1
92
1
170
1
638
1
170
1
636
1
353
1
178
1
87
1
362
1
175
1
537
1
2248
1
182
1
650
1
1063
1
623
1
988
1
5
1
445
1
274
1
174
1
1442
1
810
2
712
1
826
1
1616
1
715
1
816
1
254
1
721
1
1619
1
649
2
874
1
823
1
77
1
809
1
812
1
355
1
89
1
93
1
911
1
1786
1
806
1
4
1
646
1
80
4
2506
1
449
1
90
1
94
1
5
1
80
1
2355
1
888
1
1
1
807
1
2343
1
708
1
100
1
164
1
1
1
723
1
814
1
81
1
726
1
83
1
651
1
159
1
1454
1
1064
1
548
1
165
2
541
1
100
1
890
1
734
1
967
1
718
1
992
2
1435
1
11
1
724
1
79
1
85
2
449
1
186
1
170
1
645
1
977
1
645
1
4
1
62
1
993
1
807
1
653
1
79
1
649
1
78
1
711
1
165
2
448
1
361
1
649
1
806
1
67
1
15
1
804
1
172
1
728
2
77
1
653
1
79
1
731
1
726
1
78
1
722
2
791
1
16
1
73
1
91
3
436
1
90
1
2
1
111
1
1236
1
717
1
811
1
547
1
262
1
2259
1
434
1
1349
1
1291
1
331
1
480
1
795
1
11
1
3
1
64
1
1539
1
250
1
92
1
1793
1
5
1
89
1
193
1
5
1
80
1
436
1
285
1
256
1
633
1
175
1
566
1
1047
1
639
1
741
1
55
1
276
1
463
1
1154
1
173
1
185
1
189
1
347
1
176
1
91
1
113
1
424
1
1268
1
175
1
553
1
12
1
1619
1
237
1
644
1
1062
1
89
1
94
1
180
1
920
1
2439
1
873
1
824
2
77
3
166
1
1
1
713
1
6
1
82
1
5
1
89
1
374
1
704
1
109
1
79
1
257
1
176
1
89
1
205
1
79
1
253
1
537
1
272
1
481
2
53
1
753
1
55
1
835
2
78
1
807
1
173
1
441
1
26
1
153
1
359
1
995
1
536
1
717
1
1294
1
873
1
262
1
811
1
636
1
169
1
457
1
626
1
198
1
427
1
1357
1
83
1
566
2
159
1
624
1
10
1
16
1
1042
1
809
1
809
1
549
1
444
1
630
1
84
1
182
1
629
1
639
1
624
1
10
1
1153
1
1434
1
187
1
489
1
131
1
181
1
813
1
85
1
385
1
79
1
802
1
621
2
95
1
104
1
80
1
168
1
477
1
78
1
158
1
93
1
1616
1
4
1
1378
1
1
1
77
1
80
1
894
1
93
1
88
1
88
2
280
1
1415
1
200
1
1
1
808
2
810
1
245
1
182
1
459
1
809
1
887
1
183
1
384
1
84
2
241
1
194
1
178
2
187
1
1
1
64
1
105
1
565
1
70
2
785
1
23
1
611
1
625
1
90
1
290
1
1
1
741
1
65
1
2431
1
63
1
284
1
267
1
2
1
187
1
170
1
534
1
889
1
631
1
97
1
103
1
78
1
3
1
1070
1
399
1
145
1
258
1
4
1
545
1
259
1
549
1
648
1
1
1
54
1
24
1
171
1
87
1
89
1
180
1
446
1
616
1
809
1
23
1
82
1
350
1
178
1
92
1
32
1
46
1
22
1
83
1
525
1
199
1
3
1
75
1
352
1
87
1
1029
1
413
1
1195
2
337
1
457
1
79
1
182
1
639
1
606
1
203
1
611
1
126
1
153
1
162
1
270
1
92
1
94
1
446
1
396
1
1223
1
441
1
911
1
93
1
268
1
287
1
250
1
615
1
22
1
1
1
810
1
81
1
252
1
719
1
184
1
808
1
308
1
412
1
362
1
447
1
452
1
991
1
2
1
266
1
92
1
447
1
615
1
540
1
6
1
181
1
27
1
73
1
4
1
1053
1
361
2
132
1
806
1
412
1
384
1
252
2
807
1
811
1
267
1
290
1
79
1
76
1
92
1
545
1
15
1
246
1
166
1
6
1
269
1
365
1
809
1
76
1
180
1
551
2
257
2
1119
1
877
1
95
1
887
1
356
1
202
1
414
1
269
1
109
1
261
1
77
1
96
1
383
1
328
1
628
1
105
1
567
1
3
1
238
1
169
1
558
1
1457
1
79
1
971
1
164
1
193
1
201
1
63
1
718
1
447
1
88
1
294
1
1234
1
396
1
158
1
2
1
154
1
95
1
560
1
73
1
78
1
96
1
1364
1
78
1
1259
1
281
4
254
1
725
1
493
1
311
1
886
1
423
1
220
2
436
1
1
1
208
1
162
1
348
1
460
1
1612
1
569
1
4
1
403
1
197
1
89
1
91
1
170
1
274
1
88
1
629
1
454
1
43
1
218
1
438
1
152
1
24
1
194
1
2
1
72
1
735
2
436
1
137
1
233
1
1376
1
160
1
650
1
493
1
11
1
5
1
292
1
138
1
285
1
86
1
90
2
537
1
1530
1
3
1
611
1
33
1
160
1
534
1
113
1
1320
1
1
1
363
1
649
1
10
1
137
1
89
1
281
1
5
1
804
1
91
1
537
1
1
1
1369
1
325
1
411
1
74
1
155
1
438
1
198
1
751
1
13
1
32
1
104
1
431
1
441
1
582
1
1
1
404
1
11
1
5
1
71
1
17
1
261
1
366
1
177
1
88
2
446
1
92
1
490
1
574
1
236
1
67
1
2126
1
288
1
430
1
94
1
531
1
821
1
447
1
35
1
416
1
1
1
719
1
489
1
812
1
68
1
1409
1
715
1
4
1
86
1
288
1
78
1
350
1
715
1
736
1
89
1
262
1
32
1
420
1
718
1
559
1
797
1
16
1
77
1
1329
1
114
1
1415
1
273
1
270
1
89
1
368
1
445
1
179
1
206
2
944
1
195
1
640
1
167
1
489
1
1
1
393
1
1082
1
196
1
836
1
143
1
92
1
1
1
257
2
274
1
450
1
179
1
633
1
298
1
812
1
328
1
474
1
330
1
2
1
453
1
35
2
64
1
79
1
809
1
171
1
1
1
259
1
193
1
353
1
2
1
256
2
274
1
10
1
24
1
237
1
548
1
92
3
73
1
548
1
186
1
258
1
85
1
89
1
211
1
145
1
529
1
199
1
798
1
21
1
599
1
107
1
352
1
3
1
345
1
1
1
354
1
362
1
298
1
13
1
1
1
1511
1
1074
1
2
1
551
1
31
1
208
1
568
1
512
1
3
1
86
1
1
1
274
1
1072
1
455
1
184
1
739
1
148
1
167
1
272
1
1
1
113
1
32
1
800
1
956
1
95
1
633
1
717
1
27
1
14
2
195
1
463
1
105
1
44
1
35
1
351
1
3
1
87
1
329
1
128
1
336
1
404
1
146
1
77
1
14
3
569
1
53
1
740
1
238
1
362
1
2
1
204
1
170
1
166
1
1178
1
30
1
13
1
45
1
428
1
472
1
66
1
191
1
185
1
272
1
79
1
529
1
210
1
824
1
66
1
170
1
638
1
172
1
510
1
299
1
555
1
170
1
2200
1
44
1
91
1
258
1
185
1
89
1
251
1
463
2
446
1
90
1
499
1
798
1
25
1
55
1
739
1
206
1
104
1
75
1
653
1
1863
1
101
1
231
1
397
1
185
1
84
1
143
1
488
1
88
1
344
1
763
1
809
1
68
1
981
1
637
1
93
1
554
1
82
2
593
1
145
1
794
1
10
1
5
1
678
1
138
1
400
1
87
1
1128
1
69
1
797
1
11
1
1612
1
52
1
116
1
637
3
52
1
89
1
359
1
1111
1
434
1
178
1
125
1
857
1
101
1
428
1
316
1
63
1
707
1
843
1
696
1
105
1
142
1
25
1
423
1
214
1
54
1
551
1
539
1
900
1
90
2
205
1
58
1
620
1
156
1
67
1
327
2
1219
1
385
1
574
2
155
1
482
1
65
1
247
1
629
1
461
1
198
1
616
1
89
1
128
1
498
1
1333
1
101
1
93
1
476
1
588
1
302
2
415
1
230
1
670
1
2
1
208
1
53
1
114
1
1622
1
438
1
129
1
236
1
261
1
164
1
369
1
15
1
1538
1
80
1
167
1
477
1
84
1
79
1
424
1
139
1
227
1
169
1
273
1
124
1
31
2
657
1
149
1
312
1
475
1
31
1
1
1
15
1
114
1
234
1
427
1
16
1
52
1
711
1
42
1
54
1
749
1
101
1
740
1
91
1
247
1
432
1
798
1
312
1
498
1
148
1
168
1
456
1
41
1
1
1
140
1
245
1
486
1
79
1
152
1
576
1
155
1
812
1
164
1
180
1
346
1
702
1
810
1
58
1
12
1
485
1
1007
1
117
1
77
1
258
1
400
1
151
1
166
1
499
1
58
3
734
1
10
1
569
1
464
1
1065
1
93
1
192
1
251
1
601
1
36
1
33
1
2
1
319
1
486
1
125
1
11
1
1001
1
397
1
1
1
320
1
474
1
834
1
60
1
402
1
471
1
95
1
584
1
298
1
363
1
218
2
408
2
470
2
247
1
476
1
1244
1
89
1
72
1
16
1
354
1
93
1
73
1
1294
1
971
1
1245
1
220
2
408
2
433
1
926
1
170
1
163
1
187
1
31
1
80
1
78
1
181
1
182
1
90
1
89
1
449
1
485
1
1026
1
12
1
545
1
31
1
12
2
193
1
24
4
573
1
584
1
86
1
1
1
219
1
693
1
266
1
167
1
419
1
391
1
400
1
234
1
182
1
74
1
15
1
89
1
354
1
185
1
462
1
10
1
577
1
242
1
217
1
78
1
743
1
438
1
151
1
45
1
431
1
4
1
372
1
24
1
70
1
77
1
589
1
465
1
1539
1
14
1
90
1
89
1
89
1
116
1
147
1
184
2
871
1
281
1
145
1
64
1
147
1
270
1
378
1
526
1
88
1
148
1
139
1
428
1
296
1
12
2
134
1
649
1
148
1
270
1
1449
1
195
1
89
1
89
1
93
1
10
1
12
4
143
1
900
1
66
1
281
1
231
1
2
1
69
1
804
1
84
1
429
1
86
2
151
2
139
1
738
1
661
1
63
1
137
1
339
1
267
1
76
1
295
1
91
1
912
1
89
1
89
1
119
2
234
1
156
1
89
1
657
1
486
2
151
1
519
1
1690
1
144
1
410
1
253
1
76
1
464
1
267
1
30
1
829
1
92
1
82
1
427
1
240
1
388
1
76
1
308
1
30
1
4
1
801
1
67
1
224
1
13
1
464
1
59
1
45
1
1216
1
93
1
192
1
149
1
715
1
129
1
250
1
362
1
53
1
47
1
819
1
521
1
239
1
47
1
341
1
166
1
289
1
728
1
30
1
6
1
42
1
22
2
586
1
1101
1
55
1
466
1
204
1
47
1
114
1
167
1
90
1
706
1
270
1
302
1
81
1
1166
1
89
1
278
1
260
1
256
1
155
1
6
1
803
1
7
1
806
1
3
1
33
1
520
1
255
1
11
1
20
1
21
1
4
1
875
1
432
1
444
1
823
1
169
1
165
1
277
1
33
1
338
1
387
1
48
1
373
1
93
1
1112
1
16
1
53
1
761
1
455
1
357
1
842
1
250
1
180
1
181
2
275
1
92
1
576
1
799
1
420
1
470
1
339
1
92
2
162
1
178
1
841
1
252
1
334
1
821
1
162
1
466
1
342
1
648
1
196
1
21
1
13
1
397
1
305
1
34
1
13
1
79
1
284
1
1089
1
199
1
79
1
351
1
703
1
480
1
252
1
334
1
629
1
191
1
290
1
79
1
258
1
1140
1
82
3
702
1
34
1
45
1
161
1
1079
1
180
1
105
1
26
1
67
1
78
1
351
1
1173
1
10
1
252
1
244
1
629
1
1903
1
74
1
86
1
69
1
1
1
213
1
90
1
345
1
51
1
10
1
401
1
909
1
180
1
200
1
324
1
105
1
305
1
307
1
468
1
47
1
134
1
1479
1
13
2
720
1
73
1
12
1
648
1
231
2
650
1
51
1
104
1
124
1
90
1
168
1
379
1
103
1
348
1
76
1
103
1
199
1
431
1
342
1
439
1
345
3
874
1
3
1
212
1
448
1
88
1
21
1
181
1
809
1
169
1
504
1
808
1
69
1
236
1
910
1
811
1
456
1
262
1
255
1
1439
1
617
1
536
1
297
2
257
1
322
1
68
1
404
1
265
1
782
1
70
1
91
1
172
1
256
1
298
1
421
1
295
1
173
1
797
1
248
1
388
1
251
1
1160
1
91
1
1
1
133
1
569
1
380
1
11
1
956
1
105
1
255
1
126
1
30
1
6
1
3
1
220
1
94
1
254
1
196
1
615
3
191
1
184
1
624
1
186
1
248
1
153
1
219
1
30
1
1124
1
165
1
357
1
547
1
191
1
112
1
36
1
376
2
408
2
55
1
80
1
659
1
507
1
89
1
149
1
60
1
45
1
35
1
77
1
350
1
366
1
14
1
77
1
262
1
323
1
392
1
374
1
251
1
557
1
114
1
229
1
64
1
516
1
112
1
191
1
275
1
155
1
378
1
376
1
54
1
636
1
138
1
96
1
63
1
15
1
658
1
54
1
14
1
157
1
349
1
91
2
122
1
23
1
58
1
161
1
260
1
163
1
386
1
793
1
168
1
502
1
1
1
811
1
1296
1
264
1
125
1
646
1
820
2
45
1
625
2
207
2
418
1
164
1
165
1
1183
1
502
1
2
1
933
1
106
1
646
1
418
1
706
1
831
1
993
2
209
1
417
1
74
1
311
1
57
1
809
1
750
1
589
1
76
1
142
1
82
1
1
1
159
1
1160
1
70
1
154
1
707
1
148
1
105
1
255
1
180
1
373
1
255
1
182
1
613
1
14
1
386
1
57
1
259
1
13
1
406
1
219
1
516
1
110
1
31
1
895
1
131
1
559
1
442
1
184
1
626
1
467
1
93
1
565
1
244
1
255
1
182
1
92
1
20
1
22
1
1210
1
244
1
129
1
499
1
330
1
10
1
58
1
26
1
66
2
223
1
191
1
228
1
10
1
287
1
533
1
57
1
244
2
346
3
182
1
912
1
1160
1
182
1
370
1
257
1
455
1
327
1
309
1
342
1
66
1
549
1
37
1
804
1
809
1
238
1
537
1
363
1
322
1
145
1
92
1
424
1
384
1
257
1
90
1
229
1
69
4
52
1
104
1
323
1
988
1
131
1
10
1
12
2
33
1
36
1
77
1
169
1
639
1
1
1
586
1
221
1
64
1
11
1
731
2
341
1
72
1
311
1
81
1
82
1
1547
1
246
1
90
1
90
1
1
1
112
1
102
1
242
1
244
1
249
1
76
1
64
1
79
1
78
1
467
1
116
1
303
1
430
1
71
1
57
1
95
1
656
2
488
1
377
1
79
1
718
1
248
1
445
1
22
1
126
1
714
1
175
1
153
1
271
1
153
1
53
1
11
1
2
1
406
1
166
1
235
1
145
1
546
1
116
1
734
1
59
1
69
1
92
1
77
1
258
1
393
3
131
1
282
1
238
1
27
1
192
1
337
1
229
1
128
1
541
1
127
1
42
1
1
1
24
1
451
1
287
1
41
1
27
1
112
1
520
1
105
1
69
1
287
1
482
1
70
1
11
1
1
1
411
1
72
1
358
1
283
1
375
1
41
1
141
1
158
1
156
1
411
1
165
1
243
1
482
1
161
1
257
1
720
1
648
1
475
1
22
2
57
1
600
1
175
1
192
1
354
1
233
1
72
1
410
1
401
1
31
1
113
1
415
1
472
1
93
2
484
1
230
1
465
1
183
1
45
1
465
3
957
3
66
1
79
1
170
1
638
1
77
1
567
1
21
1
3
1
203
1
365
2
716
1
165
1
188
1
79
1
33
1
695
1
20
1
173
1
77
1
77
1
14
1
332
1
306
1
233
1
101
1
166
1
153
1
12
1
141
1
334
1
206
1
252
1
169
1
90
1
91
1
466
1
93
1
345
1
292
1
64
1
180
1
409
1
11
1
1
1
217
1
352
1
534
1
90
1
91
1
375
1
983
1
77
1
92
1
498
1
1
1
773
1
33
1
140
1
78
1
76
1
408
1
150
1
94
1
337
1
75
1
16
1
203
1
14
1
143
1
592
1
70
1
44
1
36
1
76
1
258
1
90
1
90
1
254
1
35
1
693
1
1173
1
718
1
435
1
530
1
278
1
295
1
635
1
21
1
11
1
70
2
32
1
10
1
104
1
349
2
544
1
180
1
218
1
82
1
508
1
381
1
155
1
258
1
278
1
45
1
652
1
153
1
36
1
270
1
12
1
501
1
463
1
821
1
527
1
458
1
225
1
2
1
53
1
92
1
350
3
283
1
627
1
44
1
69
1
81
1
76
1
593
1
215
1
259
1
91
1
295
1
15
1
145
1
588
1
69
1
69
1
751
1
309
1
256
1
527
1
596
1
810
1
145
1
168
1
653
1
487
1
669
1
137
1
13
1
476
1
285
1
113
1
35
1
374
1
976
1
86
1
158
1
134
1
338
1
378
1
24
1
213
1
25
3
542
1
836
1
405
1
235
1
310
1
103
1
384
1
104
1
1
1
43
1
181
1
94
1
164
1
206
1
139
1
43
1
67
1
169
1
90
1
436
1
44
1
80
1
248
4
281
1
90
1
831
1
307
1
490
1
162
4
74
1
456
1
127
1
794
1
12
2
135
1
1258
1
117
1
30
1
198
1
100
1
11
1
94
1
532
1
68
1
374
2
1
1
387
1
79
1
247
1
285
1
90
1
498
1
482
1
236
1
573
1
433
1
154
1
561
1
264
1
126
2
326
1
342
1
225
1
171
1
255
1
138
1
150
1
170
1
168
1
180
1
381
1
731
1
79
1
413
1
149
1
59
1
159
1
105
2
451
1
262
1
1377
1
298
1
23
1
1319
2
56
1
13
1
79
1
78
1
54
1
116
1
254
1
222
1
214
1
372
1
447
1
12
1
259
1
627
1
734
1
168
1
408
2
774
1
718
1
124
1
35
1
532
1
147
1
233
1
338
1
322
1
211
1
22
1
94
1
478
1
159
1
810
1
335
1
308
1
318
1
628
1
105
1
167
1
243
1
164
1
555
1
88
1
475
1
333
1
292
1
157
1
101
1
318
1
21
1
139
1
81
1
247
1
90
1
92
1
182
1
32
1
67
1
106
1
333
1
380
1
78
1
78
1
180
1
389
1
12
1
498
1
308
1
69
1
56
1
832
1
94
1
1303
1
152
1
2
1
1662
1
830
1
91
1
695
1
114
1
257
1
90
1
207
1
253
1
566
1
69
1
67
1
105
1
260
1
150
1
165
2
879
1
1
1
312
1
16
1
323
1
1267
1
447
1
555
1
150
1
486
1
1118
1
80
1
420
1
184
1
214
1
69
1
79
1
353
1
320
1
213
1
90
1
386
1
31
1
485
1
361
1
31
1
676
1
30
1
125
1
301
1
1203
1
161
1
673
1
2188
1
389
2
621
1
183
1
226
1
105
1
261
1
156
1
1
1
32
1
750
1
58
1
265
2
350
1
202
1
80
1
56
1
500
1
138
1
692
1
13
1
643
1
162
1
311
1
350
1
1083
1
23
1
146
1
477
1
101
1
1131
1
487
1
80
1
595
1
100
1
714
1
257
1
1
1
704
1
15
1
254
1
1624
2
386
1
329
1
1289
1
1141
1
455
1
91
1
730
1
154
1
11
1
718
1
536
1
84
1
107
1
1151
1
1
1
2099
1
2
1
235
1
558
1
890
1
78
1
14
1
636
1
515
1
814
1
89
1
535
1
2
1
722
1
804
1
3
2
553
1
1633
1
785
1
887
1
360
1
6
1
89
1
539
1
356
1
537
1
474
1
246
1
808
1
557
1
798
1
91
1
171
1
571
1
2038
1
1078
1
359
1
562
1
2676
4
1341
1
916
1
347
1
380
1
79
1
1620
1
976
1
808
1
558
1
254
1
568
1
891
1
79
1
633
1
3
1
154
1
180
1
89
1
183
1
199
1
248
1
640
1
81
1
728
1
164
1
1437
1
755
2
52
1
187
1
553
1
12
1
1606
1
165
1
175
1
1168
2
357
1
565
1
61
1
2455
1
807
1
78
1
638
1
809
1
249
1
90
1
180
1
87
1
283
1
165
1
627
1
97
1
83
1
547
1
993
1
652
1
239
1
542
1
912
1
250
1
1282
1
515
1
91
1
264
1
181
1
1368
1
172
1
1463
1
78
1
725
1
237
1
718
1
809
1
744
1
528
4
275
2
808
2
336
1
472
1
519
1
185
1
183
1
167
1
563
2
77
1
258
1
398
1
411
1
365
1
32
1
1688
2
351
1
88
1
88
1
278
1
66
1
105
1
344
1
370
1
718
1
531
1
2
1
218
1
150
3
163
1
182
1
536
1
653
1
79
1
259
1
364
1
79
1
90
1
90
1
1459
2
173
1
86
1
268
1
1172
1
530
1
182
1
92
2
346
1
305
1
4
1
412
1
374
1
904
3
77
1
646
1
330
1
718
1
183
1
385
1
80
1
529
1
89
2
894
1
79
1
105
1
350
1
456
1
261
1
85
1
92
1
87
1
453
1
463
1
903
1
2
1
153
1
583
1
1
1
146
1
1071
2
372
1
92
1
168
1
451
1
106
1
2
1
685
1
1093
1
527
1
124
1
62
1
92
2
258
1
387
1
81
1
1
1
77
1
1
2
726
1
79
1
662
2
65
1
66
1
181
1
468
1
249
1
571
1
163
1
536
1
109
1
156
1
445
1
538
1
532
1
22
1
520
1
88
1
540
1
387
1
329
1
537
1
22
1
742
1
809
1
146
1
261
3
1087
1
107
1
1
1
65
1
259
1
561
2
77
1
533
1
93
1
26
1
414
1
811
1
626
1
95
1
488
2
144
1
979
1
901
1
2
1
713
1
373
1
109
1
692
1
117
1
78
1
429
1
89
1
206
1
79
1
3
1
1147
1
1210
1
2
1
1216
1
642
1
169
1
622
1
276
1
185
1
109
2
156
1
4
1
73
1
548
1
356
1
174
1
384
1
1146
1
809
1
640
1
730
1
76
1
4
1
164
1
2
1
636
1
616
1
630
1
12
1
109
1
1
1
509
1
461
1
253
1
272
1
116
1
1061
1
168
2
401
1
406
2
808
1
1
1
398
1
797
1
1419
1
278
1
536
1
85
1
3
1
117
1
144
1
648
1
16
1
14
2
808
1
223
1
1399
1
764
1
20
1
23
1
221
1
74
1
1464
1
331
1
191
1
122
1
224
1
467
1
447
1
480
1
235
1
887
1
513
1
567
1
93
1
147
1
1608
1
71
1
727
1
161
1
423
1
359
1
10
1
275
1
179
1
444
1
90
1
1
1
481
1
42
1
192
1
2
1
715
1
2065
1
192
1
91
1
12
2
325
1
182
2
992
1
33
1
315
1
269
1
556
1
88
1
89
1
307
1
319
1
482
1
42
1
192
1
2
1
344
1
226
1
3
1
869
1
525
1
84
1
3
1
719
1
226
1
73
1
158
1
348
1
216
1
1306
1
89
1
210
1
10
1
47
1
729
1
35
1
43
1
766
1
238
1
807
2
442
1
138
1
32
1
457
1
351
1
21
1
12
2
144
1
14
1
1365
1
329
1
559
1
742
1
330
1
86
1
89
1
287
1
14
1
810
1
1696
2
161
1
435
1
906
1
532
1
309
1
11
1
149
1
65
1
916
1
173
1
721
1
89
1
88
1
1
1
446
1
1461
1
597
1
129
1
504
1
317
1
151
1
426
1
230
1
148
1
1793
1
178
1
84
1
89
1
167
1
21
1
169
1
93
1
267
1
88
1
86
1
34
1
236
1
91
1
346
1
135
1
234
1
650
1
80
1
342
1
390
1
51
1
26
1
805
1
157
1
185
1
317
1
147
1
344
1
804
1
548
1
95
1
543
1
169
1
452
1
449
1
165
1
315
1
76
1
892
1
424
1
719
1
814
1
293
1
23
1
55
1
436
1
316
1
1132
1
1432
1
14
1
166
1
77
1
401
1
67
1
11
1
56
1
26
1
166
1
1879
1
217
1
332
1
171
1
317
1
80
2
240
1
169
1
316
1
55
1
728
1
354
2
479
1
241
1
585
1
127
1
67
1
191
1
418
1
61
2
422
1
87
2
239
1
57
1
705
1
103
2
71
2
152
1
15
2
566
2
70
1
76
1
599
1
60
1
1
1
68
1
809
1
658
1
784
1
509
1
309
1
31
1
1
1
195
1
597
1
132
1
11
1
443
1
73
1
295
2
164
1
91
1
479
1
70
3
167
1
511
1
127
1
726
1
509
1
311
1
729
1
237
1
578
1
218
1
656
1
51
1
659
1
27
1
2
1
49
1
16
1
339
1
545
1
2
1
256
2
165
1
251
1
131
1
2
1
166
2
74
1
432
1
130
1
614
1
64
1
376
1
433
1
647
1
140
1
934
1
539
1
641
1
315
1
69
1
74
1
353
1
85
1
186
1
187
1
73
1
95
1
86
1
406
1
14
1
126
1
680
1
2
1
11
1
771
1
23
1
194
1
105
1
1296
1
215
1
24
1
2
1
567
1
71
1
591
1
146
1
7
1
872
1
62
1
361
1
183
1
183
1
266
1
342
1
210
1
254
1
473
1
846
1
296
1
166
1
550
1
91
1
76
1
180
1
266
1
100
1
104
2
62
1
577
1
62
1
438
1
737
1
362
1
624
1
451
1
809
1
483
1
69
1
14
1
1513
1
1716
1
62
1
674
1
71
1
339
1
895
1
886
1
246
1
111
1
649
1
159
1
763
1
45
1
682
1
11
1
114
1
180
1
538
1
34
1
77
1
93
2
241
1
179
1
821
1
131
2
412
1
398
1
122
1
191
1
478
1
834
2
1193
1
560
1
170
1
349
1
4
1
134
1
242
1
1
1
243
1
185
1
284
1
92
1
704
1
360
1
89
1
810
1
89
1
2
1
794
1
108
1
443
2
1072
1
122
1
24
1
66
1
971
1
2
1
531
1
32
1
46
1
626
1
127
1
157
1
91
1
810
2
543
1
79
1
444
1
86
1
1
1
220
1
410
1
476
1
406
1
309
1
252
1
1
1
75
1
349
1
128
1
25
1
149
1
63
1
16
1
962
1
411
1
412
2
413
1
2
1
566
1
16
1
691
1
487
1
141
1
594
1
135
1
12
1
602
1
465
1
77
1
106
1
121
1
95
1
408
1
1
1
282
1
52
1
6
1
53
1
216
1
105
2
474
1
14
1
574
1
127
1
44
1
14
1
43
1
730
1
5
1
48
1
10
1
431
1
1123
1
52
1
328
1
503
1
125
1
281
1
400
1
499
1
237
1
828
1
631
1
370
1
567
1
175
1
658
1
497
1
383
1
77
3
631
1
42
1
48
1
160
1
654
1
156
1
658
1
748
1
62
1
735
1
11
1
26
1
444
1
273
1
30
1
33
1
381
1
383
1
44
1
129
1
728
3
745
1
59
1
2
1
234
1
1334
1
208
4
343
1
299
1
738
1
82
1
46
1
529
1
12
1
160
1
58
1
228
1
90
1
91
1
975
1
128
1
425
1
74
1
331
1
153
1
512
1
464
3
489
1
7
1
103
1
179
1
359
1
226
1
159
2
343
1
197
1
865
1
1
1
649
1
262
1
916
1
166
1
385
1
45
1
902
1
280
1
89
1
89
1
178
1
52
1
2
1
214
1
11
1
578
1
71
1
969
1
811
1
543
1
101
1
728
1
164
2
79
2
1512
1
90
1
12
1
169
1
614
1
294
1
89
1
89
1
1704
1
866
1
54
1
515
1
89
1
101
1
31
1
58
1
435
1
87
1
194
1
69
1
46
1
66
1
1059
1
408
1
801
2
236
1
90
1
90
1
179
1
89
1
74
1
47
1
234
1
92
3
151
1
89
1
89
1
154
1
227
1
438
1
97
1
910
1
92
2
342
1
281
1
20
1
165
1
739
1
65
1
249
1
1620
1
525
1
112
1
90
1
181
1
178
1
95
1
25
1
122
1
204
1
1066
1
381
2
65
1
456
1
288
1
622
1
600
1
254
1
67
1
125
1
569
1
32
1
206
1
10
1
440
1
163
1
743
1
349
1
114
1
90
1
89
1
88
1
106
1
982
2
64
1
104
1
488
1
34
1
117
1
51
1
462
1
538
1
182
1
75
1
118
1
114
1
741
1
134
1
2520
1
349
1
242
1
571
1
238
1
362
1
27
1
691
1
281
1
237
1
82
1
116
1
620
1
39
1
34
1
23
1
113
1
336
1
218
1
30
1
799
1
21
1
746
1
69
1
124
1
250
1
996
1
89
1
152
1
219
1
257
1
345
1
863
1
216
1
12
1
347
1
347
1
22
1
637
1
172
1
810
1
442
1
101
1
30
1
81
1
578
1
138
1
103
1
140
1
77
1
580
3
53
1
103
1
76
1
360
1
106
1
106
1
493
1
89
1
128
1
410
1
496
1
64
1
157
1
12
1
695
1
371
1
629
1
501
1
3
1
575
1
289
1
158
1
901
1
91
1
328
1
230
1
585
1
1
1
645
1
149
1
10
1
4
1
33
1
91
1
169
1
77
1
561
1
1562
1
774
1
36
1
723
1
663
1
1
1
299
1
1144
1
538
1
271
1
76
1
89
1
553
1
547
1
416
1
392
1
518
1
290
1
636
1
117
1
213
1
521
1
653
1
262
1
181
1
182
1
263
1
30
1
250
1
593
1
1104
1
104
3
392
1
22
1
58
1
126
1
89
1
89
1
1091
1
177
1
749
1
20
1
22
1
1279
1
90
1
2
1
87
1
299
1
635
1
58
1
361
1
991
1
174
1
56
1
54
1
80
1
741
1
124
1
113
1
510
1
14
1
541
1
207
1
809
1
115
2
737
1
69
1
490
1
284
1
21
1
11
1
789
1
78
1
663
1
64
1
237
1
11
1
181
1
180
1
423
1
594
1
124
1
809
1
116
1
634
1
637
1
607
1
362
1
751
1
319
1
356
1
125
1
77
1
647
1
12
2
304
1
11
1
181
1
90
1
629
3
405
1
70
1
1561
1
43
1
256
1
461
1
32
1
963
1
64
1
579
1
149
1
174
2
463
1
93
1
77
1
966
1
193
1
154
1
26
1
82
1
339
1
22
1
569
1
498
1
719
1
481
1
625
1
101
1
241
1
262
1
249
1
140
1
655
1
12
1
466
1
571
1
155
1
733
1
166
1
167
1
242
1
58
1
316
1
115
3
87
1
227
1
285
1
517
1
66
1
82
1
333
1
227
1
166
2
41
1
450
1
209
1
58
1
554
1
265
1
1175
1
405
1
318
1
735
1
542
1
250
1
168
1
12
1
90
1
64
1
24
1
195
1
26
1
146
1
234
1
494
1
66
1
15
1
141
1
585
1
158
1
577
1
26
1
45
1
416
1
333
1
23
1
10
1
23
1
67
1
168
1
274
1
101
1
41
1
59
1
21
1
1127
1
479
1
823
1
225
1
487
1
151
1
12
1
340
3
61
1
471
1
185
1
431
1
541
1
334
1
12
1
281
1
560
1
11
1
405
1
539
1
11
1
833
1
638
1
683
1
111
1
92
1
335
1
218
1
150
1
25
1
79
1
412
1
315
2
64
1
184
2
462
1
93
1
749
1
221
1
564
1
410
1
447
1
21
1
523
1
273
1
196
1
498
1
113
1
690
1
223
1
334
1
103
1
164
1
53
2
785
1
26
1
471
1
229
1
219
1
1721
1
498
1
38
1
287
1
256
1
312
1
806
2
416
1
276
1
52
1
389
1
77
1
298
1
171
1
353
1
374
1
21
1
47
1
169
1
639
1
22
1
45
1
705
2
1513
1
231
1
14
1
78
1
166
1
333
1
303
1
500
1
232
1
334
1
89
1
12
1
373
1
152
1
102
1
387
1
58
1
765
1
67
1
134
1
22
1
1158
1
369
1
648
1
985
1
78
1
349
2
725
1
218
1
15
1
53
1
984
1
563
1
22
1
365
1
835
1
416
1
26
1
112
1
418
1
1143
1
103
1
36
2
153
1
513
1
464
1
230
1
11
1
1399
1
303
1
391
1
89
1
89
1
26
1
147
1
139
1
807
1
84
1
62
1
360
1
381
1
3
1
805
1
3
1
573
1
94
2
135
1
433
1
202
1
499
1
1642
1
206
1
96
1
155
1
351
1
380
1
622
1
31
1
80
1
206
1
113
1
706
1
104
2
522
1
112
1
590
1
68
1
583
1
262
1
440
1
340
1
5
1
316
1
76
1
409
1
139
1
11
1
157
1
1314
1
69
1
159
1
142
1
432
1
3
1
55
1
250
1
502
1
215
1
526
1
66
1
139
1
584
1
38
1
44
1
1
1
56
1
161
1
257
1
194
1
171
1
352
1
568
1
78
1
580
2
24
1
124
1
660
1
23
1
45
1
54
1
681
1
492
1
320
1
55
1
1062
1
383
1
113
1
141
1
77
1
348
1
811
1
135
1
151
1
433
1
315
1
82
1
65
1
183
1
373
1
139
1
47
1
78
1
783
1
578
1
580
1
13
1
91
2
121
1
91
1
14
1
55
1
327
1
78
1
331
1
15
1
306
1
64
1
400
1
749
1
28
1
620
1
395
1
155
1
273
1
143
1
84
1
161
1
531
1
113
1
68
1
717
1
264
1
1375
1
14
1
55
1
249
1
559
1
237
1
1229
1
59
1
106
1
146
1
76
1
270
1
254
1
57
1
394
1
12
1
90
1
135
1
26
1
202
1
913
1
717
1
1251
1
287
1
249
1
966
1
471
1
439
1
300
1
763
1
732
1
387
1
351
1
193
1
171
1
75
1
270
1
148
1
71
1
2
2
1292
1
332
1
755
1
519
1
331
1
728
1
10
1
95
1
56
1
959
1
167
1
377
1
22
1
80
1
262
1
421
1
296
1
1053
1
89
1
12
1
288
1
158
1
168
1
423
2
795
1
387
1
421
1
82
2
241
1
509
1
795
1
1040
1
76
1
15
1
421
1
296
1
473
1
1494
1
366
1
236
1
340
1
10
1
220
1
577
1
80
1
84
1
122
1
10
1
104
1
567
1
148
1
168
1
434
1
284
1
423
1
55
1
12
1
249
1
92
1
394
1
26
1
123
1
669
1
218
1
78
1
967
1
114
1
91
1
512
1
594
1
715
1
48
1
169
1
660
1
901
1
79
1
503
1
67
1
66
1
530
1
117
1
251
1
247
1
655
1
232
1
23
1
65
1
129
1
341
1
809
1
90
1
386
1
1929
1
114
1
417
1
559
1
317
1
38
1
795
1
149
1
624
1
20
1
230
1
337
1
253
1
126
1
327
1
24
1
344
1
125
1
78
1
155
1
13
1
396
1
84
1
144
1
650
1
891
1
811
1
582
1
164
1
80
1
54
1
195
1
312
1
327
1
794
1
638
1
79
1
169
1
181
1
65
1
25
1
123
1
230
1
338
1
561
1
477
1
187
1
236
1
498
1
387
1
410
1
231
1
167
1
420
1
412
1
384
1
15
1
212
1
821
1
349
1
368
1
12
1
604
1
180
1
25
1
338
2
328
1
389
1
63
1
342
1
12
2
57
1
496
1
208
1
46
1
44
1
763
1
742
1
467
1
453
1
158
1
103
1
374
1
113
1
2
1
43
1
103
1
171
1
485
1
152
1
811
1
76
1
167
1
1166
1
350
1
12
1
487
1
324
1
508
1
35
1
679
1
48
1
22
1
226
1
196
1
1151
1
125
1
65
1
185
1
402
1
571
1
810
1
76
1
15
2
142
1
95
1
56
1
329
1
706
1
1208
1
183
1
658
1
72
1
81
1
413
1
288
1
106
1
63
1
14
1
168
1
641
1
424
1
116
1
101
1
15
1
67
1
416
1
346
1
205
1
257
1
76
1
14
1
627
1
467
1
238
1
708
1
22
1
673
2
43
1
440
1
106
1
54
1
2508
1
3
1
68
1
157
1
604
1
205
1
257
1
91
1
253
1
360
1
12
1
1787
1
323
1
23
1
626
1
70
1
326
1
76
1
538
1
195
1
794
1
180
1
227
1
92
1
2
1
69
1
157
1
555
1
48
1
205
1
154
1
433
1
2
1
385
1
1301
2
795
1
243
1
420
1
396
1
91
1
316
1
71
1
330
1
1284
1
14
1
54
1
12
2
326
1
641
1
234
1
116
1
237
1
2
1
217
1
64
1
78
1
23
1
244
1
567
2
240
1
951
1
103
1
70
1
54
1
923
1
182
1
297
1
484
1
11
1
196
1
42
1
660
1
229
1
2
1
22
1
43
1
159
1
486
1
219
1
10
1
682
1
139
1
1
1
143
1
347
1
317
1
77
1
2
1
51
1
676
1
491
1
163
1
127
1
10
1
14
1
42
1
786
2
159
1
715
1
786
1
102
1
77
1
180
1
207
1
103
1
81
2
78
2
337
2
122
1
49
1
63
1
2
1
215
1
169
1
66
1
229
1
124
2
125
1
91
1
888
1
376
1
123
1
571
1
215
1
10
1
138
1
351
1
1
1
336
1
58
1
1564
1
227
1
464
1
116
1
68
1
238
1
167
1
90
1
239
1
2
1
55
1
46
1
374
2
263
1
191
1
327
1
354
1
58
1
83
1
78
1
543
1
45
1
57
1
214
1
24
1
166
1
379
1
430
1
570
1
66
1
479
1
914
1
737
1
1
1
71
1
64
1
171
1
76
1
480
1
254
1
242
1
256
1
123
1
617
1
205
1
645
1
10
1
11
1
58
1
239
1
417
1
93
1
557
1
156
1
70
1
11
1
161
1
533
1
196
1
79
1
42
1
100
1
105
1
465
1
14
1
64
1
56
1
36
1
244
1
332
1
567
1
207
1
251
1
93
2
256
2
204
1
330
1
183
3
232
1
108
1
31
1
172
1
732
1
413
1
148
1
404
1
256
1
147
1
95
1
238
1
64
1
503
1
226
1
14
1
169
1
313
1
288
1
113
1
167
1
642
1
502
1
309
1
255
1
276
1
260
1
418
1
233
1
79
1
324
1
230
1
32
1
58
1
12
1
214
1
1550
1
90
1
91
1
305
1
96
1
691
1
101
1
161
1
876
1
661
1
510
1
185
1
351
1
181
1
275
1
124
1
395
1
167
1
190
1
270
1
105
2
382
1
500
1
250
1
26
1
124
1
44
1
387
1
421
1
203
1
167
1
321
1
115
1
100
1
103
1
465
1
251
1
168
1
180
1
186
1
532
1
90
1
311
3
53
1
351
1
93
1
60
1
658
1
160
1
234
1
216
1
347
1
120
1
239
1
510
1
160
1
13
1
808
1
1136
1
734
1
1377
1
68
1
339
1
93
1
70
1
541
1
106
1
170
1
282
1
92
1
65
1
104
1
252
1
304
1
82
1
1079
1
252
1
100
1
23
1
326
1
329
1
310
1
903
1
165
1
330
1
634
1
748
1
719
1
170
1
441
1
798
1
444
1
45
1
58
1
45
1
521
1
134
1
26
1
100
1
531
1
380
1
78
1
888
1
271
1
239
1
545
1
88
1
630
1
341
1
494
2
170
1
520
1
526
1
192
1
472
2
619
1
357
1
185
1
521
1
103
1
561
1
77
2
519
1
212
1
75
1
2
1
713
1
22
2
409
1
398
1
2
1
67
1
248
1
478
1
422
1
1276
1
533
2
86
2
360
2
252
1
1114
1
234
1
732
1
260
1
386
1
85
1
76
1
261
1
352
1
855
1
1
1
54
1
353
1
468
1
248
1
557
1
156
1
572
1
146
1
821
1
355
1
174
1
2
1
119
1
53
1
271
1
92
1
550
1
809
1
729
1
79
1
168
1
535
1
24
1
248
1
492
1
67
1
248
1
557
2
171
1
556
1
79
1
84
1
1063
1
180
1
212
1
157
2
170
1
807
1
643
1
978
1
442
1
115
1
1058
1
557
2
808
1
731
1
235
1
732
1
2351
1
1059
1
1366
2
336
1
6
1
385
1
78
1
82
1
525
1
122
1
77
1
81
1
704
1
102
2
169
1
477
1
5
1
62
1
729
1
93
2
726
1
147
1
13
1
76
1
902
3
476
1
889
1
887
1
78
1
570
1
80
2
80
1
82
1
83
1
725
1
85
1
477
1
5
1
884
1
4
1
74
1
3
1
805
1
170
1
535
1
276
2
489
1
795
1
79
1
77
1
535
1
359
1
1373
1
82
1
162
1
85
1
477
1
330
2
808
1
456
1
1167
1
488
1
795
1
1
1
78
1
808
2
339
1
88
1
90
1
211
1
805
1
4
1
158
1
81
1
1373
1
1634
1
808
1
315
1
483
1
78
1
76
1
534
1
118
1
78
1
80
1
257
1
178
1
175
1
112
1
165
1
86
1
443
1
32
1
776
1
198
1
166
1
443
1
990
1
186
1
569
1
681
1
125
1
82
1
74
1
4
1
165
2
390
1
170
1
1155
1
276
1
17
1
243
1
184
2
361
1
33
1
1852
1
440
1
139
1
228
1
613
1
22
1
172
1
650
1
158
1
167
1
385
1
4
1
166
1
1
1
1162
1
88
1
88
2
110
1
2
1
499
1
322
1
306
1
549
1
623
1
537
1
90
1
91
1
194
1
341
1
90
1
469
1
431
1
318
1
399
1
558
1
245
1
737
1
86
1
178
1
89
2
112
1
6
1
242
1
611
1
774
1
45
1
623
2
114
1
149
1
271
1
377
1
250
1
274
1
305
1
503
1
284
1
991
1
257
1
5
1
385
1
328
1
1
1
358
1
113
1
502
1
321
1
36
1
547
1
89
1
91
1
992
1
637
1
844
1
810
1
56
1
79
1
352
1
634
1
274
1
206
1
237
1
810
1
1
1
165
1
448
1
831
1
158
1
180
1
4
1
176
1
217
1
1225
1
532
1
686
1
68
1
720
1
426
1
382
1
5
1
1050
1
172
1
269
1
981
1
361
1
469
1
798
1
355
1
478
3
158
2
579
1
1214
1
89
1
183
1
1976
1
556
1
1598
1
114
1
1
1
143
1
185
1
1219
1
148
1
885
1
5
1
265
1
1110
1
315
1
990
1
550
1
652
1
889
1
646
1
13
2
1296
2
375
1
175
1
354
1
1612
1
216
1
814
1
76
1
875
1
260
1
537
1
22
1
729
1
79
1
1528
1
530
1
92
1
434
1
735
1
258
1
179
1
207
1
78
1
519
2
116
1
148
1
101
1
5
1
254
1
474
1
248
1
383
1
1139
1
183
1
320
1
304
1
13
2
170
1
308
1
80
1
729
1
15
1
233
2
253
1
305
1
7
1
70
1
425
1
180
1
149
1
857
1
238
1
13
1
718
1
93
1
508
1
794
1
61
1
685
1
62
1
14
1
128
1
519
1
102
1
364
2
470
1
7
1
6
1
808
1
788
1
31
1
1
1
52
1
245
1
91
2
373
1
36
1
215
1
587
1
6
1
215
1
438
1
448
1
361
1
163
1
193
1
452
1
160
1
1
1
284
1
271
1
228
1
72
1
733
1
11
1
668
1
285
1
349
1
174
1
106
1
30
1
11
1
53
1
76
1
1
1
424
1
245
1
7
1
744
1
57
1
782
1
20
1
11
1
2
1
784
1
24
1
1004
1
12
1
258
1
181
1
137
1
67
1
174
1
1370
1
142
1
455
1
90
1
161
1
36
1
76
1
1
1
169
1
507
1
745
1
64
1
941
1
76
1
167
1
900
1
319
1
83
2
587
1
130
1
5
2
147
1
91
1
1
1
153
1
481
1
4
1
424
1
810
1
89
1
2
1
90
1
134
1
27
1
31
1
4
1
154
1
438
1
293
2
808
1
1
2
74
1
578
1
152
1
65
1
639
1
10
1
615
1
217
1
240
1
256
1
91
2
92
1
529
1
396
1
63
1
540
1
204
1
80
1
254
1
90
1
90
1
87
1
2
1
136
1
139
1
169
1
257
1
241
1
144
1
2138
1
808
1
173
1
113
1
647
1
5
1
74
1
67
1
438
1
89
1
99
1
855
1
70
1
337
1
269
1
131
1
483
1
309
1
80
1
251
2
499
1
137
1
523
1
147
1
70
1
405
1
183
1
458
1
444
1
1619
1
112
1
1151
1
466
1
254
1
2118
1
1
1
305
1
488
1
12
1
294
1
271
1
4
1
237
1
753
1
927
1
62
1
364
1
381
1
334
1
1
1
400
1
811
1
663
1
222
1
1047
1
263
1
86
1
138
1
148
1
430
1
287
1
103
1
638
1
1321
1
89
1
274
1
351
1
257
1
143
1
582
1
191
1
37
1
392
1
1383
1
808
1
79
1
247
1
90
1
1026
1
171
1
338
1
102
1
292
1
63
1
16
1
231
1
435
1
4
1
60
1
409
1
334
1
102
1
707
1
1196
1
364
1
101
1
24
1
44
1
11
1
753
1
213
1
270
1
260
1
187
1
567
1
42
1
26
1
372
1
167
1
12
1
89
1
115
1
20
1
145
1
412
1
239
1
24
1
184
1
22
1
348
1
309
1
2
1
754
1
47
1
324
1
396
1
881
1
1642
1
230
1
166
1
398
1
521
1
276
1
94
1
167
1
3
1
471
1
70
1
15
1
5
1
868
1
657
1
789
1
51
1
120
1
247
1
1543
1
507
1
11
1
26
1
32
1
216
1
1101
1
216
1
13
1
139
1
144
1
479
1
53
1
213
1
648
1
6
1
810
1
412
1
271
1
62
1
798
1
71
1
2
1
574
1
1042
1
71
1
650
1
74
1
237
1
102
1
166
1
89
1
12
1
138
1
797
1
10
1
757
1
63
2
46
1
69
1
691
1
2
1
469
1
272
1
67
1
1
1
54
1
321
1
393
1
38
1
809
1
42
1
69
1
13
2
678
1
57
1
125
1
596
1
6
1
68
2
79
1
2
1
62
1
196
1
86
1
2
1
303
1
27
1
20
1
21
1
159
1
589
1
62
1
161
1
588
1
752
1
623
1
1
1
87
1
95
1
443
1
490
1
136
1
184
1
430
1
208
1
575
1
81
1
69
1
652
1
31
1
126
2
231
1
204
1
195
1
678
1
950
1
16
1
7
1
220
1
532
1
533
1
306
1
22
1
880
2
55
1
12
1
2
1
77
1
171
1
416
1
115
1
440
1
229
1
80
1
148
1
78
1
666
1
165
1
271
2
274
1
750
1
71
1
1231
1
85
1
304
1
155
1
259
2
75
1
254
1
1
1
53
1
47
1
36
1
737
1
318
1
257
1
150
1
230
1
567
1
241
1
569
1
2
1
160
1
165
1
155
1
204
1
357
1
568
1
240
1
1458
1
421
2
354
1
112
1
249
1
423
1
43
1
25
1
762
1
350
1
399
1
948
1
449
1
114
1
1
2
118
1
122
1
205
1
1161
1
91
1
260
1
452
1
143
1
149
1
336
1
1127
1
399
1
423
1
66
1
136
1
900
1
78
1
754
1
499
1
61
1
3
1
308
1
11
1
66
1
203
1
152
1
272
1
537
1
52
1
21
2
220
1
504
1
76
1
773
1
43
1
25
1
22
1
80
1
245
1
421
1
219
1
363
2
368
1
167
1
91
1
1193
1
826
1
4
2
70
1
247
1
786
1
744
1
2
1
573
1
4
1
6
1
810
1
940
1
257
1
458
1
443
2
353
1
22
1
236
1
105
1
322
1
950
1
745
1
6
1
114
1
359
1
115
1
1
1
217
1
229
2
1423
1
10
1
440
1
206
1
603
1
901
1
156
1
83
2
205
1
182
1
1209
1
313
1
398
1
425
2
268
1
1825
1
1401
1
136
1
28
1
20
1
42
1
706
1
38
1
77
1
59
1
42
1
718
1
126
1
588
1
284
1
282
1
89
1
85
1
50
1
10
1
457
1
206
2
101
1
101
1
822
1
57
1
636
1
41
1
650
1
267
1
349
1
192
1
905
1
63
1
547
1
250
1
2
1
486
1
89
1
166
1
61
1
310
1
509
1
197
1
348
1
1954
1
57
1
429
1
227
1
59
1
522
1
811
3
387
1
67
1
976
1
822
1
413
1
6
1
58
1
726
1
84
1
239
1
255
1
89
1
971
1
880
1
1
1
214
1
275
1
86
1
1
1
102
1
54
1
35
1
820
1
22
1
57
1
341
1
614
1
10
1
89
1
11
1
77
1
89
1
89
1
88
1
876
1
203
1
708
1
100
1
558
1
1500
1
188
1
55
1
488
1
264
1
54
1
72
1
143
1
499
1
23
1
56
1
243
1
63
1
389
1
33
1
68
1
225
1
10
1
101
1
719
1
90
1
91
3
177
1
195
1
1517
1
42
1
26
1
46
1
64
1
685
1
112
1
185
1
348
1
274
1
185
2
576
1
56
1
68
1
104
1
167
1
285
1
832
1
216
1
37
1
51
1
100
1
412
1
1
1
499
3
309
1
792
1
23
2
215
1
547
1
239
1
462
1
207
1
515
1
250
1
42
1
10
1
822
1
114
1
613
1
231
1
247
1
342
1
123
1
102
1
583
1
62
1
70
1
11
1
748
1
129
1
157
1
499
1
23
1
47
1
136
1
113
1
257
1
347
1
714
1
49
1
1137
1
810
1
181
1
155
1
82
1
48
1
432
1
398
1
79
3
167
1
488
1
577
1
166
1
643
1
232
1
6
1
130
1
351
2
87
1
1
1
235
2
48
1
716
1
43
1
210
1
636
1
11
1
748
1
727
1
49
1
138
1
696
1
329
1
391
1
326
2
1527
1
683
1
760
1
254
1
165
1
629
1
579
1
21
1
129
1
439
1
539
1
180
1
76
1
241
2
704
1
106
1
224
1
360
1
197
1
20
1
5
1
65
1
797
1
147
1
179
1
89
1
342
1
3
1
794
1
15
1
1029
1
542
1
69
1
271
1
640
1
440
1
161
1
124
1
183
1
625
1
440
1
336
1
31
1
12
3
42
1
34
1
167
1
467
1
80
1
12
2
247
1
65
1
24
1
64
1
260
1
82
1
62
1
967
1
474
1
113
1
222
1
504
1
905
1
12
1
46
1
148
1
565
1
82
1
155
1
697
1
280
1
11
1
77
1
322
1
151
2
63
1
478
1
525
3
88
2
87
1
221
1
65
1
2
1
632
1
161
1
339
1
328
1
10
1
48
1
1050
1
13
1
484
1
103
1
72
1
212
1
502
1
35
1
123
1
865
1
469
1
121
1
163
2
232
1
23
1
425
1
711
1
827
1
874
1
2
1
853
1
94
1
739
2
496
1
115
1
36
1
101
1
809
1
179
1
469
1
67
1
216
1
414
1
244
1
68
1
81
1
603
1
56
1
69
1
155
1
1542
3
724
1
407
1
102
1
312
2
66
1
514
1
387
1
555
1
125
1
89
1
469
1
127
1
63
1
533
1
93
1
123
1
46
1
272
1
375
1
263
1
171
2
636
1
78
1
1402
1
464
1
218
1
90
1
34
1
69
1
1
1
1456
1
228
1
439
1
290
1
145
1
376
1
91
1
55
2
66
1
68
1
3
1
622
1
43
1
1277
1
479
1
659
1
94
2
462
1
103
1
1
1
182
1
127
1
31
1
282
1
428
1
154
1
78
1
335
1
177
1
50
1
84
2
723
1
232
1
156
1
492
1
215
1
926
1
404
1
10
1
4
1
298
1
402
1
60
1
48
1
679
1
321
1
13
1
166
1
409
1
233
1
257
1
91
1
283
1
440
1
89
1
218
1
23
1
115
1
10
1
658
1
164
1
670
1
219
1
142
1
113
1
605
1
114
1
91
2
231
1
19
1
136
2
31
1
21
1
691
1
62
1
68
1
584
1
93
1
196
1
508
1
663
1
144
1
96
1
146
1
169
1
91
1
75
1
89
1
147
1
60
1
26
1
317
1
498
1
59
1
810
1
66
1
247
1
338
1
92
1
62
3
222
1
78
1
369
1
122
1
12
1
238
1
508
1
941
1
65
1
558
1
819
1
104
1
339
1
293
1
105
1
71
1
248
1
392
1
672
1
241
1
734
1
40
1
35
1
283
1
102
1
345
1
40
1
59
1
34
3
144
1
526
1
122
1
160
1
257
1
298
1
31
1
71
1
1037
1
366
1
647
1
171
1
457
1
371
1
346
1
472
1
849
1
169
1
359
1
114
1
205
1
162
1
565
1
119
1
54
1
726
1
59
1
10
1
81
1
575
1
859
1
34
2
43
1
466
1
342
1
21
1
1227
1
89
1
128
1
30
1
379
1
282
1
720
1
235
1
59
1
34
1
808
1
128
1
337
1
319
1
231
1
556
1
48
1
31
1
10
1
669
1
388
1
104
1
180
1
193
1
697
1
272
1
157
1
513
1
104
1
32
1
236
1
113
1
318
1
492
1
89
1
1014
1
21
1
12
1
1
1
204
1
94
1
483
1
961
1
79
1
510
1
1
2
123
1
273
1
271
1
134
1
219
1
247
1
179
1
235
1
292
1
459
1
51
1
117
1
589
1
90
1
25
1
102
1
100
1
548
1
52
1
72
1
876
1
588
1
395
1
441
1
367
1
404
1
229
1
182
1
271
1
135
1
36
1
273
1
812
1
345
1
105
1
111
1
1630
1
207
1
708
1
750
1
648
1
252
1
79
1
500
1
149
1
78
1
526
1
100
1
788
1
55
1
225
1
67
1
511
1
207
1
385
1
536
1
499
1
73
1
1502
1
612
1
126
1
219
1
794
1
1
1
225
1
272
3
222
1
60
1
10
1
161
1
648
1
83
1
79
1
76
1
434
1
100
1
90
1
11
1
225
1
664
1
351
2
364
1
94
1
51
1
116
1
312
1
130
1
771
1
117
1
1081
1
366
1
372
1
272
1
163
1
67
1
65
1
161
1
169
1
718
1
475
1
96
1
223
1
15
1
141
1
574
1
349
1
367
1
14
1
79
1
166
1
445
1
169
1
618
1
297
1
242
1
323
1
136
1
517
1
94
1
69
1
81
1
428
1
264
1
35
1
160
1
167
1
547
1
170
1
639
1
889
1
167
1
549
1
94
1
165
1
91
1
294
1
128
1
100
1
498
1
119
1
296
1
382
1
196
1
124
1
270
1
573
1
978
1
374
1
20
1
59
1
765
1
43
1
520
1
383
1
323
1
78
1
719
1
115
1
225
1
107
1
100
1
102
1
93
1
522
1
360
1
401
1
11
1
474
1
118
1
135
2
933
1
752
1
752
1
44
1
171
1
348
1
239
1
48
1
95
1
601
1
62
1
48
1
522
1
174
1
51
1
107
1
296
2
717
1
513
1
123
1
13
1
65
1
93
1
983
1
288
1
841
1
153
1
633
1
80
1
95
1
653
1
233
1
795
1
362
1
297
1
36
1
296
2
322
1
301
1
536
1
170
1
35
1
159
1
352
1
121
1
250
1
446
1
206
1
339
1
399
1
67
1
82
1
153
1
15
1
462
1
511
1
266
1
63
1
220
1
167
1
180
1
425
1
89
1
926
2
486
1
71
2
632
1
103
1
70
1
576
1
232
1
258
1
706
1
12
1
476
1
82
3
313
1
399
1
252
1
865
1
10
1
408
1
335
3
348
1
182
1
125
1
69
2
248
2
302
1
59
1
53
1
95
1
203
1
1229
1
72
1
158
1
810
1
260
1
62
1
89
1
230
1
82
4
1021
1
10
1
650
1
12
3
76
1
259
1
275
1
53
1
142
1
810
1
77
1
1
1
74
1
91
1
304
1
581
1
287
1
149
1
281
1
277
1
30
1
34
1
876
1
331
1
257
1
218
1
84
2
76
1
171
1
52
1
179
1
391
1
1549
1
58
1
68
1
623
1
15
1
53
1
2
1
622
1
183
1
46
1
103
1
246
1
357
1
205
2
532
1
69
1
51
1
160
1
787
1
10
1
90
1
168
1
15
1
384
1
318
1
157
1
495
1
223
1
666
1
257
1
458
1
485
1
245
1
79
1
76
1
510
1
185
1
549
1
74
1
302
1
585
1
57
1
23
1
80
1
635
1
423
1
523
1
194
1
384
1
568
1
10
1
250
1
220
1
350
1
145
1
152
1
57
1
363
1
224
1
469
1
24
1
491
1
112
1
113
1
385
1
80
1
80
1
68
1
760
1
749
1
809
1
153
1
655
1
234
1
795
1
92
1
244
1
323
1
45
1
453
1
134
1
151
1
341
1
386
1
218
1
37
1
333
1
629
1
398
1
36
1
146
1
78
1
93
1
421
1
51
1
10
1
71
1
146
1
273
1
388
1
809
1
754
1
202
1
92
1
256
1
538
1
271
1
135
1
584
1
264
1
51
1
70
1
126
1
89
1
116
1
443
1
79
1
34
1
656
1
163
1
64
1
467
1
139
1
56
1
133
1
101
1
182
1
253
1
541
1
403
1
633
1
174
1
147
1
92
1
474
1
162
1
157
1
258
1
825
1
422
1
89
1
89
1
25
1
303
1
172
1
24
1
139
1
76
1
166
1
480
1
441
1
217
1
47
1
454
1
91
1
226
2
56
1
342
1
293
1
112
1
73
1
807
1
241
1
473
1
92
1
46
1
180
1
258
1
198
1
30
1
162
1
405
1
209
1
90
1
148
1
89
1
89
1
513
1
696
1
35
1
315
1
258
1
107
1
980
1
21
1
738
1
892
1
147
1
94
1
254
1
217
1
489
1
319
1
242
1
325
1
25
1
423
1
21
1
182
1
455
1
698
1
121
1
11
1
339
1
77
1
322
1
396
1
824
1
313
1
403
1
245
1
138
1
112
1
826
1
360
1
192
1
297
1
514
1
235
1
16
1
66
1
102
1
530
1
828
1
52
1
80
1
173
1
483
1
85
1
406
1
811
1
409
1
752
1
69
1
41
1
11
1
3
1
64
1
158
1
14
2
141
1
89
1
1142
1
206
1
532
1
82
2
102
1
681
1
58
1
276
1
394
1
947
1
729
1
365
1
704
1
67
1
420
1
96
1
1011
1
489
1
852
1
186
1
100
1
510
1
58
1
344
1
816
1
14
1
165
1
308
1
11
1
68
1
330
1
305
1
161
1
92
1
79
1
568
1
24
1
701
1
107
1
203
1
733
1
221
1
23
1
366
1
260
1
585
1
483
1
229
1
10
1
139
1
13
1
324
1
287
1
40
1
91
1
12
1
1
1
661
1
159
1
214
1
261
2
352
1
115
1
250
1
292
1
104
1
319
1
405
1
881
1
82
1
418
3
691
1
10
1
309
1
409
1
13
1
418
1
71
1
56
1
657
1
102
1
80
1
79
1
615
1
181
1
67
1
284
1
296
1
57
1
10
1
158
1
25
1
76
1
92
1
374
1
24
1
146
1
485
1
91
1
232
1
172
1
558
1
726
1
409
1
1046
1
233
1
44
1
35
1
473
1
195
1
23
1
786
1
238
1
259
1
123
1
187
1
876
1
635
1
20
1
404
1
74
1
484
1
80
1
471
1
80
1
336
1
257
1
321
1
399
1
211
1
196
1
102
1
89
1
115
1
293
1
123
1
105
1
31
1
11
1
146
1
582
1
226
1
25
1
372
1
264
1
78
1
66
1
194
1
885
1
137
1
49
1
285
1
661
1
68
1
552
1
185
1
71
1
158
1
165
1
90
1
216
1
489
1
13
1
514
1
89
1
89
1
447
1
146
1
428
1
105
1
229
1
123
1
93
1
257
1
215
1
10
1
152
1
339
1
535
1
349
1
474
1
169
1
302
1
186
1
69
1
552
1
172
1
83
1
65
1
93
1
554
1
10
1
47
1
35
1
313
1
423
1
309
1
396
1
93
1
79
1
170
1
490
1
577
1
380
1
64
1
181
1
167
1
127
1
183
1
82
1
247
1
466
1
94
1
738
1
879
1
160
1
885
1
183
2
212
1
38
1
659
1
149
1
136
1
336
1
255
1
270
1
23
1
350
1
227
1
70
1
237
1
168
1
1294
1
80
1
169
1
557
1
416
1
196
1
90
1
103
1
327
1
377
1
341
1
156
1
26
2
386
1
649
1
82
1
724
1
26
1
56
1
80
1
76
1
77
1
90
1
480
1
82
1
601
1
441
1
168
1
404
1
80
2
656
1
69
1
158
1
156
1
653
1
258
1
319
1
217
1
605
1
124
1
146
1
597
1
323
1
320
1
26
1
56
1
80
1
809
1
76
1
235
1
25
1
468
1
1203
1
495
1
1
1
221
1
491
1
809
1
173
3
165
1
409
1
12
2
55
1
125
1
899
1
1003
1
112
1
335
1
719
1
77
1
458
1
367
1
347
1
719
1
227
1
1
1
867
1
1710
1
1235
1
12
1
90
1
1
2
108
1
413
1
991
1
186
1
533
1
183
1
123
1
5
1
132
1
272
1
183
1
1037
2
796
1
502
1
297
1
167
1
637
1
1873
1
438
1
3
1
628
1
310
1
1049
1
1618
1
725
1
353
1
89
1
85
1
4
1
446
1
165
1
311
1
243
1
73
1
490
1
809
1
414
2
399
1
132
1
1085
1
640
1
167
1
717
1
648
1
66
1
192
1
180
1
453
1
564
1
808
1
2
1
225
1
184
1
384
1
971
1
888
1
731
1
262
1
1366
1
171
1
624
1
656
1
4
1
240
1
350
1
219
1
409
1
385
1
58
1
820
1
901
1
979
1
479
1
94
1
718
1
166
1
83
1
541
1
265
1
566
1
240
1
167
1
180
2
628
1
1209
1
68
1
2604
1
167
1
385
1
6
1
335
1
166
1
6
1
82
1
89
1
108
1
17
1
1055
1
259
1
536
1
181
1
718
1
490
1
1768
1
95
1
165
2
561
1
633
1
68
1
181
1
175
1
1077
1
103
1
262
1
259
1
297
1
11
1
240
1
168
1
403
1
223
1
581
1
81
1
145
1
12
2
648
1
3
1
326
1
559
1
614
1
21
1
11
1
67
1
340
1
638
1
78
1
185
1
180
1
713
1
1018
1
14
1
806
1
324
1
85
1
478
1
3
1
75
1
2
1
646
1
79
1
79
1
809
1
1516
1
466
1
294
1
72
1
168
5
562
1
218
1
373
1
213
1
15
1
400
1
166
1
15
1
366
1
262
1
453
1
93
1
665
1
5
1
216
1
576
1
789
1
174
1
65
1
922
2
475
1
68
1
2
1
155
1
650
1
431
1
180
1
138
1
139
1
2
2
979
1
1365
1
1139
1
181
1
355
1
545
1
206
1
737
1
936
1
27
1
257
1
548
2
515
1
138
1
219
1
451
1
371
1
76
1
271
1
90
1
812
1
123
1
320
1
181
1
329
1
141
1
647
1
247
1
156
1
561
1
445
1
287
1
80
1
165
1
456
1
27
1
7
1
6
1
141
1
155
1
513
1
205
1
451
1
127
1
70
1
172
1
576
1
825
1
44
1
93
1
430
1
237
1
35
1
260
1
572
1
143
1
559
1
32
1
72
1
53
1
191
1
180
1
92
1
90
1
119
1
7
1
151
1
333
1
473
1
1327
1
152
1
481
1
86
1
459
1
258
1
286
1
44
2
810
1
1035
2
534
1
101
1
431
1
90
1
90
1
128
1
55
1
10
1
84
1
167
1
561
1
78
1
515
1
177
1
456
1
88
1
238
1
57
1
83
2
334
1
472
1
340
1
624
1
181
1
319
1
882
1
74
1
439
1
89
1
188
1
351
1
1
1
178
1
220
1
319
1
75
1
399
1
319
1
652
1
2
1
517
1
367
1
557
1
21
1
69
1
1586
1
899
1
281
1
184
1
90
1
118
1
329
1
85
1
537
1
181
1
354
1
137
1
225
1
78
1
185
1
84
1
380
1
520
1
1438
1
308
1
821
1
321
1
613
1
286
1
469
1
249
1
85
1
270
1
186
1
15
1
80
1
729
1
245
1
257
1
299
1
601
1
207
1
68
1
90
1
718
1
355
1
293
1
103
1
242
1
566
1
1595
1
351
1
1
1
1174
1
101
1
250
1
258
1
3
1
193
1
36
1
1113
1
14
1
257
1
1187
1
649
1
253
1
339
1
294
1
95
1
526
1
130
1
69
1
77
1
1
1
76
1
182
1
256
1
798
1
290
1
338
1
102
1
242
1
12
1
52
2
592
1
217
1
735
1
10
1
50
1
12
1
137
1
183
1
487
1
46
1
440
1
175
1
20
1
62
1
200
1
1075
1
192
1
137
1
140
1
1
1
234
1
409
1
20
1
3
1
386
1
423
1
5
1
60
1
590
1
186
1
25
1
65
1
353
1
90
1
89
1
91
1
117
1
236
1
580
1
34
1
194
1
579
1
306
1
377
1
522
1
180
1
146
1
1
1
679
1
126
1
11
1
47
1
93
1
144
1
24
1
499
1
45
1
172
1
586
1
12
1
58
1
47
1
750
1
4
1
5
1
59
1
751
1
725
1
21
1
61
1
748
1
38
1
707
1
64
1
106
1
78
1
588
1
4
1
7
1
413
1
87
1
90
1
90
1
276
1
65
1
664
1
158
1
982
1
85
1
92
1
73
1
108
1
62
1
1
1
51
1
6
1
1040
1
506
1
14
1
13
1
274
1
75
1
443
2
288
1
1067
1
238
2
152
1
52
1
112
1
91
1
271
1
276
2
669
1
60
1
763
1
41
1
512
1
75
1
225
1
744
1
559
1
460
1
439
1
290
1
668
1
83
1
395
1
446
1
207
1
472
1
5
1
4
1
230
1
652
1
749
1
389
1
164
1
268
1
191
1
1159
1
2014
1
80
1
552
1
239
1
821
1
567
1
244
1
171
1
807
1
394
1
820
1
11
1
3
1
282
1
270
1
310
1
739
1
83
1
150
1
542
1
44
1
69
1
320
1
453
1
106
1
168
1
242
1
243
1
69
1
158
1
348
1
225
1
7
1
66
1
163
1
170
1
177
1
626
1
77
1
470
1
683
2
554
1
253
1
651
1
214
1
14
1
133
1
1390
1
3
1
158
3
168
1
715
1
348
1
89
1
135
1
6
1
68
2
597
1
2
1
445
1
168
1
288
1
42
1
234
1
531
1
42
1
116
1
36
1
414
1
391
1
1323
1
158
1
55
1
46
1
21
1
339
1
321
1
2
1
122
1
36
2
501
1
731
1
5
1
83
1
135
1
121
1
112
1
439
1
96
1
520
1
332
1
663
1
181
1
350
1
458
1
112
1
250
1
365
1
192
1
250
1
409
1
812
1
16
1
138
1
507
1
148
1
82
1
70
1
83
1
164
1
477
1
5
1
7
1
319
1
166
1
308
1
320
1
510
2
376
1
420
1
12
1
52
1
79
1
74
1
594
1
6
1
50
1
157
1
167
1
104
1
172
1
547
1
312
1
222
1
607
1
1
1
806
1
18
1
52
1
70
1
79
1
349
1
65
1
23
1
212
1
7
1
114
1
205
1
1233
1
72
1
27
1
26
1
334
1
474
1
154
1
476
1
9
1
115
1
298
1
1205
1
30
1
29
1
103
1
250
1
372
1
52
1
58
1
82
1
77
1
574
1
62
1
69
1
452
1
302
1
4
1
2
1
947
1
168
1
511
1
53
1
334
1
316
1
103
2
52
1
79
1
664
1
4
1
56
1
55
1
26
1
257
1
179
1
195
1
20
1
48
1
750
1
47
1
180
1
270
1
322
1
54
1
648
1
27
1
143
1
237
1
747
1
481
1
20
1
8
1
867
1
69
1
334
1
179
1
116
1
101
1
14
1
124
1
13
1
645
1
423
1
165
1
14
2
81
1
840
1
41
1
108
1
678
1
10
1
48
1
58
1
179
1
591
1
240
1
90
1
93
1
271
1
9
1
49
1
63
1
230
1
1
1
510
1
32
1
91
1
636
1
115
1
34
1
102
1
258
1
470
1
80
1
155
1
490
1
423
3
334
1
767
1
113
1
47
1
354
1
559
1
62
1
371
1
151
1
195
1
196
1
177
2
242
1
294
3
442
1
69
1
51
1
11
1
58
1
678
1
7
1
64
1
674
1
133
1
1
1
401
1
86
1
89
1
1
1
155
1
380
1
91
2
303
1
162
1
342
2
313
1
165
1
656
1
216
1
180
1
257
1
146
1
76
1
329
3
269
1
447
1
1
1
505
1
129
1
616
1
62
1
787
1
768
1
170
1
102
1
261
2
337
1
378
1
91
1
75
1
459
1
273
1
726
1
412
1
398
2
243
1
234
1
496
1
89
1
223
1
751
1
32
1
431
1
77
1
263
1
35
1
432
1
813
1
337
1
56
1
69
1
1473
1
43
1
361
1
66
1
482
1
67
1
193
1
1
1
464
1
509
1
240
1
69
1
594
1
218
1
587
1
147
1
484
1
338
1
470
1
302
1
35
1
33
1
433
1
328
1
12
1
205
1
261
1
319
2
44
1
196
1
231
1
22
1
426
1
297
1
399
1
792
1
69
1
23
1
811
1
238
3
242
1
14
1
375
1
174
2
152
1
298
1
181
1
12
2
54
1
104
1
167
1
329
1
13
1
821
1
284
1
65
1
438
1
83
1
319
1
92
2
467
1
808
1
237
1
436
1
71
1
135
1
258
1
74
1
104
1
1013
1
35
1
50
1
143
1
665
1
53
1
439
1
229
1
71
1
11
1
775
1
363
1
90
1
90
1
141
1
165
1
156
1
183
2
311
1
154
1
747
2
185
1
89
1
665
1
76
1
182
1
1
1
88
2
302
1
76
1
809
1
143
1
719
1
451
1
810
1
250
1
275
1
193
1
250
1
69
1
327
1
412
1
76
1
230
1
1
1
612
1
248
1
89
1
89
1
402
1
342
3
87
1
243
1
77
1
216
1
652
1
143
1
589
1
72
1
68
1
545
1
50
1
640
1
263
1
37
1
682
1
43
1
842
1
195
1
100
1
89
1
328
1
87
1
7
1
137
1
235
1
359
1
50
1
70
1
68
1
375
2
313
1
222
1
652
1
631
1
112
1
11
1
26
1
260
1
522
1
48
1
1139
1
341
1
68
1
743
1
132
1
147
1
191
1
179
1
126
1
70
1
31
1
1
1
62
1
515
1
223
1
68
1
518
1
194
1
35
1
56
1
2
1
750
1
59
1
64
1
637
1
69
1
979
1
468
1
287
1
64
1
258
1
187
1
79
1
51
1
11
1
665
1
77
1
32
1
34
1
880
1
53
1
26
1
541
1
49
1
74
1
58
1
635
1
101
1
13
1
57
1
2
1
969
1
809
1
452
1
122
1
37
1
783
1
36
1
35
1
68
1
592
1
133
1
172
1
566
1
318
1
562
1
54
1
26
1
165
1
90
1
468
1
1
1
807
1
2
1
747
2
57
1
508
1
241
1
2
1
55
1
147
1
579
1
22
1
58
1
68
1
13
1
155
1
271
1
311
2
406
1
90
1
151
1
6
1
46
1
92
1
172
1
62
1
358
1
215
1
246
1
490
1
70
1
66
1
12
1
262
1
88
1
88
1
219
1
55
1
11
1
1
1
54
1
360
1
89
1
208
1
718
1
602
1
77
1
128
1
171
1
94
1
233
1
574
1
78
1
454
1
614
1
76
1
14
1
82
1
137
1
78
1
76
1
93
1
51
1
444
2
56
1
814
1
76
1
340
3
324
1
96
1
124
1
77
1
94
1
163
1
395
1
77
3
541
1
160
1
90
1
13
1
155
1
180
1
367
1
79
1
102
1
525
1
30
1
21
1
12
1
56
1
752
1
69
1
408
1
239
2
151
1
75
1
92
1
544
1
171
1
66
1
559
1
90
1
12
1
78
1
260
1
2
1
313
1
81
1
72
1
76
1
809
1
545
1
263
1
589
1
650
2
113
1
31
1
94
2
1776
1
326
1
12
1
76
1
380
1
263
2
51
1
10
1
78
1
148
1
111
1
687
1
121
1
188
1
36
2
470
1
9
1
30
1
373
1
167
1
14
2
88
1
274
1
10
1
57
1
196
1
624
1
13
1
335
1
474
1
78
1
75
1
457
1
159
1
360
1
422
2
405
1
12
1
355
1
33
2
146
1
183
2
331
1
214
1
78
1
685
1
89
1
383
1
226
1
39
1
363
1
166
1
228
1
60
1
10
1
253
1
625
1
337
1
380
1
21
1
82
1
583
1
60
1
164
1
670
1
483
1
629
1
12
1
92
1
501
1
472
1
369
1
1161
1
89
1
276
1
92
1
172
1
421
1
71
1
72
1
70
1
78
1
810
1
64
1
912
1
315
1
681
1
13
1
227
1
1017
1
270
1
89
1
217
1
49
1
32
1
3
1
132
1
101
1
810
1
90
1
89
1
632
1
1293
1
82
1
664
1
191
1
103
1
257
1
366
1
32
1
35
1
44
1
534
1
9
1
187
1
248
1
392
1
104
1
59
2
160
2
588
1
57
1
484
1
267
1
56
2
237
1
476
1
20
1
72
1
2
1
239
1
391
1
244
1
554
1
101
1
232
1
167
1
447
1
56
1
651
1
226
2
952
1
89
1
278
1
69
1
76
1
135
1
236
1
329
1
107
1
6
1
775
1
424
3
88
1
293
1
93
1
1
1
240
1
73
1
641
1
588
1
686
1
207
1
485
1
435
1
459
1
79
1
212
1
91
1
1044
1
346
1
843
1
546
1
142
1
59
1
33
2
24
1
33
1
240
1
508
1
128
1
657
1
231
1
637
1
10
1
148
1
591
1
1
1
55
1
147
1
306
1
89
1
209
1
145
1
236
1
202
1
224
1
561
1
252
1
2
1
488
1
89
1
114
1
90
1
332
1
515
1
294
1
475
1
35
1
56
1
242
1
382
1
101
1
23
1
57
1
57
1
693
1
300
1
342
1
61
1
15
1
214
1
273
1
535
1
91
1
594
1
122
1
440
1
229
2
580
1
204
1
80
1
12
1
406
1
719
1
420
1
139
1
577
1
105
1
298
1
874
1
353
2
216
1
90
1
77
1
409
1
15
1
293
1
78
1
549
1
194
1
784
1
101
1
90
1
327
1
187
1
295
1
1
1
478
1
236
1
417
1
27
1
52
1
47
1
509
1
11
1
186
1
122
1
1607
1
36
1
64
1
340
1
214
1
184
1
375
1
89
1
344
3
149
1
170
1
341
1
191
1
147
1
418
1
19
1
381
1
509
1
108
1
387
1
398
1
693
1
346
1
452
1
113
1
215
1
1022
1
316
1
153
1
79
1
156
1
193
1
630
1
63
1
708
1
10
1
574
1
133
1
1091
1
13
1
309
1
34
1
22
1
575
1
407
1
254
1
228
1
298
1
458
1
77
1
792
1
129
1
21
1
14
1
77
1
349
1
297
1
148
1
183
1
720
1
482
1
60
1
10
1
11
1
24
1
89
1
21
1
13
1
784
1
283
1
89
1
345
1
193
1
557
1
10
1
766
1
193
1
752
1
76
1
576
1
72
1
316
1
193
1
301
1
236
1
570
3
21
1
123
1
348
1
246
1
41
1
10
1
12
3
201
1
10
1
78
1
420
1
20
1
929
1
182
1
546
1
171
1
978
1
558
1
684
1
2
1
52
1
36
1
122
1
90
1
90
1
467
1
656
1
152
1
82
1
426
1
217
1
81
1
163
1
658
2
945
1
348
1
218
1
176
1
143
1
428
1
235
1
54
1
707
1
381
1
89
1
12
1
526
1
514
1
44
1
92
1
235
1
89
1
401
1
83
2
221
1
339
1
327
1
481
1
29
1
554
1
89
1
796
1
322
1
35
1
10
1
24
1
158
1
433
1
144
1
397
1
176
1
154
2
67
1
35
1
707
1
32
1
374
1
180
1
368
1
171
1
51
1
446
1
55
1
148
1
180
1
617
1
25
2
255
1
335
1
809
1
64
1
72
1
323
1
227
1
161
1
10
1
149
1
600
1
117
1
338
1
188
1
259
1
394
1
308
2
68
1
80
1
134
1
675
1
313
1
22
1
331
1
4
1
201
1
798
1
23
1
1071
2
88
2
171
1
205
1
553
1
859
1
69
1
52
1
149
1
78
1
583
1
247
1
563
1
76
1
44
1
89
1
34
1
182
1
89
1
366
1
404
1
404
1
1
2
75
1
496
1
95
1
139
1
64
1
362
1
174
1
40
1
166
1
76
1
336
1
158
1
315
1
472
1
113
1
222
1
76
1
1196
1
31
1
478
1
484
1
430
1
212
1
150
1
901
1
671
1
125
1
751
1
25
1
659
1
250
1
740
1
249
1
571
1
159
1
455
1
143
1
308
1
305
1
195
3
55
1
92
1
213
1
124
1
392
1
201
1
34
1
774
1
37
1
300
1
9
1
30
1
1660
1
93
1
114
1
741
1
90
1
672
1
215
1
13
1
443
1
131
1
10
1
319
1
346
1
226
1
54
1
349
1
177
1
609
1
344
1
57
1
12
1
250
1
52
1
390
1
44
1
71
1
143
1
13
1
567
1
13
1
395
1
306
1
208
1
387
1
629
1
73
1
227
1
197
1
217
1
494
1
92
1
83
1
156
1
811
1
717
1
260
1
90
1
308
1
70
1
403
1
335
2
43
1
183
1
154
1
425
2
808
1
306
1
90
1
254
1
191
1
105
1
168
1
415
1
38
1
103
1
159
1
1354
1
1004
1
614
1
900
1
1713
1
76
1
569
1
676
1
61
1
235
1
655
1
46
1
112
1
475
1
220
1
35
1
77
1
336
1
147
1
210
1
762
1
332
1
443
1
260
1
607
1
43
1
45
1
33
1
156
1
368
1
879
1
75
1
140
1
76
1
536
1
628
1
154
4
319
1
484
1
232
1
167
1
295
1
184
1
329
1
90
1
243
1
50
1
426
1
403
1
38
1
58
1
711
1
367
1
89
1
390
1
45
2
55
1
565
1
80
1
244
1
169
1
353
1
111
1
80
1
79
1
648
1
10
1
171
1
258
1
77
1
242
1
807
1
73
2
508
1
322
1
89
1
111
1
78
1
798
1
832
1
366
1
624
1
184
1
193
1
80
1
587
1
378
1
559
1
809
1
648
1
20
1
107
1
89
1
89
1
21
1
11
1
182
1
389
2
21
1
190
1
23
1
144
1
112
1
298
1
1321
1
135
1
971
1
69
1
68
1
193
1
166
1
197
1
854
4
772
1
170
1
338
1
89
1
24
1
93
1
319
1
215
1
53
1
37
1
352
1
32
1
408
1
426
1
659
1
149
1
830
1
363
1
91
1
1104
1
69
1
809
1
638
1
31
1
4
1
741
1
212
1
136
1
33
1
91
1
143
1
22
1
239
1
186
1
740
1
1458
1
139
1
122
1
671
1
635
1
139
1
21
1
127
1
628
1
110
1
204
1
423
1
69
1
155
1
241
1
75
1
387
1
80
1
250
1
55
1
126
1
318
1
231
1
716
1
172
1
392
1
28
1
863
1
12
1
282
1
114
1
549
1
54
1
560
1
519
1
434
1
161
1
543
1
345
1
533
1
352
1
90
1
377
1
13
1
53
1
11
1
93
1
543
1
10
1
318
1
14
1
393
1
491
1
266
1
543
1
377
1
172
1
262
1
292
1
332
1
92
1
352
1
142
1
666
1
60
1
18
1
212
1
169
1
180
1
392
1
80
1
77
1
245
1
459
1
90
1
168
1
347
1
41
1
10
1
332
1
394
1
164
1
158
1
1285
1
176
1
211
1
207
1
241
1
52
1
10
1
229
1
91
1
394
1
102
1
81
1
157
1
810
1
77
1
180
1
810
1
215
1
219
1
284
1
91
1
212
1
70
1
173
1
564
1
81
1
69
1
12
1
785
1
679
1
97
1
89
1
629
1
41
1
45
1
591
1
205
1
160
1
773
1
191
1
180
1
135
1
70
1
80
1
23
1
147
1
350
1
164
1
121
1
10
1
81
1
79
1
351
1
307
1
880
1
603
1
111
1
420
1
276
1
90
1
56
1
1
1
111
1
67
1
429
1
80
1
115
1
46
1
80
1
587
1
37
1
990
1
742
1
416
1
177
1
121
1
24
1
225
1
168
1
104
1
459
1
168
1
313
1
1382
1
388
1
37
1
31
1
237
1
389
1
90
1
353
1
274
1
557
1
321
1
61
1
81
1
159
1
337
1
987
1
61
1
493
1
551
1
153
1
978
1
332
1
217
1
247
1
261
1
97
1
20
1
750
1
902
1
1344
1
511
1
11
1
90
1
254
1
132
1
487
1
26
1
307
3
66
1
81
2
169
1
452
1
521
1
426
1
89
1
21
1
13
3
589
1
124
1
351
1
134
1
891
1
343
1
413
1
74
1
307
1
78
1
479
1
902
1
79
1
134
1
389
1
135
1
193
1
127
1
141
1
22
1
390
1
159
1
515
1
133
1
675
1
372
1
316
1
587
1
282
1
193
1
170
1
155
1
401
1
80
1
157
1
157
1
89
1
159
1
161
1
296
1
593
1
125
1
217
1
74
1
322
1
320
2
392
1
28
1
169
1
610
1
244
2
644
1
69
1
341
1
225
1
119
1
465
1
283
1
293
1
12
2
54
1
183
1
384
1
172
1
328
1
469
1
93
1
211
1
21
1
187
1
132
1
26
1
134
1
158
1
77
1
328
1
49
1
44
1
69
1
80
1
65
1
13
1
233
1
239
1
118
1
43
1
891
1
78
1
144
1
115
3
171
1
100
1
45
1
785
1
330
1
167
1
421
1
160
1
171
1
75
1
482
1
55
1
447
1
121
1
21
1
15
1
53
1
329
1
90
1
174
1
50
1
93
1
69
1
740
1
45
1
658
1
118
1
296
1
142
1
414
1
80
1
554
1
20
1
38
1
79
1
180
1
157
1
10
1
12
1
411
1
57
1
67
1
853
1
44
1
205
1
479
1
66
1
13
1
42
1
458
1
144
1
664
1
282
1
12
1
54
1
285
1
172
1
297
1
155
1
92
1
262
1
133
1
12
1
810
1
809
1
203
1
272
1
134
1
184
1
12
1
387
2
417
1
68
1
136
1
604
1
396
1
367
1
101
1
158
1
447
1
40
1
59
1
45
1
33
1
115
1
155
1
182
1
550
1
168
1
75
1
391
1
67
1
90
1
91
1
395
1
322
1
579
1
36
1
21
1
172
1
166
1
538
1
247
1
289
1
61
1
162
1
797
1
147
1
114
1
76
1
617
1
116
1
165
1
309
1
25
1
137
1
52
1
101
1
90
1
306
1
105
1
70
1
159
1
259
1
443
1
1634
1
634
1
318
1
194
1
318
1
422
1
241
1
144
1
81
1
623
1
251
1
91
1
258
1
367
1
25
1
234
1
90
1
90
1
134
1
80
1
59
1
443
1
410
1
1514
1
28
1
133
1
81
1
810
1
80
1
62
1
102
1
90
1
402
1
155
1
168
1
14
1
181
1
192
1
159
1
466
1
129
1
121
1
809
1
809
1
429
1
197
1
181
1
91
1
1480
1
139
1
625
1
184
1
79
1
64
1
11
1
286
1
133
1
206
1
296
1
626
1
77
1
14
1
477
1
124
1
114
1
245
1
448
1
809
1
270
1
105
1
318
1
113
1
693
1
126
1
659
1
69
1
25
1
876
1
79
1
65
1
78
1
597
1
259
1
1198
1
672
1
100
1
534
1
123
1
595
1
64
1
331
1
13
1
1025
1
78
1
78
1
491
1
68
1
659
1
93
1
23
1
89
1
89
1
10
1
298
1
30
1
104
1
501
1
63
1
731
1
403
1
237
1
144
1
491
1
238
1
102
1
305
1
400
1
67
1
89
1
355
2
33
1
260
1
387
1
195
2
238
1
1
1
771
1
430
1
242
1
146
1
257
