0
344259
1
809
1
809
1
5669
1
2429
1
7289
1
8903
1
810
1
7288
2
30784
1
3239
1
10529
1
7289
1
12952
2
808
1
1
1
6477
2
808
1
6479
1
811
1
23494
1
809
1
809
1
809
1
4049
1
11339
1
7289
1
9712
2
6478
1
811
1
6478
1
810
1
6477
1
809
2
22685
1
809
1
809
1
8099
1
32392
1
809
2
6478
1
809
1
29976
1
8099
1
72089
1
123117
1
7288
3
7288
2
7289
1
13768
1
804
1
5670
1
2
1
1615
1
12965
1
7290
1
15383
1
5674
2
804
1
808
1
809
1
4864
2
804
1
6482
2
7282
1
6
1
802
1
7
1
801
1
5677
1
6479
1
6478
2
803
1
5675
1
807
1
806
1
807
1
4056
1
808
1
1615
1
807
1
7289
1
5673
1
1615
1
4864
1
1615
1
808
1
4055
1
1616
1
807
1
2428
1
4048
1
2523
1
7290
1
810
1
810
1
1529
1
4949
1
1529
1
2423
1
4140
1
5
1
1527
1
808
1
3328
1
2
1
810
1
727
2
5747
1
2
1
728
2
74
1
731
1
2
1
4938
2
729
1
76
1
730
1
808
1
77
1
722
1
4061
1
78
2
728
1
77
1
808
1
731
1
799
1
808
1
807
1
1634
1
79
1
711
1
96
2
807
1
730
1
76
2
714
1
16
1
76
2
720
1
1616
1
824
1
888
2
807
2
730
1
77
3
729
1
78
2
729
1
2414
2
2519
1
4766
4
2521
1
810
1
1536
3
2415
3
805
1
1710
1
816
1
726
2
806
1
3
1
73
1
724
1
1615
2
904
1
808
1
804
1
808
1
732
1
2
1
73
1
731
1
4
1
72
1
2340
1
95
1
1617
1
806
1
732
3
805
1
808
1
801
1
92
1
715
1
1712
1
730
1
77
1
730
1
76
1
731
1
807
1
808
1
4132
1
807
1
1539
1
2418
1
824
1
78
1
1539
1
78
1
806
2
3958
1
903
1
3158
1
74
1
733
1
1702
1
714
1
14
1
888
1
729
1
78
1
805
3
806
1
1544
1
74
1
734
1
1246
1
88
1
1078
1
808
1
1710
1
2
1
811
1
725
1
3228
3
806
1
2443
3
81
1
723
1
815
1
2412
1
906
1
807
1
1537
1
813
1
2509
1
712
1
905
1
807
1
731
2
2423
1
4132
1
1539
1
1616
1
1609
1
94
1
1618
1
808
1
1539
1
807
1
808
1
800
1
3328
1
2
1
730
1
808
1
1616
1
800
1
1712
1
1616
2
731
1
792
1
15
1
793
1
822
1
800
1
14
1
887
1
1618
1
805
1
734
1
792
1
15
1
806
1
809
1
800
1
14
1
77
1
809
1
730
1
77
1
714
1
91
1
1543
1
792
1
822
1
1969
2
87
1
89
1
2
1
270
1
807
1
3251
2
74
1
1
3
726
1
809
1
1248
1
181
1
181
1
807
1
904
1
809
1
802
5
727
1
4
1
2952
1
1
1
1078
1
95
1
1617
1
730
2
804
1
2958
1
89
1
988
1
808
1
827
1
72
2
2
1
1538
1
75
1
809
1
1533
1
808
1
903
1
1615
2
1615
1
731
1
77
1
1532
1
3330
1
1524
1
15
1
74
1
718
1
12
1
77
1
1625
1
731
1
77
1
1615
1
2
1
731
1
1617
1
74
1
731
1
77
1
1531
1
808
1
93
1
809
1
805
1
1
2
1615
1
734
1
2509
1
92
1
809
1
714
2
732
1
73
1
1544
1
73
1
730
1
1
3
1615
1
1796
1
638
1
74
1
2336
1
16
1
807
2
2868
1
176
1
3418
1
1632
2
3
1
883
1
1
1
3
1
716
1
445
1
92
1
89
1
89
1
1706
1
906
1
809
1
726
1
2
1
73
1
2
2
725
1
809
1
1248
1
1
1
267
1
901
1
94
1
1618
1
730
1
73
1
2
1
728
1
2867
1
90
1
177
1
1
1
90
1
1712
1
808
1
730
1
806
1
885
1
1626
1
443
1
89
1
181
1
93
1
809
1
712
1
827
1
72
2
4053
1
535
1
1815
1
77
1
807
2
804
1
734
1
806
1
1609
1
92
1
715
1
826
1
882
1
1
1
1
1
2333
1
809
1
900
1
1623
1
93
1
713
3
3161
1
804
1
809
1
78
1
813
1
92
1
715
1
2353
1
72
1
718
1
823
1
2
1
2415
1
91
1
716
1
91
1
93
1
1449
1
882
1
730
2
811
3
803
1
2061
1
178
1
89
1
92
1
809
1
808
1
3236
1
825
1
797
1
536
1
183
1
88
1
1617
1
3252
1
82
1
724
1
79
1
1
1
718
1
448
1
360
1
717
1
90
1
807
1
906
1
809
1
727
1
79
1
725
1
78
1
730
1
1521
1
807
1
185
1
2427
1
728
1
806
1
809
1
800
1
537
1
270
1
94
1
1619
1
1540
1
75
2
804
1
731
1
77
1
731
1
799
1
539
1
2790
1
2
1
731
1
71
1
735
1
806
1
808
1
1429
1
88
1
183
1
1615
1
1
1
2
1
807
1
1
1
1540
1
805
2
807
1
77
1
737
1
703
1
180
1
94
1
621
1
90
1
2
1
809
2
732
1
71
1
4
1
1541
1
791
1
12
4
884
1
812
1
808
1
717
1
17
1
809
1
809
1
71
1
814
2
724
2
4
1
807
1
1697
1
92
1
715
1
717
1
2428
1
11
2
83
1
730
1
78
2
722
1
8093
1
14580
1
7289
1
21867
1
6482
1
14580
1
6480
1
1612
1
4863
1
812
1
1612
1
4861
2
813
1
1612
1
4861
1
1
1
812
1
1612
1
7289
1
4860
1
3
1
2424
1
93
2
6384
1
902
1
4772
1
1706
1
1
1
4767
2
2425
1
91
1
733
1
4035
1
3237
1
15
1
2413
1
3
1
811
1
1612
1
92
1
716
1
91
1
2
1
714
1
91
1
809
1
2339
1
1
1
812
1
3232
1
91
1
733
1
2416
2
812
1
3232
1
14
2
75
1
735
1
6475
1
77
1
3965
1
1705
1
812
1
1522
1
2434
1
3249
1
76
1
1527
1
2433
1
1
2
7290
1
1705
1
812
1
726
1
5751
1
4770
2
2518
1
2517
1
809
2
3960
1
724
1
3
1
4843
1
91
1
1
1
3163
1
2413
1
1710
2
812
1
4136
2
3879
2
1615
1
1791
1
628
1
2524
1
729
1
72
1
2523
1
811
1
3144
1
5
1
725
1
2599
3
650
2
785
1
807
1
1635
1
882
1
1712
1
1461
1
156
1
2247
1
93
3
728
1
884
1
902
1
811
1
810
1
648
1
161
1
2259
1
75
1
3
1
726
1
807
1
808
1
1789
1
734
1
707
1
807
1
823
1
76
1
1525
1
12
1
808
1
2445
1
153
1
811
1
86
1
2
1
357
1
358
1
3
1
88
1
86
1
629
1
4
1
87
1
87
1
537
1
90
1
91
1
717
1
4050
2
448
1
2
1
358
1
88
1
553
2
167
1
86
1
89
1
89
1
369
1
76
1
900
1
5
1
2332
1
97
1
803
1
645
1
253
1
178
1
180
1
2
1
537
1
90
1
89
1
281
1
165
1
3
1
810
1
1443
1
2444
2
77
2
795
1
270
1
90
1
177
1
629
1
89
1
283
1
167
2
806
1
815
1
711
1
809
1
745
2
1593
1
630
1
194
1
525
1
1259
1
4
1
803
1
5
1
1521
1
824
1
1
1
806
1
798
1
358
2
90
1
87
1
194
1
74
1
717
1
90
1
902
1
3
1
1442
1
888
1
809
1
17
1
725
1
79
1
799
1
447
1
1
1
87
1
90
2
1083
1
634
1
170
2
1
2
1521
1
744
1
80
1
1537
1
79
1
1248
1
1264
1
805
1
3
1
803
1
654
1
807
1
79
1
1538
1
65
1
13
1
800
1
715
1
14
1
76
1
903
2
804
1
1463
1
77
1
1
1
727
1
78
1
76
1
732
1
76
1
732
1
1608
1
730
1
171
1
2270
1
76
1
3
1
72
1
2352
1
76
1
628
1
16
1
349
1
1165
2
98
1
76
1
360
1
93
1
87
1
187
1
1070
1
3
1
807
1
560
1
808
1
1
1
77
2
731
1
76
1
1
1
980
1
269
1
89
1
449
1
178
1
89
1
176
2
362
1
267
1
88
1
452
1
804
1
810
1
562
1
79
1
806
1
3
1
73
1
731
1
982
1
179
1
1076
2
536
1
93
1
88
1
452
1
84
1
2
1
88
1
627
1
536
1
105
2
166
1
2
1
532
1
809
1
108
1
2057
1
179
1
448
1
89
1
179
1
87
1
176
1
180
1
361
1
453
1
85
1
1255
1
26
2
77
1
168
1
1
1
557
1
1594
1
23
1
967
1
93
1
89
1
265
1
359
1
93
1
265
1
543
2
85
1
91
1
87
1
1
1
538
1
644
1
165
1
534
1
105
1
169
2
1366
1
1612
1
74
1
183
1
179
1
354
1
274
1
88
1
718
3
177
1
89
1
447
1
93
2
560
1
79
1
168
1
2176
1
967
1
810
1
89
1
2
1
2
1
172
1
3
1
85
1
283
1
257
3
2
1
83
2
90
1
177
1
453
3
621
1
17
1
167
2
638
1
1523
1
809
1
1882
5
84
1
92
1
629
3
175
2
87
1
91
1
451
2
622
1
185
3
1445
1
3136
1
90
1
183
2
174
1
92
1
278
1
261
1
266
2
89
1
450
2
560
1
62
1
16
1
167
4
807
1
557
1
78
1
729
1
1634
1
1048
1
354
1
89
1
101
1
261
1
561
1
79
1
166
1
624
1
15
1
74
1
92
1
809
1
2
1
556
1
248
1
2
1
556
1
78
1
170
3
807
2
3688
1
628
1
292
2
78
2
259
1
466
1
83
1
169
1
542
1
96
1
883
1
736
1
1525
1
345
1
89
1
186
1
184
1
355
1
88
1
266
1
193
1
252
1
271
2
201
2
426
1
458
1
174
1
530
1
10
1
266
1
531
1
991
1
1086
1
89
1
89
1
89
1
449
1
81
1
96
1
178
1
191
1
613
1
1
1
446
1
5
1
88
1
176
2
201
1
1
1
425
1
458
1
168
1
810
1
546
1
91
1
171
1
3
1
806
1
894
1
96
1
89
1
276
1
352
1
268
1
540
1
88
1
178
1
88
1
96
1
530
1
293
1
336
1
2
1
467
1
247
1
2431
1
550
1
92
1
341
1
373
1
710
1
905
1
16
1
337
1
85
1
90
2
629
2
454
1
13
1
247
1
810
1
1368
1
251
1
991
1
719
1
455
1
94
1
258
1
84
1
3
1
178
1
281
1
164
1
90
1
2
1
87
1
355
1
3514
1
991
1
89
1
89
1
84
1
4
1
96
1
617
1
3
1
202
1
78
1
163
1
94
1
266
1
282
1
257
2
716
1
640
1
169
1
638
1
981
1
572
2
238
1
546
1
166
1
89
1
95
2
87
1
89
1
89
1
444
1
89
1
5
2
172
1
93
1
86
1
449
1
4
2
83
1
91
1
630
2
453
1
93
1
978
1
810
1
3
1
805
3
569
1
238
1
625
1
454
1
444
1
274
1
178
1
264
1
362
3
87
1
292
1
78
1
259
4
713
1
639
1
744
1
142
1
92
1
3
1
712
1
92
3
1526
1
179
1
183
1
291
1
243
1
179
1
179
1
2
1
201
1
78
1
256
1
90
2
458
1
729
1
823
1
872
1
175
1
1522
1
93
1
549
1
93
1
1151
1
277
1
807
1
110
2
871
1
362
1
2
1
626
1
717
1
93
3
542
1
1717
1
714
1
346
1
367
1
629
1
88
1
88
1
110
1
77
1
617
2
109
1
79
1
257
1
5
1
175
2
274
1
355
1
465
1
79
1
982
1
2
1
633
1
78
1
1348
1
89
1
629
1
7
1
261
1
367
1
262
1
4
1
110
1
77
1
345
1
271
2
356
1
272
2
263
1
364
1
2
1
464
1
1607
1
11
1
801
1
705
1
102
1
444
1
178
1
808
1
84
1
193
1
74
1
270
1
5
1
88
1
88
1
87
2
538
1
2
1
87
1
629
1
625
1
902
1
2074
1
188
1
252
1
96
1
268
1
111
1
517
1
174
1
193
1
345
1
180
1
539
1
91
2
718
1
3
1
713
1
93
1
1526
1
643
1
252
1
96
1
269
1
532
1
89
1
5
1
369
1
349
1
178
1
88
1
190
1
255
1
271
1
186
1
1164
1
466
1
249
1
717
1
665
2
235
1
549
1
443
1
364
1
77
1
634
1
540
1
88
1
176
2
266
1
271
1
2
1
87
1
629
1
469
1
78
1
979
1
717
1
902
1
993
1
458
1
618
1
111
1
428
1
84
1
3
1
444
1
272
3
457
1
260
1
483
1
327
3
477
1
64
1
170
1
1448
1
171
1
642
1
619
1
629
1
178
1
189
1
255
1
95
1
87
1
86
1
1
1
355
1
272
3
456
1
261
1
482
1
63
1
265
1
531
1
809
1
182
1
5
1
552
1
251
1
3
1
560
1
77
1
74
1
89
1
454
1
808
1
188
1
437
1
90
2
200
1
154
1
181
1
94
2
374
1
1867
1
815
1
621
1
186
1
546
1
93
1
1242
1
297
1
692
1
6
1
106
1
79
1
1879
3
624
1
637
1
92
1
796
1
12
1
2354
1
792
1
259
1
89
1
364
1
187
1
353
1
84
1
91
1
538
1
626
1
92
1
637
1
78
1
730
1
174
2
1701
1
477
1
609
1
261
1
450
1
6
1
88
1
88
1
445
1
95
1
84
1
538
1
182
2
626
1
94
1
1261
1
906
1
1062
1
367
1
629
1
892
1
636
1
84
1
90
2
276
1
77
1
274
1
1
1
532
1
91
1
904
2
440
1
823
1
902
1
253
1
276
1
89
1
187
1
441
1
366
1
75
1
277
1
82
1
89
1
93
1
94
1
13
1
78
1
349
1
90
2
720
2
1199
1
234
1
573
2
329
2
1279
1
429
1
261
1
5
1
94
1
93
1
440
1
178
1
188
1
346
1
89
1
180
1
1
1
539
1
2
1
1263
1
169
1
576
1
62
1
743
1
331
2
546
1
254
1
97
1
88
1
352
1
14
1
344
1
179
1
206
1
152
1
276
1
177
1
625
1
5
1
174
2
200
1
430
2
1199
1
234
1
573
1
330
1
623
1
629
1
27
1
169
1
161
1
186
1
460
1
259
1
455
1
75
1
17
1
525
1
188
1
94
1
258
1
84
1
1
1
1097
1
14
1
63
1
262
1
466
1
249
1
905
2
1798
1
82
1
283
1
808
1
618
1
97
1
91
1
95
1
344
2
303
1
417
3
715
1
811
1
1287
1
54
1
26
2
154
1
1437
1
456
1
88
1
84
1
268
1
360
1
93
1
87
1
110
1
173
1
162
1
181
3
719
1
390
1
52
1
274
1
1289
1
784
1
106
2
798
1
74
1
734
1
164
1
1620
1
89
1
359
1
5
1
92
1
261
1
274
1
88
1
86
2
267
1
662
1
68
1
170
1
568
2
68
1
78
1
2336
1
14
1
74
1
538
1
101
1
14
1
887
1
622
1
534
1
89
1
89
1
92
1
187
1
350
1
2
1
388
1
144
1
184
2
451
1
24
1
1
1
52
1
12
1
78
1
717
1
91
1
94
1
545
1
902
1
343
1
386
1
77
1
715
1
979
1
541
1
108
1
80
1
441
3
627
1
479
1
331
1
452
1
25
2
143
1
93
1
640
1
1540
1
700
1
185
1
256
1
89
1
89
1
185
1
444
1
185
1
88
1
88
1
628
3
300
1
417
1
388
1
2
1
806
1
1596
1
92
1
532
1
89
1
629
1
81
1
89
1
6
1
107
1
425
1
274
1
281
1
344
1
89
1
2
1
86
1
1
1
282
1
72
1
91
1
182
2
298
1
64
1
262
1
480
1
65
1
170
1
184
2
350
1
2070
1
186
1
276
1
442
1
287
1
77
1
94
1
252
1
89
1
183
1
186
1
350
1
91
2
460
1
165
1
482
1
160
2
165
1
480
1
161
1
713
1
95
1
74
1
537
1
27
1
75
1
1252
1
178
1
808
1
109
1
425
1
179
1
92
1
538
1
378
1
78
1
261
1
91
1
551
2
165
1
91
1
374
1
175
1
73
1
559
1
175
1
74
1
734
1
439
1
199
1
75
1
93
1
342
1
95
1
83
1
115
1
153
1
16
1
348
1
365
1
348
1
93
1
176
2
85
1
23
1
429
2
392
1
325
1
1527
1
186
1
385
1
81
2
154
1
93
1
639
1
624
1
535
1
88
1
275
1
731
1
172
1
347
1
87
1
198
1
15
1
414
1
377
1
176
1
164
1
92
1
442
1
275
1
91
1
469
1
153
1
94
1
561
1
153
1
95
1
468
1
520
1
272
1
14
1
169
1
1160
1
459
1
253
1
94
1
624
1
91
1
392
1
326
1
546
1
729
1
96
2
249
1
450
1
90
1
14
1
3938
1
813
1
7285
3
1615
1
8099
1
6479
1
6479
1
5
1
7289
1
1706
1
1
1
5580
1
802
1
93
1
715
1
96
1
3954
1
1617
1
8926
1
73
1
4861
1
1541
1
81
1
725
1
803
1
4944
1
731
1
808
1
1609
1
1622
1
2515
1
1
1
729
1
808
1
3226
1
2521
1
1
1
732
1
79
1
3145
1
4059
1
887
1
2340
1
2520
1
730
1
4037
2
811
1
2440
1
805
1
809
1
2419
1
1624
1
83
1
1540
1
84
1
1521
1
3246
1
1628
1
80
1
803
1
718
1
182
1
2160
1
4945
1
11
1
902
1
2
1
2328
1
895
1
1
1
728
2
892
1
84
1
1
1
636
1
904
1
74
1
5
1
633
1
1703
1
810
1
725
1
3410
2
808
1
718
2
2349
1
807
1
815
1
975
1
811
1
810
1
623
1
903
1
810
1
1535
1
85
1
1704
1
2789
1
359
2
1525
1
13
1
76
1
730
1
4
1
975
2
810
1
1622
1
623
1
631
1
1810
1
75
1
730
1
85
1
84
1
1622
1
649
2
154
1
732
1
76
1
1171
1
1898
1
2
1
74
1
5
1
730
1
165
1
2270
1
79
1
1
1
80
1
1434
1
540
1
87
1
1079
1
3
1
804
1
900
1
2
1
1539
2
2866
2
177
1
989
1
808
1
91
2
1540
1
81
1
633
1
14
2
160
1
632
1
2334
1
85
1
822
2
75
1
735
1
166
1
2269
1
155
1
652
1
249
2
545
1
12
1
790
1
627
1
1
1
1082
1
897
1
1621
1
632
1
16
1
244
1
1
1
558
1
796
1
12
1
798
1
174
1
357
1
89
1
185
1
175
1
443
1
365
1
176
1
2339
1
560
1
63
1
822
1
1530
1
173
1
357
1
898
1
362
1
87
1
84
1
271
1
266
1
185
1
897
1
470
1
78
1
808
1
169
1
559
1
809
1
967
1
6
1
357
1
175
1
3
1
96
1
174
1
446
1
362
1
82
1
4
1
178
1
365
1
264
1
88
1
720
1
557
1
1
1
77
1
167
1
3
1
556
1
876
1
183
1
1
1
809
1
548
1
75
1
96
1
357
1
451
1
172
1
362
1
97
1
263
1
178
1
178
1
540
1
86
1
447
1
185
1
86
2
721
1
556
1
252
1
714
1
94
1
623
1
186
1
1078
1
451
1
633
1
263
1
178
1
178
1
356
1
94
1
88
1
177
1
356
1
181
1
3
1
636
1
1789
1
1362
1
255
1
3
1
269
1
451
1
87
1
448
1
96
1
263
1
88
1
86
1
633
1
86
1
471
2
63
1
15
1
169
1
641
1
977
1
2169
1
75
1
90
1
89
1
88
1
364
1
270
1
84
1
91
1
356
1
363
1
176
1
632
1
623
1
16
1
168
1
556
1
252
1
805
1
1449
1
175
1
719
1
174
1
1
1
632
1
85
2
88
1
90
1
354
1
275
1
267
1
88
2
279
1
1
1
727
1
3
1
1868
1
569
2
807
1
959
3
1253
1
89
1
3
1
357
1
1
1
357
1
89
1
192
1
804
1
174
1
2189
2
807
1
159
1
615
1
91
1
537
1
361
1
359
1
447
1
91
1
449
1
110
1
1
1
249
1
622
1
181
1
1541
1
1
1
81
1
725
1
2
1
648
1
80
2
79
1
622
1
94
1
1970
1
178
1
196
1
78
1
348
1
380
1
797
1
351
1
3
1
453
1
1631
1
1608
1
93
1
1426
1
2
1
111
1
518
1
719
1
85
1
2
1
274
1
809
1
352
1
718
1
2068
1
815
1
450
1
465
1
3
1
1142
1
271
2
185
1
1619
1
834
1
881
1
350
1
262
1
194
1
620
1
186
1
263
1
809
1
88
1
1172
1
533
1
632
1
441
1
35
1
329
2
442
1
10
1
261
1
644
1
613
1
194
1
620
1
916
1
343
1
82
1
5
1
266
1
718
1
447
1
574
3
1136
1
562
1
77
1
2260
1
62
1
13
1
729
1
343
1
88
1
623
1
362
1
174
1
362
1
90
1
391
1
327
1
1451
1
1
1
720
1
72
1
735
1
163
1
186
1
172
1
95
1
93
1
14
1
695
1
455
1
88
1
1199
1
329
1
543
1
261
1
2
1
544
1
16
1
76
2
728
1
82
1
624
1
77
1
718
1
105
1
351
1
82
1
185
1
93
1
535
1
174
1
189
1
354
1
805
1
2
1
389
1
1
1
232
1
95
1
558
2
62
1
13
1
1
1
166
1
2
1
558
1
248
2
624
1
901
1
358
1
284
1
728
1
77
1
438
1
4
1
84
1
93
1
540
1
85
1
2
1
88
1
196
1
172
1
260
1
533
1
16
1
169
1
560
1
1054
1
639
1
170
2
717
1
563
1
77
1
1251
1
178
1
106
1
433
1
86
1
287
1
345
1
85
1
1
1
352
1
35
1
888
1
252
1
476
1
79
1
1061
1
470
1
74
1
93
1
638
1
169
1
344
1
463
1
3
1
805
1
527
1
188
1
92
1
649
2
159
1
256
1
92
1
1439
2
453
1
23
1
802
1
169
1
432
1
281
1
93
2
1444
1
171
1
353
1
177
1
184
1
92
1
3
1
259
1
88
1
88
1
86
2
84
1
35
1
158
1
2
1
611
1
21
1
172
1
716
1
95
1
727
2
155
1
93
2
469
1
808
1
170
1
636
1
425
1
270
1
98
1
259
1
277
1
362
1
92
1
530
1
119
2
161
1
162
1
273
1
354
1
17
1
632
1
95
1
806
1
722
1
75
1
94
1
431
1
205
1
979
1
253
1
369
1
184
1
613
1
541
1
306
1
155
1
263
1
467
1
340
1
87
1
378
1
1532
1
62
1
107
1
71
1
565
1
171
1
341
1
371
1
94
1
72
1
367
1
82
1
98
1
185
1
351
1
260
1
195
1
975
1
566
1
426
1
297
1
237
1
571
1
159
1
643
1
170
1
161
1
475
1
171
1
251
1
461
1
77
1
16
1
622
1
185
1
351
1
297
1
1
1
62
1
93
1
635
1
12
1
81
2
76
1
1159
2
457
1
664
1
788
1
170
1
809
1
713
1
94
1
529
1
92
1
169
1
15
1
351
1
173
1
719
1
90
1
1
1
199
1
342
1
174
1
209
1
423
1
400
1
1598
1
793
1
186
1
522
1
285
1
433
1
95
1
262
1
14
1
530
1
200
1
606
1
543
1
1274
1
248
1
560
1
800
1
716
1
13
1
172
1
807
1
164
1
89
1
186
1
181
1
26
1
156
1
437
1
93
1
198
1
517
1
722
1
311
1
64
1
742
1
809
1
775
1
995
1
342
1
291
1
796
1
90
1
91
1
529
1
200
1
521
1
286
1
431
1
311
2
807
1
809
1
1139
1
86
2
628
1
536
1
90
1
182
1
1
2
543
1
13
1
1500
1
197
1
1
1
63
1
361
1
4
1
1903
1
79
1
12
1
2
1
80
1
168
1
467
1
166
1
180
1
720
1
2
2
531
1
11
1
78
1
183
2
1251
1
119
1
77
2
691
1
114
1
813
1
690
1
193
1
1710
1
3
1
545
1
795
1
90
1
528
1
988
1
21
1
12
1
81
1
153
1
367
1
88
1
196
1
433
1
713
1
181
2
287
1
66
1
273
1
468
1
2417
1
91
1
436
1
297
1
331
1
380
1
609
1
211
1
80
1
611
1
716
1
538
1
810
1
2914
1
689
1
102
1
171
1
649
1
80
1
808
1
1149
1
91
1
444
1
90
1
731
1
526
1
2069
1
360
1
281
1
76
1
360
1
6
1
88
1
1253
1
480
1
512
2
295
1
12
1
146
1
262
1
1188
1
1145
1
89
1
395
1
80
1
152
1
732
1
444
1
88
1
1084
1
355
1
84
1
629
1
91
2
718
1
2
1
362
1
13
1
64
1
179
1
809
1
89
1
179
1
387
1
690
1
193
1
437
1
816
1
284
1
78
1
533
1
115
1
12
1
54
1
535
1
273
1
352
1
812
1
547
1
93
1
161
1
89
1
557
1
543
1
14
1
250
1
520
1
35
1
966
1
445
1
260
1
10
1
441
1
181
2
104
1
91
1
248
1
90
1
90
1
91
1
194
1
432
1
4
1
478
2
969
1
809
1
622
1
15
1
169
1
343
1
177
1
286
1
164
1
406
1
64
1
173
1
792
1
366
1
192
1
526
1
389
2
808
2
703
1
619
1
93
1
174
1
15
1
164
1
180
1
2
1
364
1
13
1
338
1
1
1
1423
1
104
1
1
1
253
1
186
1
126
1
67
1
247
1
364
1
127
1
148
1
349
1
311
1
317
1
640
1
716
1
454
1
85
1
92
1
538
1
355
1
26
1
78
1
257
3
625
1
167
1
1080
1
816
1
88
1
81
1
45
1
763
1
45
2
407
1
3
1
544
1
717
1
16
1
347
1
175
1
1
1
88
2
357
1
94
1
470
1
77
1
603
1
123
1
505
1
461
1
809
1
95
1
433
1
132
2
590
1
219
1
314
1
183
1
295
1
12
1
2
1
407
1
1
1
452
1
16
1
257
1
175
1
1
1
88
1
540
1
473
1
792
1
93
1
168
1
558
1
158
1
528
1
201
1
78
1
92
1
569
1
1
1
144
1
94
1
254
1
459
1
442
1
445
1
910
1
2
1
86
1
1
1
88
1
1350
1
560
1
156
1
731
1
77
1
167
1
562
1
78
1
903
1
1
1
349
1
215
1
498
1
310
1
67
1
341
1
637
1
270
1
539
1
718
1
527
1
110
1
13
1
249
1
638
1
170
1
74
1
360
1
134
1
1
1
64
1
78
1
717
1
185
1
345
1
94
1
719
1
87
1
210
2
418
3
636
1
87
1
89
1
357
1
90
1
1426
1
285
1
557
1
158
1
717
1
753
1
67
1
157
1
16
2
438
1
208
2
597
1
104
1
68
1
10
1
24
1
422
1
453
1
182
1
87
2
88
1
294
1
62
1
90
1
1619
1
92
1
74
1
496
1
680
1
367
1
532
1
117
1
595
1
3
1
625
1
275
1
536
3
634
1
2
1
1
1
84
2
88
1
357
1
15
1
512
1
371
1
257
1
393
1
821
1
53
1
184
1
442
1
193
1
984
1
254
1
324
1
579
1
229
1
212
1
913
1
1
2
533
1
15
1
152
1
89
1
15
2
162
1
384
1
168
1
93
1
1062
1
997
1
713
1
211
1
159
1
1
1
438
1
114
1
24
1
1601
1
62
1
743
1
65
1
360
1
90
1
1
2
354
1
12
1
258
1
256
1
269
1
10
1
90
1
90
1
91
2
546
1
744
1
679
1
714
1
90
1
448
1
490
1
320
1
560
1
620
1
162
1
24
1
346
1
90
3
275
1
92
1
965
1
104
1
481
1
65
1
78
1
665
1
236
1
436
1
267
1
271
1
270
1
3
1
936
1
148
1
263
2
373
1
67
1
555
1
89
1
535
1
4
1
85
1
277
1
260
1
90
1
811
1
2
1
463
1
1779
1
979
1
271
1
174
1
363
1
914
1
176
1
629
1
379
1
246
1
905
1
544
1
246
1
733
1
637
1
809
1
430
1
94
1
363
1
95
1
259
1
727
1
88
1
178
1
191
1
255
1
90
2
719
1
718
1
92
2
342
1
202
1
796
1
183
1
346
1
198
1
91
1
717
1
79
1
25
1
158
1
347
1
301
1
1
1
234
1
273
1
817
1
87
2
1001
1
259
2
547
1
262
1
342
1
136
1
402
1
1258
1
361
1
270
1
130
1
45
1
38
1
232
1
468
1
22
1
56
1
443
1
93
1
815
1
88
1
1262
1
432
1
114
1
262
1
478
1
53
1
12
1
170
1
93
1
520
1
1442
1
96
1
21
1
238
1
452
1
4
1
138
1
66
1
328
1
271
2
199
1
525
1
1
1
202
1
244
1
562
1
339
1
974
1
289
1
263
1
93
1
475
1
82
1
713
1
25
2
66
1
65
1
903
1
715
1
15
1
77
1
2
1
164
1
271
3
120
1
62
1
14
1
438
1
86
1
90
1
191
1
166
1
181
1
459
1
742
1
65
1
262
1
73
1
487
1
231
1
458
1
48
1
67
1
726
1
407
1
180
1
232
1
150
2
425
1
231
1
55
1
93
1
79
1
1
1
165
1
90
1
181
1
365
1
89
1
89
1
4
1
84
1
180
1
112
1
429
1
717
1
165
1
369
1
182
1
653
1
80
1
168
1
253
1
386
1
808
2
75
1
438
1
291
1
78
1
3
1
435
1
369
1
2
1
165
1
184
1
379
1
342
1
618
1
191
1
5
1
84
3
185
1
10
1
431
1
2
2
161
1
554
1
547
1
797
1
169
1
14
1
885
1
360
1
4
1
353
1
275
1
86
2
368
1
650
1
233
1
460
1
635
2
85
1
266
1
180
1
77
1
107
1
454
1
260
1
1606
1
1451
1
440
1
3
1
87
1
355
1
182
1
391
1
63
1
12
1
256
1
276
1
88
1
106
1
521
1
85
1
631
1
2
2
373
1
13
3
131
1
179
1
13
1
75
1
179
1
1032
1
148
1
91
1
637
1
809
1
173
1
75
1
901
1
90
1
264
1
113
1
166
1
276
1
87
1
89
1
108
1
54
1
551
2
1184
1
165
1
642
1
75
1
638
1
94
1
62
1
106
2
531
1
531
1
810
1
175
1
127
1
64
1
442
1
264
1
23
1
76
1
89
1
89
1
363
1
265
1
275
2
83
1
465
1
975
1
718
1
546
1
91
1
14
2
247
1
344
1
131
1
81
1
80
1
77
1
581
1
150
1
244
1
642
1
167
1
180
1
289
1
76
1
269
1
89
1
89
1
89
1
269
1
270
1
3
1
86
1
447
1
809
1
15
1
601
1
32
1
12
1
145
1
91
1
166
1
550
1
168
1
15
1
476
1
81
1
65
1
14
1
170
1
463
1
23
1
2
1
65
1
740
1
2
1
942
1
276
1
265
1
266
1
16
1
792
1
181
1
627
1
15
1
622
1
24
1
82
1
154
1
166
1
485
1
249
1
639
1
170
1
1331
1
115
1
641
1
153
1
16
1
259
1
265
1
110
1
155
1
274
1
456
1
77
1
181
1
643
1
512
1
201
1
170
1
166
1
390
1
25
1
31
1
631
1
143
1
228
1
636
1
93
1
336
1
378
1
158
1
1095
1
88
1
88
1
85
1
180
1
276
1
84
1
289
1
157
1
664
1
53
1
106
1
1421
1
46
1
303
1
733
1
1067
1
628
1
484
1
695
1
98
1
91
1
439
1
1
1
302
1
158
1
257
1
364
1
186
1
166
1
479
1
12
1
31
1
763
1
162
1
76
1
76
1
1301
1
11
1
12
1
216
1
438
1
128
1
11
1
13
1
215
1
349
1
5051
2
793
1
2434
1
809
1
3234
1
902
1
2338
1
2427
1
6
1
1612
1
824
1
77
1
3148
1
1617
1
2444
1
886
1
5669
2
730
1
5747
1
812
1
727
1
5750
1
811
1
725
1
981
1
2247
1
2440
1
81
1
804
1
903
1
4769
1
730
1
805
1
797
1
11
1
905
1
73
1
3151
1
723
1
892
1
91
1
808
1
3
1
730
1
728
2
1690
1
711
1
97
1
723
1
78
1
1528
1
821
1
1792
1
1530
1
809
1
726
2
795
1
97
1
711
1
2617
1
4671
1
809
1
1647
1
3306
1
805
1
2350
1
172
1
651
1
63
1
96
1
1164
1
179
1
904
1
83
1
730
2
795
1
15
1
3249
1
79
1
2331
1
83
1
1527
1
182
1
808
1
1542
1
729
1
787
1
2
1
536
1
989
1
94
1
892
1
4
1
730
1
1706
1
2329
3
628
1
86
1
3
1
1719
1
74
1
91
1
1539
1
1
1
729
2
154
1
652
1
1058
1
541
1
629
1
182
1
815
2
885
1
736
1
85
1
81
1
1541
1
977
1
623
1
2252
1
102
1
805
1
1618
1
14
1
75
1
78
1
1528
1
105
1
75
1
639
1
95
1
1334
2
96
1
264
1
88
1
267
1
447
1
182
1
719
1
626
1
651
1
2
1
246
1
1
1
638
1
1
1
726
1
797
1
1074
1
448
1
272
1
176
1
455
1
259
1
726
1
984
1
469
1
251
1
808
2
809
1
557
1
251
2
714
1
628
1
454
1
267
1
719
1
630
1
543
1
644
1
80
1
170
1
637
1
3
1
165
1
1
1
1621
1
623
1
730
1
174
1
173
1
93
1
85
1
3
1
89
1
86
1
268
1
183
1
266
1
629
1
1
1
88
1
629
1
469
1
251
1
715
1
901
1
2
1
806
1
554
1
168
1
358
1
281
1
791
1
364
1
631
1
174
1
180
1
290
2
79
1
732
1
243
1
627
1
809
1
756
2
239
1
713
1
358
1
286
1
1153
1
361
1
189
1
259
1
471
1
79
1
3235
1
724
1
74
1
269
1
274
1
190
1
163
1
182
1
631
1
444
1
540
2
468
1
3
1
62
1
1806
1
1537
2
628
1
1
1
168
1
178
1
719
1
87
2
271
1
537
1
178
2
276
1
13
1
162
1
87
1
623
1
996
1
554
1
809
1
13
1
160
1
1440
1
74
1
634
1
268
1
266
1
181
1
277
2
619
1
95
1
95
1
73
1
90
1
565
1
61
1
186
1
554
1
172
1
715
1
95
1
713
1
730
1
12
1
330
1
459
1
620
1
90
1
94
1
169
1
359
1
266
1
272
1
2
1
448
1
95
1
90
1
78
1
718
1
104
1
1538
1
83
1
72
1
573
1
875
1
12
1
252
1
467
4
692
1
111
1
813
1
340
1
267
1
805
1
1354
1
87
1
388
1
865
1
275
1
477
1
802
2
61
1
743
1
1
1
75
1
1545
1
1414
2
718
2
719
1
1255
1
276
1
453
1
16
1
807
1
431
1
1077
1
451
1
987
1
2251
1
559
1
78
1
170
1
1709
1
89
1
89
1
82
1
178
1
11
1
729
1
702
1
452
1
88
1
174
1
187
1
24
1
784
1
445
1
363
1
105
1
78
2
171
1
639
1
1969
1
89
1
82
1
6
1
109
1
73
1
534
1
194
1
699
1
448
1
6
1
88
1
174
1
212
1
1
1
873
1
354
1
471
1
78
1
170
1
451
1
1712
1
808
1
729
1
428
1
815
1
390
1
155
2
256
1
472
2
76
1
259
1
470
1
253
1
542
1
169
1
643
1
165
1
538
1
25
2
75
1
808
1
258
1
179
1
290
1
345
1
353
1
280
1
348
1
92
1
208
1
80
1
340
1
87
1
286
1
158
1
17
1
255
2
1163
1
901
1
13
1
2
1
726
1
2
1
74
1
77
1
449
1
201
1
703
1
104
1
345
1
267
1
625
1
181
1
1098
1
254
1
85
1
354
1
113
1
743
1
868
1
1
1
522
1
89
1
88
1
102
1
729
1
171
1
531
1
104
1
248
1
180
1
4
1
387
2
155
1
638
1
431
1
1165
1
831
1
894
1
1161
1
374
1
170
1
167
1
184
1
89
1
89
1
197
1
341
1
88
1
300
1
75
1
717
1
821
1
809
1
1061
2
896
2
88
2
88
1
89
1
1
1
88
2
84
1
272
1
547
1
248
1
13
1
436
1
280
1
438
1
215
1
142
1
544
1
122
1
77
1
341
1
176
1
291
1
793
1
91
1
260
1
365
1
10
1
1251
1
89
2
75
1
14
1
88
2
175
1
90
1
92
1
534
1
181
1
91
1
75
1
641
1
445
1
719
1
88
1
84
1
204
1
518
1
286
1
1619
1
341
2
636
3
358
1
1076
1
348
1
380
1
12
1
1
1
811
1
76
1
726
1
85
1
61
1
542
1
1
1
626
1
4
1
85
1
208
1
12
1
2
1
1751
1
449
1
1439
1
394
2
888
2
1330
1
533
1
274
1
205
1
12
1
497
1
265
1
834
1
245
1
719
1
89
1
1386
1
690
1
195
1
3
1
519
1
88
1
274
1
533
1
82
1
32
1
13
2
794
1
147
1
11
1
350
1
3
1
1083
1
90
1
257
1
642
1
256
1
1207
1
689
1
719
1
88
1
81
1
726
1
115
1
809
1
510
1
719
1
2901
3
62
1
547
1
622
1
96
1
88
1
937
1
66
1
520
1
208
1
79
1
433
1
390
1
876
1
539
1
1606
1
122
1
83
1
61
1
547
1
803
1
942
1
588
1
460
1
166
1
92
1
390
1
157
1
1
1
1167
1
90
1
921
1
77
2
168
2
344
1
291
1
66
1
103
1
443
1
923
1
14
1
143
1
91
1
258
1
367
1
809
1
25
1
160
1
164
1
389
1
958
1
179
1
471
1
427
1
269
1
202
1
3
1
168
1
702
1
180
1
736
1
567
3
239
1
648
1
77
2
63
1
17
1
257
1
388
1
81
1
74
1
5
1
553
1
92
1
82
1
638
1
1234
1
4
1
178
1
88
1
106
1
2685
1
437
1
195
1
740
1
227
1
273
1
1189
1
75
1
366
1
272
1
14
1
609
1
86
1
1
1
628
1
628
1
2
1
478
1
224
1
586
1
493
1
556
1
436
1
127
1
68
1
173
2
1980
1
171
1
26
1
77
1
604
1
14
1
539
1
88
1
75
1
552
1
2
1
1286
1
765
1
284
1
524
1
285
1
350
1
172
1
112
1
12
1
2
1
63
1
78
1
576
1
428
1
89
1
84
1
95
1
449
1
83
1
3
1
178
1
74
1
13
1
96
1
12
1
247
1
94
1
87
1
720
1
1874
1
462
1
650
1
1
1
414
1
94
1
1020
1
62
1
365
1
174
1
4
1
540
1
176
1
87
2
542
1
86
1
719
1
1
1
716
1
3013
1
1219
1
84
1
184
1
109
1
78
1
261
1
265
1
542
1
545
1
261
1
74
1
404
1
2
1
234
1
1157
1
198
1
22
1
82
2
702
1
617
1
87
1
126
1
80
1
80
1
1
1
335
1
91
2
290
1
344
1
89
1
294
1
63
1
14
1
346
1
89
1
370
1
262
1
162
1
539
1
809
1
730
1
661
1
890
1
158
1
626
1
90
1
16
1
74
1
259
1
356
1
26
1
350
1
88
1
353
1
78
1
179
1
105
1
73
1
13
1
289
1
339
1
2
1
2072
1
105
2
142
1
270
1
299
1
92
1
326
1
275
1
286
1
2
1
334
1
323
1
213
1
272
1
304
1
78
1
255
1
76
1
17
1
71
1
16
1
89
1
89
1
108
1
155
1
271
1
1
1
717
1
3
1
808
1
702
1
559
1
185
1
75
1
558
1
25
2
30
1
361
1
186
1
84
1
117
1
24
1
809
1
32
1
21
1
431
1
4
1
299
1
78
1
350
1
84
1
3
1
89
1
354
1
90
1
181
2
717
1
482
2
325
1
3
1
531
1
24
1
1
1
76
1
65
1
11
1
94
1
452
1
182
1
171
1
1878
1
231
1
486
1
727
1
460
1
168
1
450
1
5
1
115
2
600
1
194
1
174
1
260
1
86
1
525
1
11
1
581
1
486
1
323
1
68
2
715
1
24
1
69
1
421
1
86
1
301
1
158
1
557
1
516
1
996
1
183
1
93
1
345
1
182
1
117
1
3
1
324
1
167
1
12
1
447
1
14
3
255
2
469
1
248
1
2
1
487
1
809
1
1
1
70
1
51
1
452
1
3
1
443
1
276
1
271
1
102
1
437
1
465
1
1154
1
93
1
86
1
1
1
118
1
161
1
165
1
257
1
385
1
645
1
82
2
79
3
169
1
451
1
34
2
71
1
77
2
644
1
15
1
147
2
153
1
361
1
141
1
149
1
78
1
561
1
424
1
382
1
78
1
167
1
450
1
284
1
344
1
4
1
175
2
120
3
64
1
259
1
903
1
363
1
106
1
63
1
14
1
514
1
145
1
147
1
646
1
589
1
815
1
379
1
162
1
459
1
186
1
349
1
88
1
1020
1
158
1
345
1
299
1
147
1
15
1
74
1
181
1
445
1
90
1
14
1
167
1
493
1
132
1
78
1
639
1
103
1
523
1
714
1
92
1
197
1
886
1
809
1
16
1
253
1
182
1
209
1
145
1
363
1
274
1
22
1
163
1
257
1
468
1
1316
1
232
1
56
1
339
1
400
1
318
1
365
1
902
1
1007
1
347
1
87
1
210
1
145
1
661
1
82
1
888
1
515
1
952
1
34
1
762
1
160
1
642
1
783
1
541
1
5
1
174
1
1
1
282
1
344
1
76
1
13
1
164
1
282
1
167
1
390
1
11
1
238
1
582
1
318
1
489
1
148
1
615
1
842
1
94
2
585
1
2
1
196
1
617
1
724
1
85
1
283
1
242
1
12
1
473
2
335
1
3
1
372
1
92
1
79
1
728
1
79
1
660
1
322
1
163
1
1120
1
25
1
473
1
90
1
91
2
197
1
65
1
89
1
11
1
179
1
257
1
11
1
359
1
77
1
179
1
192
1
2
1
185
1
797
1
740
1
25
1
145
1
169
1
91
2
164
1
551
1
814
1
499
1
67
1
144
1
94
1
346
1
128
1
93
1
144
1
356
1
219
1
78
1
168
1
544
1
11
1
82
1
76
1
94
1
162
1
390
1
238
1
438
1
16
1
127
1
502
1
85
2
184
1
102
1
706
1
1805
1
657
1
307
1
182
1
1
1
390
1
74
1
654
1
502
1
289
1
820
1
81
1
337
1
167
1
12
1
2
1
183
1
533
2
536
1
90
1
456
1
993
1
337
1
298
1
10
1
1065
1
639
1
725
1
82
1
604
1
108
1
68
1
619
1
13
1
129
1
1
1
499
1
306
1
856
1
273
1
812
2
253
1
902
1
1750
1
157
1
443
1
83
1
4
1
172
1
457
1
175
1
117
1
12
1
1218
1
456
1
751
1
57
1
79
1
530
1
370
1
536
1
101
1
92
1
525
1
283
1
345
1
386
1
603
1
3
1
199
1
431
1
87
1
87
1
199
1
79
1
425
1
290
1
11
1
326
1
13
1
3
1
394
1
959
1
171
1
569
1
55
1
169
1
15
1
164
1
301
1
1236
1
276
1
117
1
81
1
76
1
75
1
365
1
161
1
20
1
105
1
335
1
180
1
224
1
65
1
431
1
73
1
552
1
76
1
17
1
394
1
149
1
78
1
438
1
223
1
1
1
237
1
165
1
321
1
13
2
308
1
466
1
1512
1
807
1
719
1
219
1
55
1
92
1
258
1
90
1
1
1
626
1
1157
1
154
1
55
1
159
1
593
1
55
1
147
1
106
2
253
1
728
1
306
1
683
1
4
1
277
1
346
1
181
1
106
1
340
1
185
1
85
2
719
1
263
1
193
1
169
1
91
1
410
1
1929
2
254
1
1192
1
531
1
117
1
81
1
334
1
184
1
86
1
615
1
1147
1
68
2
873
1
157
1
514
1
475
1
402
1
242
1
1289
1
64
1
529
1
293
1
77
1
438
1
209
1
406
1
401
1
512
2
319
1
55
1
79
1
672
1
774
1
148
1
695
1
68
1
717
1
68
1
181
1
93
1
1063
1
221
1
3
1
772
1
275
1
243
1
102
1
4
1
213
1
12
1
204
1
286
1
304
1
13
1
124
1
11
1
78
1
184
1
163
1
242
1
386
1
424
1
137
1
523
1
287
1
64
1
363
2
183
1
33
1
66
1
13
1
262
1
532
1
90
1
91
1
436
1
189
1
751
1
57
1
183
1
256
1
183
1
631
1
316
1
655
1
199
1
79
1
11
1
626
1
45
1
294
1
14
3
635
1
338
1
181
2
93
1
36
1
63
1
14
1
714
1
79
1
90
1
718
1
183
1
165
1
402
1
2
1
65
1
982
1
256
1
90
3
523
1
515
1
215
1
592
1
1
1
32
1
10
1
23
1
55
1
11
1
605
1
20
1
46
1
68
1
240
1
74
1
180
1
378
1
92
1
1367
1
56
1
10
1
349
1
390
1
13
1
752
1
296
1
349
1
460
2
256
2
388
2
328
1
412
1
841
1
10
1
26
1
719
1
247
1
809
1
638
1
170
1
164
1
276
1
367
1
345
1
5
1
87
1
196
1
522
1
73
1
386
1
257
1
376
1
237
1
823
1
166
1
643
1
2257
1
533
1
129
2
52
1
12
1
610
1
197
1
79
1
349
1
90
2
461
1
257
1
1
1
341
1
729
1
79
1
192
1
536
1
1813
1
437
1
539
1
494
1
67
1
427
1
94
1
86
1
372
1
255
1
91
1
74
1
178
1
465
1
1
1
1092
1
820
1
174
1
65
1
168
1
406
1
154
1
652
1
794
1
704
1
354
1
365
1
365
1
93
1
74
1
502
1
56
1
12
1
419
1
1
1
316
1
308
1
2066
1
285
1
1354
1
26
1
583
1
93
1
128
1
147
1
258
1
180
1
3
1
72
1
156
1
21
1
47
1
234
1
734
1
152
1
107
1
441
1
696
2
136
1
144
1
270
1
256
1
54
1
56
1
629
1
630
1
213
1
80
1
169
1
533
1
22
1
67
1
12
1
171
1
436
1
118
1
238
1
14
1
351
1
227
1
214
1
14
1
554
1
254
1
692
1
116
3
563
1
23
1
56
1
13
2
147
1
646
1
12
1
32
1
180
1
12
1
490
4
53
1
739
1
69
1
273
1
345
1
168
1
46
2
63
1
14
1
728
3
131
1
23
1
245
1
11
1
181
1
95
1
117
1
156
1
257
1
297
1
69
1
10
1
14
1
783
1
10
1
251
1
76
1
378
1
115
1
944
1
271
1
180
1
2
1
374
1
572
4
158
1
809
1
75
1
652
3
79
1
501
1
12
1
198
1
15
1
505
1
2
1
300
1
131
1
25
1
1
1
256
3
304
1
413
2
453
1
22
1
2
1
237
1
256
1
312
2
496
1
218
1
341
1
334
1
476
1
443
1
197
1
74
1
347
1
268
1
117
1
152
1
270
1
231
1
57
1
12
1
2
1
142
1
366
1
229
1
226
1
64
1
746
2
633
1
821
1
68
1
649
1
79
1
168
1
93
1
242
1
1010
1
35
3
41
1
927
1
656
2
71
1
78
2
243
1
257
1
14
1
73
1
134
1
82
2
231
1
12
1
90
1
976
1
385
2
633
1
419
1
277
1
34
1
246
1
336
1
223
1
344
1
1152
1
280
1
15
1
75
1
437
1
5
1
70
1
136
1
80
1
244
1
185
1
86
1
291
1
154
1
90
1
90
1
296
1
10
1
164
2
245
1
386
1
10
1
243
1
1369
1
77
1
263
1
714
1
810
1
346
1
222
1
163
1
152
1
360
1
4
1
208
1
325
1
185
1
378
1
63
1
90
1
90
1
90
1
75
1
209
1
21
1
36
1
126
1
247
1
91
1
1
1
260
1
20
1
58
1
43
1
81
1
249
1
396
1
165
1
78
1
153
1
15
1
388
1
341
1
330
1
121
1
92
1
1423
1
70
1
54
1
587
1
93
1
139
1
69
1
158
1
351
1
203
1
47
1
44
1
146
1
13
1
76
1
90
1
90
1
457
1
353
1
329
2
282
1
104
1
255
1
165
2
217
1
77
1
92
1
1183
1
79
1
12
1
77
1
1344
1
126
1
83
1
79
1
76
1
437
1
1
1
104
1
91
1
521
1
2
1
364
1
78
1
90
1
90
1
90
1
331
1
113
1
273
1
91
1
316
1
46
1
34
1
2
1
41
1
274
1
718
1
92
1
73
1
313
1
247
1
93
1
453
1
11
1
67
1
529
1
210
1
13
1
66
1
264
1
348
1
140
1
149
1
76
1
256
1
181
2
209
1
66
1
14
1
426
1
3
1
71
1
166
2
31
1
79
1
25
1
155
1
90
1
421
1
205
1
168
1
13
1
91
1
374
1
92
1
80
1
169
1
255
1
151
1
231
1
172
1
72
1
654
1
454
1
79
1
275
1
163
1
629
1
560
1
79
1
531
2
83
1
180
1
362
1
90
1
217
1
94
1
315
1
491
1
410
1
454
1
263
1
885
1
283
1
257
1
536
1
11
1
2
1
166
1
1454
1
3409
1
635
1
894
1
84
1
1449
2
81
1
728
1
80
1
730
1
80
1
803
1
2523
1
715
1
809
1
811
1
1538
1
1
1
807
1
809
1
78
1
1715
1
629
1
1619
1
1624
2
892
1
1535
1
982
1
2250
1
1707
1
811
1
2516
1
3
1
623
1
813
1
1621
1
813
1
2
1
794
1
1631
1
170
1
626
1
27
1
1504
2
1713
1
4
1
892
1
896
1
811
1
729
1
730
1
1506
1
1714
1
984
1
2271
1
77
1
2239
1
92
1
895
1
729
1
78
1
718
1
16
1
79
1
817
1
729
2
80
1
1785
1
2
1
536
1
720
1
86
1
821
1
81
1
1627
2
807
1
895
1
1521
1
11
1
92
1
1
1
74
1
903
1
897
1
719
1
717
1
2
1
557
1
1
1
811
1
873
1
823
1
887
1
93
2
892
1
361
2
273
1
265
1
536
1
815
1
86
1
723
1
632
1
12
1
1
1
155
1
1542
1
2059
1
89
1
628
1
366
1
6
1
167
1
896
1
722
1
634
1
175
1
646
1
157
1
1437
1
23
1
66
1
12
1
717
1
262
1
898
1
89
1
627
1
90
1
2887
1
1883
1
632
1
83
1
89
1
722
1
176
1
359
1
272
1
642
1
254
1
1372
1
76
2
1526
1
901
1
719
1
2
1
256
1
90
1
271
1
270
1
84
1
90
1
178
1
630
1
554
1
254
1
809
1
559
1
78
1
3
1
166
1
638
1
5
1
724
1
2048
1
274
1
179
1
446
1
1179
1
81
1
646
1
248
1
1
1
625
1
16
1
164
1
1624
1
1357
1
437
1
899
1
88
1
275
1
816
1
168
1
3161
1
649
1
81
1
79
1
1438
1
165
1
1
1
642
1
167
1
648
1
76
1
84
1
649
1
160
1
643
1
171
1
716
1
746
1
79
1
152
1
560
1
12
1
328
2
445
1
91
1
450
1
363
1
84
1
1
1
447
1
176
1
1084
1
810
1
634
1
175
1
2253
1
78
1
823
1
1341
1
629
1
88
1
264
1
365
1
88
1
285
1
11
2
808
1
333
1
86
1
392
1
329
1
809
1
476
1
331
1
1
1
469
1
692
1
110
1
4
1
609
1
1010
1
422
1
725
1
477
1
419
1
391
1
143
1
185
1
809
1
476
1
333
1
468
1
74
1
1075
1
268
1
1090
1
258
1
987
1
2251
1
464
1
11
1
329
1
3
1
465
1
1
1
809
1
694
1
110
1
84
1
980
1
621
1
187
1
355
1
265
1
753
1
3
1
51
1
363
1
722
1
476
1
83
1
78
1
170
1
466
1
784
1
10
1
14
1
694
1
195
1
170
1
88
1
358
1
534
1
270
1
365
1
266
1
88
1
210
1
235
1
183
1
388
1
327
1
563
1
79
1
170
1
1433
1
654
1
694
1
115
1
339
1
550
1
347
1
454
1
176
1
263
1
303
1
156
1
731
1
80
1
714
1
169
1
809
1
642
1
263
1
89
1
458
1
170
1
178
1
270
1
352
1
628
1
103
1
83
1
443
1
2
1
628
1
275
1
26
1
77
1
76
1
809
1
174
1
810
1
451
1
1636
1
519
1
290
1
79
1
258
1
178
1
805
1
2
1
379
1
339
1
375
1
16
1
78
1
249
1
85
2
1186
1
836
1
866
2
165
1
275
1
1265
1
172
1
88
1
179
1
540
1
478
1
330
1
560
1
61
1
273
1
1996
1
262
1
2
1
167
1
460
1
75
1
269
1
4
1
380
1
699
1
443
1
93
1
454
1
95
1
525
2
122
1
160
1
254
1
389
1
78
1
255
1
726
1
807
1
3
1
648
1
78
1
2
1
74
1
170
3
468
1
259
1
164
1
102
1
1
1
88
2
344
1
575
1
248
1
638
2
1417
1
721
1
217
1
74
1
424
1
1120
1
136
1
90
1
90
1
94
1
469
1
526
1
87
1
346
1
15
1
533
1
21
1
147
1
104
1
1162
1
88
1
120
1
502
1
6
1
88
1
285
1
3
1
739
1
53
1
445
1
272
1
102
1
79
1
168
1
183
1
1343
1
16
1
357
1
87
1
177
1
78
1
89
1
269
1
552
1
1
1
561
1
1626
1
503
1
897
1
274
1
729
1
22
1
501
1
455
1
452
1
254
1
101
1
347
1
304
1
65
1
1429
1
6
1
194
1
2
1
738
1
72
1
73
1
661
1
3
1
805
1
589
2
718
1
625
1
12
1
886
1
394
1
65
1
90
1
91
1
639
2
811
1
513
1
1349
1
1082
2
366
1
991
1
88
2
271
1
95
1
262
1
625
1
90
1
91
2
637
1
2
1
167
1
436
1
206
1
1142
1
185
1
88
1
1829
1
157
1
2
1
259
1
285
1
260
1
1
1
807
2
559
1
65
1
183
1
641
1
167
1
556
1
252
1
255
1
6
1
178
1
367
1
809
1
261
1
1184
1
982
1
268
1
539
1
560
2
64
1
184
1
544
1
96
1
164
1
2
1
441
1
113
1
418
1
185
1
218
1
589
1
88
1
371
1
346
1
174
1
125
1
79
1
337
1
298
1
158
1
16
1
335
1
1
1
906
1
452
1
624
1
529
1
465
1
554
1
693
1
128
1
1
1
968
1
602
1
44
1
55
1
23
1
83
1
61
1
275
1
533
1
11
1
262
2
263
1
180
1
463
1
280
1
154
1
359
1
89
1
122
1
785
1
350
1
186
1
465
2
652
1
75
1
78
1
650
1
55
1
107
1
61
1
275
1
262
1
854
1
500
1
471
1
512
1
646
1
72
1
16
1
89
1
450
1
87
1
1527
1
718
1
810
1
352
1
87
1
138
1
57
1
172
1
348
2
627
1
564
1
1454
1
68
1
78
1
270
1
77
1
646
1
176
1
628
1
1371
1
715
1
22
1
73
1
1512
1
91
1
77
1
628
1
1355
1
177
1
628
1
977
1
143
1
808
1
69
1
716
1
984
2
1525
1
533
1
72
1
719
1
103
1
118
1
2
1
403
1
102
1
629
1
1370
1
55
1
102
1
444
1
112
1
329
1
1293
1
78
1
1252
1
89
1
89
1
82
1
21
1
339
1
257
1
14
1
88
1
121
1
223
1
89
1
89
1
103
1
286
1
250
1
90
1
2
1
1298
1
485
1
473
2
425
1
381
1
78
1
349
1
92
1
173
1
629
1
269
1
376
1
84
1
177
1
259
1
584
2
330
1
87
1
535
1
184
1
558
1
1225
1
267
1
208
1
423
1
902
2
105
1
13
1
1133
1
196
1
72
1
557
1
174
1
1
1
88
1
210
2
330
1
86
1
721
1
560
1
76
2
425
1
289
1
11
1
83
1
657
1
67
1
79
1
523
1
137
1
44
1
102
1
78
1
350
1
212
1
425
1
167
1
101
1
1067
1
101
1
183
1
87
1
300
2
144
1
742
2
80
1
166
1
435
1
20
1
249
1
1800
1
186
1
191
1
10
1
79
1
11
1
878
1
449
1
89
1
540
1
356
1
10
1
158
1
101
1
183
1
388
1
1
1
159
1
170
1
474
1
164
1
621
1
707
1
283
1
809
1
173
1
975
1
640
1
549
1
259
1
269
1
2
1
173
1
169
1
283
1
393
1
77
1
504
1
221
1
56
1
10
1
718
1
357
1
343
1
719
1
93
1
364
1
355
1
453
1
169
1
90
1
91
1
1
1
298
1
171
1
253
1
1349
1
548
1
35
1
66
1
79
1
156
1
101
1
271
2
138
1
402
1
87
1
318
1
765
1
31
1
325
1
349
1
623
1
183
1
206
1
512
1
220
2
78
1
75
1
94
1
542
1
16
1
78
1
243
1
563
1
606
1
629
1
94
1
85
1
2
1
114
1
15
1
586
1
356
1
274
1
523
1
990
1
14
1
486
1
82
1
67
1
247
1
485
1
726
3
80
1
809
1
152
1
583
1
502
1
308
1
585
1
629
1
3
1
253
1
964
2
307
1
487
1
12
1
68
1
241
1
544
1
1068
1
1373
2
77
1
728
1
797
1
158
1
284
1
445
1
90
1
593
1
69
1
853
1
542
1
107
1
11
1
171
1
345
1
290
1
79
1
92
1
75
1
1266
1
113
1
83
2
76
1
353
1
374
1
1149
1
91
1
253
1
100
1
775
1
68
1
727
1
137
1
183
1
715
1
89
1
89
1
553
1
1336
1
202
2
77
1
347
1
5
1
71
1
16
1
88
1
131
1
52
1
338
1
192
1
165
1
467
1
612
1
605
1
68
1
405
1
2079
1
13
1
648
1
597
1
291
1
337
1
77
1
192
1
448
1
272
1
217
1
1632
1
1194
1
1888
1
737
1
88
1
103
1
614
1
87
1
74
1
54
1
317
1
95
1
1218
2
67
1
726
1
12
1
474
1
334
1
923
1
24
1
64
1
560
1
248
1
461
1
203
3
519
1
284
1
888
1
169
1
181
1
627
1
94
1
409
2
69
1
233
1
92
1
397
1
12
1
22
1
632
1
153
1
22
1
542
1
95
1
939
1
964
1
168
1
275
1
84
1
187
1
533
1
719
1
389
2
158
1
167
1
399
1
13
2
20
1
204
2
170
1
396
1
12
1
148
2
79
1
647
1
55
1
660
1
343
1
476
1
240
1
257
1
321
2
306
1
348
1
827
1
133
1
580
1
3
1
296
2
418
1
323
1
67
1
54
1
181
1
456
1
113
1
2
1
494
1
629
1
399
1
250
1
93
1
545
1
517
1
370
1
665
1
571
1
475
1
436
1
210
1
237
1
180
1
3
1
87
1
301
1
330
1
452
1
68
1
1004
1
545
1
809
1
90
1
91
1
571
1
66
1
337
1
400
1
47
1
194
1
424
1
152
1
2
1
33
1
21
1
173
1
243
1
196
1
172
1
33
1
1
1
223
1
197
1
389
1
1603
1
981
1
558
1
1061
1
614
1
773
1
57
1
174
1
344
1
230
1
70
1
600
1
137
1
206
1
283
1
1
1
353
1
367
1
382
1
2219
1
210
1
253
1
164
1
1199
1
10
1
12
1
56
1
175
1
343
1
301
1
2
1
509
1
625
1
479
1
239
1
91
1
396
1
165
1
63
1
439
1
97
1
21
1
262
1
435
1
122
1
81
1
169
1
637
1
246
1
538
1
196
1
511
1
122
1
175
1
438
1
210
1
311
1
196
1
192
1
102
1
329
1
376
1
831
1
25
1
54
1
803
1
75
1
91
1
640
1
76
1
92
1
164
1
472
1
982
1
434
1
375
1
253
1
900
1
90
2
207
1
329
1
90
1
1
1
468
2
645
1
80
1
14
1
147
2
639
1
167
1
345
1
1259
1
14
1
809
1
333
1
11
1
95
1
138
1
228
1
351
1
84
1
128
1
11
1
216
1
14
3
259
1
546
2
258
1
263
1
68
1
10
1
124
1
3
1
78
1
166
1
3
1
371
1
21
1
36
1
57
2
132
1
12
1
3
1
242
1
395
1
167
1
75
1
89
1
89
1
383
1
169
1
572
1
236
1
716
1
78
1
594
3
69
1
597
1
125
1
11
1
488
1
4
1
85
1
174
1
180
1
26
1
337
1
165
1
165
1
123
1
91
1
4
1
61
1
270
1
187
1
67
1
69
1
145
1
171
2
455
1
2047
1
268
1
122
1
158
1
451
1
142
1
668
1
264
1
27
1
339
1
260
1
100
1
443
1
1
1
330
1
796
1
12
1
32
1
10
1
345
1
254
1
187
1
34
1
78
1
660
1
34
1
113
1
77
1
617
1
113
1
169
1
476
1
21
1
26
1
631
1
128
1
16
1
483
1
180
1
292
2
76
1
349
1
1
1
240
1
218
3
586
1
104
1
10
1
90
1
579
1
24
2
785
1
45
1
37
1
336
1
471
1
77
1
76
1
580
1
1
1
811
1
318
3
331
1
157
1
6
1
949
1
427
1
90
2
148
1
2
1
22
1
362
1
90
1
2
1
327
1
221
1
75
1
91
1
455
1
798
1
375
1
455
1
728
1
10
1
85
1
77
1
727
1
252
2
554
1
81
1
414
1
241
1
11
1
1
1
138
1
517
1
3
1
146
1
2
1
137
1
429
1
239
1
24
1
114
1
657
1
12
1
69
2
67
1
252
1
724
1
94
1
715
1
642
1
513
1
144
1
69
1
251
1
72
1
564
1
503
1
164
1
205
1
258
1
11
1
287
1
341
1
180
1
551
1
980
1
374
1
820
1
57
1
284
1
642
1
74
1
92
1
344
1
130
1
12
2
70
2
249
1
72
1
347
1
217
1
873
1
12
1
593
1
655
2
222
1
121
1
284
1
1
1
547
1
625
1
12
1
1882
1
253
1
209
1
95
2
79
1
654
1
153
1
76
1
796
1
12
1
335
1
324
1
68
1
428
1
310
1
413
1
395
1
320
1
388
1
433
1
389
1
52
1
900
1
184
1
163
1
299
1
24
2
69
1
80
1
152
1
468
1
186
1
76
1
591
2
137
1
78
1
524
1
111
1
159
1
452
1
633
1
372
1
91
1
417
1
222
1
157
1
718
1
90
1
438
1
222
1
332
1
488
1
69
1
889
1
714
1
92
1
325
1
1004
1
184
1
21
1
57
1
169
1
102
1
94
1
544
1
170
1
166
1
222
1
248
1
90
1
91
1
718
1
165
1
312
1
316
1
14
1
422
1
217
1
170
1
961
1
278
1
136
1
43
1
102
1
156
1
286
1
216
1
502
1
1104
1
498
1
222
1
79
1
351
1
390
1
65
1
78
1
661
1
889
1
158
1
92
1
453
1
356
2
496
1
69
1
497
1
810
1
719
1
1186
1
442
1
551
1
603
1
374
1
165
1
268
1
809
1
44
1
67
1
236
1
459
1
180
1
11
1
349
1
91
1
218
1
1
1
225
1
582
1
684
1
20
1
332
1
999
1
308
1
2
1
66
1
173
1
564
1
5
1
132
1
273
1
255
1
151
1
2
1
215
1
568
1
161
1
157
1
489
1
92
1
1
1
591
1
716
2
74
1
188
1
43
1
2
1
66
1
326
1
413
1
45
1
104
1
171
1
163
1
312
1
77
1
94
1
256
1
378
1
78
1
663
1
804
1
11
1
217
1
594
1
306
1
569
1
407
1
905
1
223
1
85
1
145
1
260
1
2
1
72
1
278
1
43
1
577
1
107
1
545
1
284
1
432
1
399
1
1
1
67
1
66
1
274
1
466
1
507
1
198
1
923
1
485
1
11
1
218
1
80
1
15
1
494
1
93
1
204
1
421
1
166
1
461
1
493
1
157
1
351
1
151
1
227
1
337
1
469
1
247
1
93
2
1218
1
876
1
148
1
589
1
47
1
159
1
106
1
472
1
69
1
91
1
431
3
294
1
80
1
344
1
351
1
21
1
93
1
165
1
90
1
94
1
150
1
565
1
812
1
972
1
245
1
136
1
170
1
545
1
610
1
86
1
203
1
174
1
349
1
214
1
504
1
212
1
10
1
401
1
91
1
726
1
94
1
363
1
169
1
182
1
375
1
436
1
361
1
520
1
472
1
78
1
525
1
52
1
69
1
253
1
512
1
298
1
73
1
434
2
555
1
252
1
22
1
114
1
1
1
493
1
561
1
92
2
262
1
101
1
260
1
91
1
375
1
25
1
410
1
162
1
167
1
461
1
495
1
223
1
489
1
138
1
195
1
510
2
54
1
244
1
73
1
77
1
192
1
162
1
71
1
879
1
143
1
468
1
260
1
272
1
264
1
101
1
608
1
213
1
341
1
1332
1
194
1
334
1
11
1
128
1
500
1
719
1
275
1
111
1
114
1
56
1
12
1
1
1
737
1
56
1
250
1
91
1
311
1
53
1
545
2
273
1
518
1
234
1
394
1
14
1
411
1
399
1
241
1
460
1
489
1
35
1
948
1
65
1
92
1
443
1
159
1
48
1
419
1
180
1
810
1
40
1
13
2
148
1
171
1
346
4
92
1
30
1
15
1
66
1
67
1
12
1
338
1
275
1
41
1
5
1
146
1
78
1
426
1
108
1
55
1
34
1
598
1
119
1
41
1
14
1
1274
1
185
1
122
1
32
1
3
1
54
1
69
1
79
1
259
1
91
1
237
1
11
1
62
1
145
1
603
1
208
2
333
1
239
1
84
1
78
1
517
4
92
1
69
1
45
1
417
1
457
1
91
1
168
1
414
1
147
1
613
1
90
1
21
1
148
1
337
1
101
1
107
1
353
1
65
1
447
1
54
1
137
1
613
1
469
1
2
1
338
2
113
1
170
1
503
2
31
1
127
1
321
1
103
1
64
1
120
1
273
1
556
1
10
1
69
1
14
2
41
1
21
1
14
1
245
1
387
1
80
1
11
1
45
1
36
2
666
1
297
1
92
3
418
1
33
1
21
1
396
1
299
1
20
1
36
1
296
1
348
1
3
1
156
1
46
1
421
1
549
1
1065
1
104
2
218
4
143
1
92
1
260
1
548
1
581
1
68
3
712
1
424
1
332
1
87
1
55
1
163
1
590
1
772
1
69
1
718
1
31
1
69
1
408
1
14
1
374
1
68
1
21
1
337
1
78
1
28
1
284
1
157
1
275
1
272
1
32
1
318
1
501
1
231
1
502
1
51
1
80
1
159
1
183
1
74
1
401
1
163
1
1469
1
68
2
53
1
11
1
92
1
257
1
91
1
124
1
21
1
84
1
66
1
329
1
75
1
219
1
93
1
522
1
285
1
705
1
90
1
11
1
751
3
135
1
93
1
167
1
385
1
21
1
36
1
21
1
11
1
162
1
168
1
74
1
345
1
55
1
57
1
617
1
147
1
32
1
35
3
1134
1
184
1
718
2
181
1
33
1
81
1
171
1
691
1
117
1
259
1
271
1
443
1
413
1
69
1
712
1
80
1
11
1
68
1
605
1
75
1
2
1
54
1
84
1
79
1
590
1
68
1
66
1
624
1
183
1
509
1
276
1
79
1
364
1
217
1
417
1
185
1
219
1
313
1
184
1
272
1
33
1
136
1
106
1
165
1
334
1
147
1
42
1
10
1
106
1
332
1
381
1
94
1
152
1
388
1
186
1
80
1
62
1
360
1
971
1
649
1
94
1
340
1
11
1
14
1
522
1
554
2
626
1
92
1
273
1
33
1
68
1
174
1
422
1
153
1
70
1
43
1
10
1
106
1
563
1
973
1
144
1
106
1
415
1
69
1
153
1
321
1
1375
1
167
1
391
1
171
1
345
1
196
1
266
1
164
1
366
1
443
1
410
1
34
1
21
1
159
1
168
1
13
1
343
1
52
1
413
1
255
1
289
1
12
1
66
1
14
1
76
1
1402
2
10
1
126
3
585
1
94
1
43
1
81
1
1
1
77
1
260
1
266
2
352
1
806
1
718
1
719
1
559
1
158
1
627
1
27
1
62
1
824
1
715
1
11
1
252
1
624
1
12
1
715
1
354
1
1525
1
1
1
722
1
809
2
646
2
2681
1
719
1
535
1
96
1
262
1
553
1
1784
2
625
1
183
1
809
1
650
1
82
1
726
1
970
1
85
1
1
1
177
1
455
1
728
1
80
1
85
1
807
1
810
1
809
2
651
2
155
1
2
2
730
1
74
1
651
1
79
1
1530
1
74
1
900
1
725
1
83
1
809
1
1
1
807
1
653
2
154
1
4
1
622
1
900
1
1261
1
362
1
729
1
166
1
3067
1
16
1
77
1
2415
1
1543
1
166
1
1621
1
726
1
888
1
809
1
901
1
2
1
546
1
81
1
537
1
188
1
2441
1
972
1
712
1
183
1
625
1
809
1
187
1
545
1
1605
1
183
1
729
1
886
1
718
1
1806
1
569
2
76
1
2
1
79
1
625
1
80
1
810
1
810
1
84
1
652
1
79
1
1786
1
638
1
13
1
1526
1
809
1
175
1
1247
1
88
1
105
1
68
1
990
1
96
1
474
2
67
1
78
1
185
1
478
1
330
1
545
1
169
1
91
4
807
1
809
1
469
1
63
1
745
1
609
1
540
1
83
1
93
1
86
1
1168
1
1473
2
236
1
571
1
146
1
650
1
343
2
989
1
368
1
259
1
268
1
539
1
84
1
93
1
291
1
514
1
369
1
984
1
3069
1
808
1
349
1
174
1
4
1
199
1
334
1
93
1
266
1
193
1
169
1
265
1
374
1
256
1
721
1
810
1
568
1
1854
1
275
1
173
1
88
1
270
1
89
1
269
1
4
1
449
1
639
1
810
1
978
1
2334
1
90
1
92
1
468
2
77
1
173
1
173
1
269
1
269
1
454
1
195
1
3
1
249
1
448
1
1170
1
85
1
1
1
808
1
482
1
863
1
103
2
168
1
560
1
82
1
636
1
65
1
12
2
82
1
177
1
89
1
174
1
454
1
178
1
460
1
169
1
448
1
360
1
176
1
718
1
641
1
169
1
559
2
812
1
1773
1
89
1
723
1
85
1
2
1
86
1
92
1
626
1
809
1
724
1
84
1
483
1
76
1
164
1
2513
1
723
1
269
1
90
1
172
1
25
1
79
1
81
1
83
1
564
1
153
1
451
1
284
1
85
1
728
1
893
1
164
1
468
1
344
1
1263
1
274
1
800
1
88
1
362
1
444
1
2101
1
80
1
248
1
454
1
10
1
16
1
73
1
85
1
163
1
1369
1
744
1
78
1
1
1
76
1
77
1
990
1
459
2
605
1
202
1
169
1
569
1
69
1
522
1
87
1
277
1
731
1
78
1
733
1
426
1
2154
1
17
1
71
1
89
1
13
1
88
2
88
2
197
1
787
1
717
1
112
1
11
1
46
1
107
1
527
1
93
1
34
1
147
1
3
1
434
1
223
1
147
1
1
2
437
1
288
1
809
1
1787
1
167
1
13
1
89
1
178
1
166
1
809
1
1350
1
222
1
56
1
94
1
727
2
80
1
261
1
398
1
410
1
804
1
92
1
1446
2
360
1
107
1
250
1
557
1
159
1
707
1
809
1
23
1
432
1
352
1
22
1
2
1
725
1
57
1
27
1
333
1
815
1
87
1
456
1
899
1
1
1
359
1
995
1
79
1
798
1
23
1
522
1
992
1
181
1
168
1
362
1
117
1
12
2
864
1
821
1
431
1
548
1
268
2
181
1
270
1
645
1
67
1
536
1
286
1
81
1
349
1
83
1
188
1
440
1
5
1
178
1
291
1
516
1
206
1
13
2
409
1
362
1
534
1
549
1
259
1
275
1
633
1
1075
1
12
1
613
1
118
1
78
1
1239
1
175
1
942
1
2
1
131
1
276
1
87
1
550
1
165
1
91
1
393
1
159
1
256
1
366
1
90
1
77
1
371
1
1
1
1008
1
66
1
349
1
89
1
552
1
557
1
250
1
1527
1
823
2
81
1
72
1
652
1
3
1
152
1
183
1
445
1
462
1
363
1
522
1
122
1
78
1
170
1
546
1
16
1
73
1
613
1
115
1
424
1
809
1
476
1
2
1
78
1
75
1
5
1
255
1
473
1
73
1
1535
1
432
1
101
1
2
1
621
1
1357
1
259
1
85
1
89
1
119
1
254
1
345
2
221
1
77
1
1
1
79
1
81
1
565
1
163
1
249
1
621
1
1630
1
1080
1
277
1
25
1
223
1
282
1
276
1
159
1
649
1
35
1
1688
1
145
1
270
1
182
1
370
1
716
1
259
1
562
2
512
1
719
1
11
1
4
1
89
1
118
1
313
1
105
1
176
1
213
1
7
1
320
1
86
1
402
1
574
1
230
1
4
1
230
1
579
1
31
1
34
2
161
1
434
1
96
1
117
1
596
1
718
1
287
1
740
1
513
1
89
1
84
1
123
1
133
1
89
1
191
1
3
1
73
1
193
1
122
1
328
1
481
1
325
1
492
1
225
1
4
1
574
1
70
1
1
1
157
1
3
1
563
1
228
1
455
1
172
1
33
1
865
1
1186
1
89
1
522
1
16
1
84
1
3
1
268
1
450
1
481
1
6
1
232
1
85
1
723
1
645
1
1408
1
292
1
1
1
1321
1
179
1
287
1
88
1
179
1
205
1
1
1
326
1
77
1
194
1
89
1
105
1
432
1
627
1
5
1
577
1
795
1
679
1
448
1
731
1
349
1
90
1
2
1
442
1
827
1
71
1
11
1
167
1
101
1
810
1
1066
1
194
1
476
1
148
1
90
1
582
1
149
1
516
1
295
1
962
1
820
1
257
1
916
1
537
1
88
1
89
1
89
1
118
1
332
1
464
1
92
1
79
1
168
1
547
1
15
1
75
1
170
1
353
1
192
1
753
1
582
1
84
1
141
1
226
1
92
2
455
1
888
1
180
1
363
1
540
1
478
1
144
1
12
2
727
1
2
1
249
1
254
1
306
1
244
1
167
1
96
1
227
1
43
1
274
1
534
1
273
1
1
1
348
1
462
1
163
1
90
1
368
1
275
1
89
1
83
1
89
1
178
1
276
1
84
1
2
1
86
1
720
1
389
1
135
1
22
1
173
1
559
1
80
1
1431
1
35
1
580
1
192
1
34
1
317
1
77
1
389
1
23
1
146
1
170
1
263
1
286
1
1161
1
87
2
87
1
370
1
2
1
646
1
2
1
78
1
81
1
332
1
396
1
73
1
877
1
559
1
35
1
321
1
344
1
141
1
80
3
142
1
169
1
357
1
55
1
160
1
78
2
154
1
411
1
497
1
309
1
150
1
517
1
211
1
327
1
420
1
11
1
573
1
220
1
52
1
772
1
47
1
159
1
182
1
364
1
852
1
73
1
239
1
350
1
459
1
346
2
377
1
346
1
223
1
67
1
247
1
502
1
565
1
101
1
629
1
5
1
178
1
540
1
392
1
70
1
822
1
878
1
78
1
91
1
256
1
381
1
636
1
93
1
170
1
344
1
539
1
719
1
438
1
154
1
137
1
1163
1
374
1
823
1
807
1
1217
1
565
1
342
1
178
1
20
1
96
1
74
1
730
1
2
2
74
1
809
1
438
1
5
1
181
1
45
1
44
1
91
1
258
1
273
1
195
1
57
1
22
1
352
1
87
1
276
1
10
1
12
2
66
1
78
1
90
1
91
1
165
1
198
1
113
1
239
1
1290
1
82
1
152
1
89
1
89
1
89
1
1193
2
740
1
212
1
371
1
187
1
536
1
316
1
402
1
406
1
70
1
329
1
455
1
79
1
90
1
707
1
193
1
257
1
225
1
131
1
809
1
10
1
660
1
82
1
77
1
66
1
449
1
142
1
396
1
107
1
373
1
523
1
229
1
488
1
295
1
93
2
327
2
717
1
547
1
968
1
587
1
885
3
503
1
233
1
56
1
718
1
535
1
353
1
1173
1
479
1
728
1
68
1
11
1
67
1
1462
4
889
1
1238
1
175
1
96
1
32
1
499
1
1132
1
305
1
93
1
884
1
267
1
218
1
78
1
716
1
515
1
110
1
24
3
804
1
418
1
389
1
159
1
440
1
186
1
249
1
675
1
158
1
171
1
409
2
740
1
214
1
2
1
79
1
166
1
1
1
715
1
92
2
547
1
626
1
440
1
89
1
89
1
89
1
372
3
439
1
103
1
265
1
347
1
184
1
260
1
15
1
257
1
391
1
76
2
77
1
515
1
201
1
96
1
164
1
3
1
408
1
66
1
67
1
11
1
253
1
408
1
773
1
31
1
1
1
69
1
79
1
77
1
90
1
91
3
362
1
41
2
64
1
245
1
166
1
333
1
140
3
411
1
255
1
6
2
808
1
186
1
462
1
106
1
107
1
414
1
92
1
704
1
330
1
140
1
647
1
104
2
123
1
754
1
259
1
384
1
13
1
151
1
423
1
242
1
796
1
71
1
406
1
299
1
30
1
140
1
157
1
479
1
267
1
344
1
629
1
93
1
73
1
240
1
48
1
33
1
305
1
378
1
101
1
10
1
11
1
57
1
264
1
394
1
3
2
159
1
977
2
343
1
98
1
41
1
3
1
394
1
421
1
1
1
58
2
876
1
92
1
544
1
266
2
163
1
270
1
256
1
703
1
389
1
76
1
566
1
167
1
1211
1
234
1
94
1
342
1
143
1
946
1
91
1
589
1
1
1
60
1
64
1
92
1
544
1
171
1
67
1
27
1
541
1
616
1
86
1
223
1
31
1
35
3
79
1
256
2
1447
1
479
1
1
1
66
1
797
1
349
1
415
1
134
1
91
1
648
1
3
1
157
1
436
1
107
1
20
1
10
1
207
1
27
1
883
1
363
1
173
1
47
1
66
1
81
1
257
1
1
1
327
1
375
1
1210
1
878
1
992
1
648
1
406
1
191
1
153
1
218
4
586
1
219
4
435
1
105
1
44
1
69
1
2
1
65
1
80
1
259
2
316
1
1131
1
434
1
360
1
549
1
718
1
20
1
10
1
228
1
665
1
143
1
78
1
281
1
448
1
455
1
286
1
1
1
64
1
364
1
162
1
148
1
406
1
253
1
145
1
395
1
300
1
352
1
255
1
178
1
270
1
639
1
90
1
78
1
548
1
429
1
281
1
370
1
444
1
192
1
94
1
592
1
218
1
334
1
90
2
227
1
12
1
71
1
406
1
284
1
45
1
68
1
685
1
363
1
467
1
824
1
52
1
428
1
289
1
79
1
773
1
151
1
431
1
160
1
132
1
68
1
16
1
424
1
90
2
137
1
13
1
475
1
388
1
12
1
410
1
398
1
685
1
23
1
339
1
694
1
89
1
359
1
120
1
354
2
344
1
97
1
196
1
334
1
325
1
1696
2
65
1
147
1
101
1
559
1
707
1
773
1
817
1
38
1
10
1
68
1
106
1
884
1
639
1
739
1
2
1
213
1
281
1
905
1
101
1
183
1
157
1
258
1
13
2
251
1
808
1
56
1
151
1
646
1
67
1
106
1
573
1
140
1
679
1
392
2
464
1
777
1
45
1
239
1
345
1
160
1
3
1
59
1
404
1
341
1
58
1
150
1
426
1
302
1
657
1
767
1
114
1
518
1
89
1
127
1
4
1
32
1
809
1
191
1
183
2
409
1
1103
1
525
1
193
1
360
1
255
1
649
1
534
1
183
1
719
2
388
1
77
1
658
2
70
1
78
1
977
1
347
1
178
1
1080
1
14
1
508
2
34
1
21
1
751
1
2
1
373
1
1068
1
13
2
124
1
104
1
307
1
399
1
418
1
271
1
280
1
661
1
662
1
129
1
24
1
23
1
283
1
557
1
81
1
156
1
14
2
715
1
602
1
1
1
124
1
682
1
466
1
180
1
2
1
228
1
56
1
341
1
296
1
13
1
54
1
105
1
255
1
553
1
256
1
403
1
66
1
80
1
424
1
268
1
114
1
245
1
480
1
254
2
634
1
595
1
87
2
204
1
589
1
196
1
466
1
228
1
663
1
46
1
1226
1
355
1
20
1
23
1
1
1
68
1
79
1
334
1
1454
3
331
1
821
1
150
1
13
2
1369
1
85
1
137
1
93
1
124
1
1555
1
423
1
303
2
1057
1
1383
1
493
1
255
1
21
1
249
1
377
1
283
1
522
1
300
2
326
1
378
1
93
1
165
1
180
1
180
1
175
1
104
1
964
1
1323
1
69
1
55
1
182
1
65
1
502
1
68
1
175
1
509
1
296
2
510
1
559
1
249
1
272
1
459
1
47
1
143
1
528
1
189
1
103
1
351
2
719
1
1063
1
76
1
30
1
113
1
1
1
725
1
11
1
1106
1
525
1
1
1
281
1
349
1
175
1
1
1
53
1
227
1
15
1
499
1
146
1
172
1
452
1
613
1
93
1
142
1
130
1
91
1
260
1
445
1
23
1
404
1
267
1
203
1
15
1
141
1
1199
1
124
1
565
1
14
1
253
1
373
1
1137
1
2
1
150
1
245
1
420
2
127
1
13
1
77
1
349
1
628
1
91
1
315
1
15
1
139
2
888
2
74
1
580
2
228
1
579
1
115
1
115
1
453
1
41
1
140
1
434
1
304
1
11
1
35
1
1090
1
458
1
183
1
348
1
185
1
53
1
47
1
12
4
804
1
497
1
460
1
15
1
74
1
92
3
485
2
384
1
426
1
123
1
270
1
411
1
233
1
348
1
252
1
32
1
12
1
648
2
239
1
165
1
180
1
901
1
371
1
703
1
106
1
422
1
370
1
90
1
91
1
705
1
521
1
301
1
256
1
392
1
2
1
158
1
976
1
76
1
219
1
58
1
112
1
659
1
149
1
532
3
112
1
24
1
136
1
740
1
2
2
1136
1
75
1
298
1
114
1
215
1
596
1
226
1
485
1
10
1
197
1
462
1
464
1
74
1
257
1
396
1
565
1
35
1
281
1
364
2
534
1
481
2
584
1
165
1
388
1
332
1
40
1
20
1
93
1
215
1
639
1
23
2
313
1
191
1
138
1
162
1
161
1
795
1
14
1
256
1
90
3
902
1
20
1
10
1
13
1
67
1
613
1
1163
1
181
1
421
2
388
1
373
1
43
1
70
2
214
1
348
1
150
1
10
1
154
1
312
1
191
1
161
1
1111
1
257
1
90
1
1
1
286
1
529
1
813
1
702
1
219
1
93
2
145
1
516
1
87
2
203
1
183
1
488
2
214
1
258
1
263
1
57
1
47
1
37
1
221
1
501
1
676
1
543
1
181
2
127
1
67
1
91
1
662
1
66
1
338
1
257
1
15
1
275
1
743
2
325
1
408
1
13
2
123
1
170
1
91
1
154
1
336
1
68
1
592
1
361
1
78
1
448
1
215
2
426
1
165
1
214
1
2
1
533
1
10
1
171
1
93
1
254
1
313
1
573
1
104
1
371
1
152
1
378
1
277
1
321
1
267
1
21
1
79
1
115
2
542
1
90
1
173
1
2
1
167
2
421
1
218
1
141
1
667
1
809
1
632
1
22
1
82
2
77
1
245
1
401
1
3
1
132
1
25
2
153
1
180
1
298
1
80
1
431
1
457
1
78
1
182
1
154
1
242
1
386
1
422
1
58
1
905
1
659
1
228
2
164
1
77
1
13
2
1013
1
149
1
32
1
672
1
103
1
204
1
257
1
227
1
118
1
205
1
166
1
400
1
1
1
146
1
577
1
85
1
853
1
10
1
262
1
476
1
10
1
70
1
135
1
1185
1
461
1
494
1
2
1
67
1
79
1
170
1
492
1
317
1
704
1
106
1
164
1
90
1
1107
1
14
1
810
1
53
1
417
1
484
1
144
1
629
1
36
1
154
1
468
1
524
1
214
1
831
1
3
1
225
1
591
1
205
1
362
1
1122
1
32
1
33
1
79
1
261
3
281
1
171
1
507
1
88
1
40
1
171
1
92
1
171
2
330
1
40
1
240
1
24
1
575
1
94
1
139
1
336
1
92
1
220
1
41
1
112
1
557
1
10
1
69
1
14
1
79
1
425
1
460
1
349
1
238
1
128
1
637
1
116
1
54
1
352
1
165
1
998
1
194
1
669
1
194
1
510
1
491
1
321
1
55
1
440
1
395
1
41
1
553
1
138
1
116
1
691
1
777
1
116
1
54
1
92
1
259
1
165
1
383
1
670
1
125
1
12
1
513
1
295
1
513
1
155
1
70
1
44
1
23
1
79
1
444
1
45
1
676
1
187
1
183
1
166
1
482
1
417
1
331
1
1
1
139
1
581
1
154
1
150
1
335
1
299
1
21
1
36
1
114
1
155
1
513
1
1
1
22
1
180
1
104
1
243
1
279
1
259
1
594
1
2
1
404
1
207
1
58
1
1570
1
10
1
11
1
70
1
236
1
513
3
138
1
245
1
90
1
166
1
150
1
81
1
3
1
31
1
114
1
587
1
69
1
821
1
2
1
135
1
741
1
213
1
719
1
101
1
548
1
103
1
1459
1
159
1
425
1
304
1
324
1
400
1
11
1
69
1
236
1
357
1
143
1
150
1
594
1
385
1
571
1
875
1
1517
1
180
1
180
1
276
1
197
1
806
1
668
1
786
1
831
1
127
1
617
1
63
1
36
1
101
1
606
1
100
1
113
1
635
1
161
1
637
1
183
1
79
1
78
1
92
1
75
1
378
1
613
1
2
1
101
1
194
1
158
1
980
1
64
1
482
1
157
1
430
1
118
1
158
1
10
1
538
1
542
1
707
1
458
1
31
1
507
1
167
1
122
1
181
1
547
1
21
1
81
1
66
1
547
1
353
1
168
1
91
1
225
1
118
1
204
1
168
1
76
1
333
1
137
1
588
1
82
2
56
1
251
1
395
1
80
1
10
1
728
1
151
1
82
1
542
1
116
1
79
1
42
1
34
1
234
1
299
1
69
1
31
1
94
1
250
1
361
1
47
1
42
1
10
1
94
1
64
1
350
1
90
1
105
1
112
1
84
1
78
1
76
1
525
1
284
1
580
1
23
1
112
1
263
1
406
1
2
1
564
1
289
1
147
1
372
1
159
1
469
1
90
1
238
1
243
1
52
1
89
1
10
1
78
1
168
1
162
1
138
1
105
1
52
1
281
1
313
3
159
1
75
1
167
1
181
1
105
1
239
1
373
1
195
1
933
1
233
1
166
1
243
1
40
1
69
1
363
1
155
1
178
1
40
1
123
1
139
1
171
1
394
1
150
1
808
1
11
1
146
1
179
1
369
1
32
1
250
1
502
1
656
1
105
1
239
1
373
1
378
1
79
1
92
1
577
1
233
1
601
1
283
1
245
1
327
1
53
1
247
1
101
1
277
1
90
1
441
1
217
1
172
1
494
1
10
1
11
1
448
1
13
1
500
1
23
1
113
1
55
1
372
1
90
1
219
1
136
1
11
1
168
1
181
1
286
1
265
1
494
1
81
1
654
1
72
1
152
1
2
1
222
1
12
1
525
1
43
1
395
1
101
1
555
1
254
1
1111
1
170
1
346
1
369
1
441
1
125
1
21
1
1108
1
15
1
259
1
160
1
154
1
3
1
472
1
736
1
1070
1
158
1
181
1
512
1
83
1
42
1
204
1
476
1
240
1
978
1
272
1
136
1
1394
2
315
1
386
1
13
1
263
1
214
1
625
1
38
1
30
1
56
1
193
1
103
1
384
1
38
1
86
1
126
1
173
1
1193
1
846
1
656
1
195
1
10
1
588
1
476
1
165
1
92
1
316
1
71
1
328
1
294
1
38
1
477
1
872
1
550
1
78
1
480
1
25
1
155
1
536
1
113
1
251
1
256
1
243
1
102
1
540
1
13
1
148
1
69
1
242
1
495
1
83
1
396
1
456
1
186
1
461
1
126
1
865
1
57
1
751
1
12
2
43
1
183
1
76
1
279
1
78
1
96
1
712
1
530
1
4
2
84
1
1
1
629
1
717
1
458
1
169
1
571
1
331
3
479
1
52
1
274
1
717
1
91
1
809
1
638
1
1250
1
199
1
63
1
276
1
176
1
630
1
2155
1
754
1
809
1
67
1
262
1
550
1
726
1
81
1
728
1
250
1
174
1
1
1
88
1
293
1
79
1
2598
3
1353
1
904
1
253
1
5
1
83
1
185
1
197
1
80
1
618
1
1000
1
805
1
4
1
165
1
1357
1
91
1
888
1
92
1
1446
1
3
1
725
1
2
1
162
1
263
1
89
1
1
1
87
1
92
1
1166
1
1
1
563
1
244
1
558
1
79
1
1540
1
250
1
1
3
1341
1
22
1
1
1
162
1
173
1
182
1
289
1
76
1
260
1
270
1
356
1
815
1
84
1
1
1
1619
1
1622
1
1342
1
102
1
259
1
89
1
381
1
248
1
809
1
807
1
1
1
563
1
243
1
809
1
1384
2
887
1
81
1
611
1
23
1
248
2
268
1
91
1
199
1
78
1
81
1
86
1
450
1
107
1
82
1
891
1
84
1
638
1
2363
1
78
1
82
1
634
1
91
1
719
1
157
1
3
1
535
1
273
1
645
1
3
1
247
1
562
1
244
1
730
1
729
1
81
1
806
1
651
1
157
1
170
2
479
1
66
1
264
1
467
2
160
1
446
2
280
1
1604
1
16
1
164
1
2
1
726
1
651
1
1
1
159
1
731
1
152
1
548
1
1166
1
633
1
362
1
287
1
237
1
11
1
562
1
1410
1
367
1
352
1
308
1
406
1
388
1
83
1
1
1
735
1
46
1
90
1
272
1
457
1
1169
2
355
1
274
1
559
1
162
1
528
1
275
1
2
1
435
1
91
1
128
2
413
1
804
1
3
1
396
1
153
1
164
1
457
1
21
1
11
1
70
1
1789
1
86
1
1281
1
54
1
105
1
649
1
64
1
92
1
262
1
720
1
87
1
88
1
285
1
346
1
84
1
458
1
169
1
653
1
1149
1
1
1
452
1
742
1
810
1
332
1
88
1
173
1
371
2
166
1
5
1
88
1
265
1
2
1
121
1
595
1
197
1
969
1
730
1
169
1
90
1
457
1
36
1
66
1
886
1
4
1
536
1
108
2
810
1
159
1
171
1
1077
1
89
1
121
1
155
2
171
1
177
1
459
1
171
1
87
1
469
1
81
1
727
1
717
1
1521
1
803
1
102
1
13
1
65
1
259
1
643
1
526
1
119
1
4
1
52
1
275
1
559
1
154
1
94
1
87
1
456
1
798
1
767
1
405
1
1
1
549
1
74
1
89
1
186
1
185
1
442
1
173
1
95
1
83
1
121
1
1
1
65
1
624
1
119
1
418
1
806
1
1620
2
1211
1
944
1
359
1
1112
1
66
1
90
1
78
1
993
1
268
1
95
1
831
1
1145
1
553
1
171
2
650
1
1
1
328
1
809
1
180
1
82
1
544
1
387
2
78
1
77
1
3
1
345
1
89
1
289
1
3
1
335
1
90
1
464
1
1876
1
386
1
12
1
158
1
1609
1
811
1
170
1
84
1
183
1
207
1
55
1
1812
2
729
1
163
1
486
1
81
1
159
1
804
1
730
1
644
1
809
1
429
1
174
1
2
1
87
2
265
1
1484
1
231
1
162
1
368
1
46
1
484
1
182
2
147
2
115
1
900
1
15
1
164
1
184
1
203
1
93
1
67
1
653
1
165
3
74
1
348
1
217
1
517
1
305
1
323
1
86
1
1212
1
227
2
436
1
128
1
15
1
665
1
3
1
140
1
134
1
258
1
180
1
197
1
91
1
524
1
225
1
71
1
161
1
347
3
181
1
547
1
289
1
321
1
105
1
73
1
11
1
183
1
361
1
174
2
435
1
630
1
129
1
242
1
886
1
1086
1
192
1
616
1
214
1
409
1
181
1
822
1
251
1
359
1
11
1
77
1
11
1
89
1
257
1
196
1
532
1
79
1
195
1
533
1
274
1
442
1
134
1
584
1
88
1
1018
1
738
1
306
1
825
1
71
1
16
1
386
1
243
1
87
1
475
1
857
1
195
1
1161
1
181
1
20
1
23
1
229
1
262
1
173
1
142
1
228
2
262
1
88
1
85
1
2
1
138
1
34
1
193
1
3
1
553
1
57
1
193
1
258
1
93
1
544
1
1173
1
118
1
241
1
1363
1
10
1
1489
1
211
1
236
1
361
1
96
1
45
1
226
1
349
1
300
1
509
1
552
1
174
1
539
1
181
1
88
2
537
1
90
1
482
1
240
1
260
1
543
1
4
1
1460
1
77
1
659
1
491
1
84
1
812
1
729
1
90
1
84
1
178
1
541
2
255
1
191
1
90
1
446
1
924
1
162
1
552
1
95
1
1548
1
1035
1
92
2
257
1
367
1
180
1
89
1
274
1
444
1
359
1
1
1
356
1
5
1
86
1
345
1
132
2
145
1
13
1
168
1
76
1
185
1
89
1
130
1
62
1
14
1
53
1
366
1
293
1
96
1
79
1
803
1
344
1
87
1
550
1
570
2
495
2
535
1
102
1
90
1
90
1
253
1
270
1
179
1
192
1
85
1
271
1
92
1
479
1
78
1
81
1
168
1
561
1
74
1
707
1
274
1
348
1
207
1
250
1
2
1
170
1
85
1
313
1
240
1
169
1
477
2
77
2
560
1
1058
2
552
1
24
1
6
2
207
1
270
1
437
1
376
1
319
1
876
1
71
3
793
1
13
1
644
1
70
1
24
1
314
1
435
1
772
1
509
1
278
1
27
1
2
1
11
1
656
1
154
1
774
1
41
1
389
1
377
1
97
1
75
1
2
1
622
1
184
3
170
1
482
1
154
1
169
1
511
1
22
1
440
1
472
1
427
1
224
1
153
1
438
1
1043
1
56
1
57
1
89
1
359
1
382
1
4
1
438
1
89
1
145
1
54
1
78
1
345
1
346
1
116
1
423
1
313
1
241
1
442
1
67
1
192
1
650
1
264
1
463
1
263
3
73
1
89
1
89
1
89
1
220
1
74
1
745
1
296
1
511
1
3
1
60
1
63
1
16
1
348
1
89
1
89
1
134
1
4
1
54
1
255
1
499
1
139
1
73
1
662
1
238
1
2
1
807
1
2
1
441
1
53
1
13
1
11
1
809
1
179
1
592
1
36
1
1169
1
107
1
316
1
61
1
80
1
253
1
458
1
16
1
62
1
16
1
169
1
87
1
86
1
319
1
58
1
341
1
548
1
670
1
73
1
235
1
1288
1
82
3
74
1
654
1
75
3
874
1
1174
1
89
1
204
1
330
1
5
1
472
1
25
1
310
1
85
1
480
1
405
1
1109
1
21
1
11
1
788
1
3
1
809
1
154
1
336
1
179
1
212
1
67
1
360
1
4
1
84
1
4
1
1030
1
121
1
831
1
261
1
479
1
67
1
338
1
402
1
1048
1
482
3
964
1
729
1
3
1
736
1
56
1
443
1
88
1
89
1
541
1
715
1
92
1
411
2
31
1
440
1
334
1
33
1
1007
1
152
1
406
1
793
1
15
1
41
1
35
1
335
1
89
1
267
1
112
1
4
1
607
1
1349
1
1423
1
23
1
1
1
167
2
642
1
166
1
410
1
661
1
129
1
79
1
809
1
74
1
354
1
294
1
79
1
344
1
87
1
284
1
90
1
172
1
171
1
86
1
355
1
195
1
646
1
80
1
78
1
3
1
165
1
2
1
556
1
3
1
248
1
255
1
300
1
513
1
135
1
12
1
656
1
287
1
453
2
90
1
112
1
49
1
37
1
74
1
247
1
408
1
77
1
75
1
3
1
152
1
78
1
427
1
52
1
16
1
731
1
20
1
98
1
21
1
753
1
500
1
192
1
57
1
284
1
508
1
11
1
289
1
91
1
165
1
250
1
794
1
78
1
429
1
87
3
90
1
91
1
520
1
334
1
7
1
47
1
727
1
897
1
711
1
30
1
74
1
44
1
180
1
275
1
272
1
35
1
497
2
183
1
851
1
70
1
739
2
502
1
87
1
1
1
87
1
198
2
595
1
918
1
52
1
53
1
143
1
258
1
401
1
69
1
739
1
749
1
11
1
62
1
315
1
167
1
103
2
93
1
64
1
470
1
339
1
287
1
445
1
207
1
164
1
183
1
87
1
1
2
86
1
126
1
3
1
317
1
3
1
342
1
212
2
157
1
536
1
51
1
4
1
102
1
89
1
600
1
23
1
556
1
252
1
1
1
866
1
46
1
542
1
161
1
57
1
71
3
154
1
181
1
1
1
467
1
81
1
986
1
90
1
1
1
87
1
2
1
86
1
129
1
114
1
204
2
254
1
89
1
140
1
4
1
112
1
89
1
10
1
888
1
359
1
384
2
1469
1
55
1
355
1
88
1
86
1
290
1
81
1
243
1
15
1
272
1
90
1
170
1
90
1
478
1
11
1
2
1
32
1
384
1
1
2
87
1
89
3
209
1
211
1
10
1
591
1
2
1
44
1
878
1
359
1
89
1
230
1
22
1
2
1
59
1
968
2
586
1
70
1
69
1
79
1
2
1
436
1
288
1
1046
1
628
1
190
1
194
2
73
1
14
1
120
1
1202
1
426
1
65
1
813
1
414
1
335
1
53
1
81
1
247
1
95
1
88
1
237
1
569
1
536
1
183
1
1254
1
554
1
118
1
812
1
234
1
557
1
22
1
1
1
66
1
890
2
1056
1
180
1
242
1
193
1
286
1
373
1
148
1
285
1
329
1
193
1
192
1
367
1
68
1
33
1
66
1
554
3
447
1
153
1
179
1
200
1
10
1
57
1
910
1
456
1
209
1
78
1
52
1
602
1
776
1
47
1
67
1
693
1
523
1
376
1
419
1
14
1
274
1
169
1
258
1
482
1
261
1
2
1
452
1
90
1
263
1
345
1
294
1
334
1
324
1
53
1
10
1
889
1
79
1
352
1
75
1
118
1
32
1
80
1
2
1
409
1
329
1
476
1
387
1
422
1
1
1
302
1
33
1
63
1
809
1
156
1
352
1
72
1
226
1
312
1
168
1
327
1
731
1
142
1
56
1
692
1
26
1
540
1
928
1
127
1
1209
1
1146
1
57
1
2
1
161
1
648
1
722
1
81
1
397
1
424
1
204
1
25
2
472
1
91
1
37
1
371
1
459
1
169
1
270
1
320
1
127
1
453
1
287
1
615
1
286
1
74
1
270
1
89
1
149
2
47
1
521
1
185
1
47
1
66
1
785
1
25
1
65
1
506
1
237
1
237
1
579
1
774
1
172
1
438
1
159
1
70
1
308
1
810
1
407
1
590
1
1049
1
48
1
508
1
198
1
112
1
2
1
314
1
388
1
344
4
576
1
137
1
556
1
113
1
716
1
232
1
647
1
94
2
416
1
91
1
140
1
145
1
1068
1
271
1
538
1
166
1
89
1
222
1
748
1
63
1
65
1
56
1
114
3
242
1
460
1
450
1
234
1
736
1
905
1
32
1
12
1
327
1
181
2
635
1
256
1
30
1
26
1
65
1
610
1
542
1
1411
1
89
1
26
1
242
1
240
1
10
1
11
1
15
1
631
1
233
1
1548
1
377
1
399
1
84
1
76
1
604
1
41
1
11
1
1
1
44
1
23
3
517
1
90
1
434
1
103
1
1
1
1172
1
239
1
113
1
3
1
691
1
624
1
879
1
809
1
492
1
215
1
160
1
604
1
127
1
244
1
77
1
194
2
89
1
125
1
4
1
406
1
1
1
394
1
13
1
283
1
89
1
1461
1
91
1
3
1
507
1
298
2
509
1
71
1
66
2
65
1
93
2
74
1
271
1
287
1
418
1
13
1
1
1
217
1
159
1
732
1
232
1
11
1
181
1
311
1
292
1
359
1
1100
1
1505
1
136
2
507
1
186
1
45
1
1
1
68
1
493
1
13
1
136
1
321
1
168
1
77
1
13
1
1
1
218
1
145
1
12
1
167
1
562
2
76
1
55
1
112
1
181
1
309
2
316
1
809
1
477
1
10
1
15
1
955
1
513
1
213
1
47
1
32
1
159
1
557
1
26
1
64
1
4
1
76
1
77
1
488
1
11
1
556
1
13
1
234
1
15
1
70
1
732
1
6
1
309
1
500
1
293
1
558
1
31
2
139
1
657
1
12
1
217
1
92
3
391
1
164
1
44
1
113
1
591
1
13
1
205
1
75
1
513
1
477
1
91
2
240
1
2104
1
89
1
154
1
67
1
67
1
429
1
76
1
235
1
54
1
352
1
550
1
667
1
60
1
809
1
624
1
80
1
20
1
22
1
705
1
220
1
11
1
259
1
90
1
242
1
21
1
124
1
171
1
442
1
69
1
642
1
106
1
47
1
11
1
111
1
13
1
683
1
55
1
44
1
24
1
246
1
436
1
206
1
153
1
12
1
155
1
279
1
64
1
59
1
224
1
526
1
217
1
506
1
289
1
628
1
543
1
151
1
69
1
80
1
667
1
57
1
56
1
451
1
186
1
40
1
310
1
180
1
286
1
101
1
11
1
152
1
165
1
90
1
76
1
14
2
252
1
373
1
245
1
139
1
174
1
314
1
436
1
742
1
79
1
43
1
68
1
681
1
58
1
162
1
75
1
167
1
102
1
137
1
409
1
990
1
277
1
185
1
975
1
182
3
222
1
81
1
320
1
466
1
80
1
12
1
1
2
401
1
310
1
33
2
45
1
762
1
727
1
209
1
14
1
542
1
845
1
229
1
74
1
512
1
58
1
1
1
746
1
480
1
91
1
193
1
115
1
55
1
261
1
536
1
24
2
402
1
449
1
670
1
69
1
750
1
731
1
148
1
2060
1
90
1
94
1
41
1
11
1
1199
1
493
1
68
1
132
1
22
1
66
1
582
1
696
1
55
1
217
1
695
1
34
1
571
1
675
1
107
1
521
1
797
1
470
1
355
1
302
1
92
2
384
1
89
1
332
1
4
1
64
1
136
1
10
1
104
1
638
3
655
1
13
1
773
1
34
1
137
1
616
1
194
1
809
1
437
1
140
3
228
1
154
1
11
1
273
2
262
1
103
1
324
1
310
1
22
2
764
1
47
1
319
1
691
1
281
1
538
1
1081
1
2259
1
181
1
458
1
263
1
395
1
716
1
96
1
862
1
10
1
671
1
137
1
754
1
43
1
24
1
714
1
21
1
47
1
273
1
166
1
89
1
233
1
959
1
729
1
159
1
233
1
24
1
91
1
229
1
398
1
374
1
69
1
158
1
371
1
1051
1
15
1
43
1
509
1
105
1
1014
1
79
1
170
1
165
1
89
1
127
1
175
1
79
1
731
1
79
1
153
1
180
1
319
1
2
1
487
1
90
1
124
1
490
1
78
1
402
1
250
1
385
1
30
1
130
1
264
2
1262
1
522
1
252
1
69
2
328
1
164
1
89
1
221
1
239
1
638
1
636
1
80
1
32
1
58
1
749
1
59
1
432
3
61
1
312
1
237
1
511
1
196
1
1299
1
123
1
128
1
440
1
161
1
56
1
344
1
163
1
245
1
202
1
675
1
733
1
662
1
115
1
101
1
738
1
86
1
135
1
668
1
37
1
90
1
182
1
384
1
187
1
66
1
681
1
57
1
136
1
12
1
257
1
266
1
124
1
645
1
25
1
55
1
252
1
637
1
173
1
1155
1
229
1
566
1
246
1
396
1
719
1
535
1
276
1
1203
1
11
1
71
1
156
1
91
1
640
1
170
1
1262
1
41
1
70
1
4
1
585
1
288
1
507
1
230
1
15
1
396
1
615
1
258
1
911
1
127
1
59
1
193
1
79
1
503
1
804
1
47
1
22
1
67
1
14
1
170
1
73
1
270
1
96
1
194
1
427
1
313
1
1614
1
412
1
479
2
303
1
340
1
10
1
151
1
148
1
1632
1
433
1
180
1
693
1
2
1
136
1
2049
1
457
1
261
1
154
1
311
1
227
1
358
1
360
1
10
1
103
1
333
1
177
1
299
1
728
1
433
1
54
1
69
1
252
1
793
1
361
1
288
1
430
1
90
1
174
1
519
1
26
2
61
1
253
1
25
1
618
1
237
1
692
1
31
1
656
1
178
1
181
1
677
1
601
1
56
1
54
1
12
1
80
1
504
1
460
1
180
1
628
1
247
1
89
1
471
1
273
2
304
1
11
1
69
1
215
1
479
1
112
1
717
1
970
1
79
1
91
1
445
1
465
1
407
1
797
1
12
1
57
1
159
1
349
1
288
1
79
1
11
1
157
1
247
1
149
1
115
1
138
1
340
2
202
1
123
1
143
1
63
1
13
1
76
1
92
1
374
1
43
2
58
1
124
1
113
1
435
1
111
1
91
1
428
1
158
1
59
1
37
1
124
1
614
1
122
1
173
1
169
1
342
1
52
1
4
1
483
1
217
1
107
1
317
1
625
1
350
1
330
1
388
1
156
1
139
1
267
1
63
1
168
1
12
1
422
1
272
1
594
1
34
1
205
1
1377
1
797
1
91
1
66
1
538
1
55
1
226
1
92
1
373
1
117
1
146
1
669
1
14
1
125
1
428
1
298
1
83
1
541
1
123
1
59
1
331
3
533
1
182
1
546
1
171
1
93
1
462
1
79
1
272
1
93
1
362
1
183
1
65
1
103
1
405
1
154
1
250
1
474
1
10
1
3
1
575
1
176
1
79
1
281
1
271
1
175
1
123
1
161
1
978
1
1229
1
128
1
172
1
362
1
56
2
101
1
701
1
59
1
12
1
161
1
75
1
258
1
288
1
106
1
249
1
487
1
70
1
80
1
75
1
348
1
116
1
30
1
153
1
159
1
257
1
330
1
556
1
381
1
866
1
89
1
89
1
516
1
1304
1
128
1
96
1
64
1
1561
1
577
1
116
1
1156
1
256
1
92
1
236
1
47
1
586
1
141
1
161
1
326
1
178
1
476
1
818
1
354
1
53
1
948
1
981
1
577
1
72
1
714
1
33
2
45
1
174
1
349
2
251
1
42
1
766
1
283
1
155
1
320
1
103
1
71
2
323
1
229
1
228
1
605
2
305
1
93
1
404
1
659
1
461
1
485
1
163
1
495
1
12
1
241
1
219
1
154
1
378
1
261
1
14
2
62
1
11
1
345
1
237
1
292
1
27
1
250
1
305
1
44
1
10
1
458
1
203
1
353
1
319
1
305
1
93
1
475
1
765
1
530
1
250
1
107
1
43
1
160
1
155
1
257
1
233
1
161
1
875
1
168
1
188
1
281
1
26
1
77
3
167
1
252
1
281
1
10
1
11
1
571
1
67
1
1059
1
92
1
255
1
707
1
11
1
266
1
440
1
192
1
276
1
351
1
156
1
88
1
71
1
219
1
24
2
806
1
3
1
142
1
913
1
642
1
601
1
41
1
265
1
75
1
92
2
251
1
79
1
213
1
337
1
177
1
133
1
136
1
196
1
301
1
91
1
243
1
453
1
122
1
16
1
56
2
238
1
555
1
616
1
274
1
672
1
731
1
75
1
46
1
510
1
2
1
142
1
173
1
159
1
169
1
93
1
282
1
341
1
386
1
113
1
1
1
103
1
124
1
172
1
73
1
485
1
52
1
361
1
116
1
160
1
441
1
334
1
11
1
42
1
57
1
349
1
13
1
718
1
285
1
277
1
78
1
704
1
183
1
75
1
537
1
449
1
484
1
65
1
11
1
376
1
196
1
80
1
77
1
171
1
281
1
125
1
231
1
451
1
182
1
626
1
182
1
80
1
157
1
1463
1
79
1
171
1
372
1
31
1
106
1
47
1
156
1
1064
1
244
4
314
1
92
1
385
1
589
1
117
1
1039
1
281
1
420
1
59
1
511
1
254
1
450
1
14
1
386
1
13
1
317
1
560
1
66
1
258
1
480
1
261
1
154
1
150
1
320
1
78
1
105
1
396
1
69
1
507
1
117
1
30
1
232
1
337
1
334
1
33
1
274
1
485
1
10
1
479
1
90
1
64
1
245
1
2
1
560
1
461
1
347
1
222
1
742
1
80
1
338
1
274
1
181
1
354
1
454
1
261
1
547
1
11
1
45
1
204
1
465
1
35
1
33
1
350
1
246
1
211
1
79
1
180
1
180
1
318
1
48
1
519
1
322
1
216
1
708
1
207
1
327
1
55
1
68
1
809
1
68
1
461
1
278
1
169
1
270
1
320
1
47
1
10
1
728
1
32
1
2
1
33
1
103
1
427
1
186
1
170
1
102
1
424
1
152
1
568
1
392
1
146
1
367
1
294
1
56
1
78
1
23
1
65
1
26
1
272
1
933
1
161
1
261
1
73
1
393
1
79
1
76
1
91
1
395
1
150
1
79
1
684
1
310
1
567
1
497
1
356
1
10
1
338
1
106
1
363
1
355
1
408
1
282
1
342
1
14
1
793
1
11
1
46
1
106
1
681
1
125
1
65
1
718
1
90
1
12
1
427
1
186
1
54
1
1
1
124
1
169
1
15
1
164
1
401
1
2
1
392
1
187
1
531
1
490
1
331
1
93
1
61
1
149
1
195
1
1
1
135
1
145
1
357
1
69
1
157
1
350
1
273
1
22
1
83
1
63
1
90
1
526
1
79
1
44
1
66
1
440
1
552
1
154
1
343
1
2
1
135
1
172
1
873
1
277
1
293
1
696
1
429
1
26
2
612
1
78
1
916
2
521
1
15
1
467
1
1411
3
286
2
428
2
284
1
788
1
114
1
727
1
1607
1
355
1
177
1
264
1
833
1
1321
1
457
1
261
1
1163
1
115
1
79
1
660
1
68
1
740
1
68
1
714
1
6
1
253
1
90
2
346
1
98
1
831
1
1
1
601
1
183
1
182
1
77
1
96
1
174
2
302
1
1136
3
476
1
164
1
166
1
809
1
640
1
168
1
472
1
169
1
86
1
435
1
930
1
334
1
177
1
89
1
89
1
94
1
183
1
258
1
388
1
4
1
1044
1
1381
1
82
1
79
1
169
2
532
1
11
1
92
1
168
1
534
1
106
1
702
1
101
1
263
1
363
1
441
1
91
1
89
1
185
1
267
1
83
1
810
1
2100
1
81
1
80
1
612
1
364
1
545
1
903
1
75
1
6
1
87
1
88
1
89
1
180
1
93
1
354
1
637
1
83
1
895
1
1371
3
873
1
90
1
639
1
261
1
1356
1
350
1
179
1
371
1
167
1
457
1
183
1
169
1
535
1
186
1
85
1
536
1
22
1
729
1
56
1
106
1
166
1
808
1
809
1
639
1
261
1
180
1
194
1
171
2
167
1
180
1
181
1
94
1
22
1
160
1
729
1
249
1
637
1
171
1
455
1
820
1
343
1
1367
1
890
1
82
1
553
1
611
1
266
1
914
1
168
1
561
1
79
1
1694
1
905
1
489
1
237
1
534
1
170
1
95
1
553
1
68
1
10
1
91
2
729
1
1783
1
1373
1
251
1
572
2
77
1
77
1
813
1
804
1
336
1
101
1
814
1
73
1
1763
1
56
1
172
1
256
1
460
1
94
1
254
1
538
1
15
1
255
1
91
1
810
1
445
1
364
1
375
1
965
1
106
1
177
1
1027
1
668
1
128
1
5
1
679
1
138
1
577
1
3
1
192
1
522
1
319
1
59
1
717
1
32
1
126
1
1167
1
17
1
89
1
341
1
372
2
89
1
89
1
796
1
178
1
729
1
626
1
88
1
131
1
4
1
139
1
440
2
228
1
398
1
93
1
262
1
42
1
11
1
138
1
351
1
1
1
283
1
523
1
273
1
169
1
197
1
173
1
89
1
285
1
615
1
193
1
1613
1
523
1
625
1
181
1
196
1
1598
1
43
1
502
2
907
1
90
1
82
1
26
1
80
1
163
1
451
1
117
1
47
1
194
1
262
1
89
1
289
1
1416
1
629
1
721
1
465
1
877
1
740
1
983
1
533
1
274
1
261
1
83
1
268
1
27
1
427
1
179
1
93
1
79
1
809
1
762
1
148
1
351
1
297
1
425
1
395
1
81
1
721
1
248
1
357
1
1012
1
5
1
406
1
275
1
443
1
732
1
257
1
2
1
177
2
133
1
804
1
240
2
166
1
91
1
377
1
431
1
473
1
335
1
366
1
272
1
268
2
203
1
412
1
89
1
358
1
270
1
493
1
807
1
501
1
88
1
299
2
727
1
160
2
337
1
474
1
243
1
5
1
897
1
1191
1
428
1
180
1
627
1
1197
1
66
1
12
1
887
1
4
1
804
1
260
1
548
1
260
1
1
1
321
1
485
1
299
1
67
1
169
1
359
1
101
1
1
1
84
1
275
1
809
1
439
1
287
1
652
1
63
1
175
1
729
1
335
1
468
1
340
1
377
1
431
1
1117
1
80
1
3
1
257
3
719
2
573
1
581
1
293
1
63
1
11
1
259
1
91
2
293
1
165
1
679
1
301
1
508
1
103
1
451
1
207
1
880
1
104
1
728
1
703
1
105
1
1331
1
89
1
144
1
481
1
329
1
46
1
251
1
445
1
50
1
10
1
3
1
51
1
63
1
668
1
25
1
806
1
118
1
14
1
76
1
524
1
41
1
33
1
1
1
34
1
93
1
517
1
377
1
718
1
1164
1
89
1
182
1
69
1
115
1
256
1
90
1
328
1
53
1
246
2
507
1
777
1
20
1
11
1
37
1
171
1
577
1
23
1
104
1
26
1
424
1
369
1
912
1
1233
1
296
1
170
1
358
1
535
1
720
1
497
1
870
1
68
1
823
1
656
1
883
1
729
1
42
1
377
1
71
1
107
1
71
1
99
1
79
1
116
1
258
1
179
1
285
1
80
1
2
1
257
1
472
1
76
1
170
1
444
1
30
1
25
1
60
1
76
2
244
1
426
1
136
1
2
1
423
1
448
1
456
1
218
1
314
1
275
1
208
1
736
1
502
1
988
1
114
1
48
1
373
1
386
1
22
2
137
1
3
1
165
1
488
1
11
1
1
1
141
1
519
1
146
1
1620
1
308
1
348
1
209
1
811
1
335
1
179
1
220
1
318
1
180
1
447
1
272
1
456
1
10
1
5
1
79
1
167
1
351
1
203
1
68
1
900
1
93
1
464
1
35
2
66
1
238
1
3
1
344
1
1021
1
1
1
806
1
1
1
429
1
295
1
165
1
163
1
181
1
178
1
540
1
402
1
1697
2
43
1
192
1
504
1
657
1
125
1
815
1
78
1
334
1
550
1
168
1
485
1
74
1
67
1
820
1
261
1
525
1
546
1
719
1
804
1
4
1
240
1
146
2
78
2
635
1
601
1
175
1
37
1
513
1
5
1
205
1
158
1
532
1
196
1
3
1
804
1
255
1
85
1
400
2
321
1
531
1
33
1
591
1
299
1
234
1
628
1
454
1
151
1
656
2
114
1
30
1
70
1
435
1
88
1
73
1
13
1
1
1
112
1
579
1
322
1
960
1
2
2
883
1
258
1
106
1
182
1
91
1
626
1
122
1
3
1
226
1
583
1
226
1
347
1
127
1
1241
1
183
1
90
1
197
1
76
1
78
1
168
1
415
1
14
1
457
1
329
1
16
1
43
1
15
1
157
1
574
1
17
1
11
1
100
1
668
1
37
1
558
1
309
1
317
1
256
1
188
1
42
1
3
1
55
1
717
1
748
1
166
1
435
1
2
1
86
1
3
1
81
1
45
1
65
1
3
1
77
2
171
1
73
1
424
1
643
1
157
1
13
1
559
1
254
1
57
1
684
1
61
1
5
1
43
1
5
1
4
1
319
1
183
1
89
1
933
1
96
1
723
1
804
1
76
2
78
1
2
1
260
1
85
1
2
1
86
1
2
1
86
1
3
1
127
1
7
1
310
1
556
1
3
1
161
1
579
1
8
1
12
1
641
1
97
1
116
1
6
1
46
1
456
1
244
1
4
1
22
1
26
1
329
1
88
1
163
1
12
1
147
1
71
1
228
1
90
1
355
1
455
2
560
1
323
1
741
1
2
1
88
1
87
1
2
1
86
1
131
1
23
1
20
1
23
1
224
1
459
1
56
1
814
1
17
1
204
1
599
1
4
1
804
1
1
1
2
1
47
1
507
1
87
1
1
1
124
1
34
1
1
1
1
1
54
2
394
1
358
1
377
1
351
1
79
1
54
1
152
1
568
1
302
1
190
1
103
2
87
1
3
1
354
1
156
1
470
1
21
1
1
1
162
1
331
1
89
1
162
1
62
1
157
1
1
1
1070
1
179
1
210
1
63
1
353
1
87
2
226
1
128
1
763
1
72
1
78
2
165
1
408
1
11
1
69
1
227
1
824
1
623
1
337
1
310
1
16
1
31
1
1604
2
217
1
351
1
86
1
2
1
369
1
171
1
416
1
392
1
486
1
2
1
65
1
647
1
92
1
719
2
66
1
621
2
783
1
1777
1
68
1
597
1
94
1
111
1
83
1
670
2
1593
1
398
1
401
1
341
1
1
1
478
1
1046
1
348
1
5
1
83
1
129
1
683
1
289
1
714
1
96
1
62
1
273
1
375
1
23
1
135
1
605
1
1927
1
1
2
331
1
99
1
856
1
494
1
390
1
2
1
77
1
66
1
275
1
272
1
44
2
33
1
361
1
617
1
1427
1
65
1
56
1
520
1
313
2
663
1
49
1
95
1
735
1
70
1
1
1
155
1
168
1
102
1
89
1
145
1
19
1
349
1
500
1
22
1
810
1
386
1
420
1
130
1
336
1
11
1
330
1
298
1
180
1
811
3
222
1
92
1
12
1
24
1
364
1
334
1
1
1
15
1
45
1
723
1
16
1
69
1
157
1
1
2
571
1
7
1
8
1
373
1
258
1
177
1
59
1
7
1
113
1
89
1
612
1
49
1
890
1
426
1
302
1
80
1
681
1
785
1
10
1
11
1
1
1
127
1
350
2
305
2
66
1
91
1
535
1
860
1
65
1
313
1
104
1
603
1
662
1
686
1
30
1
728
1
935
2
46
1
738
1
10
1
116
1
283
1
181
1
378
1
646
1
1
1
934
1
203
1
3
1
478
1
6
1
229
1
3
1
331
1
139
1
162
1
717
1
759
1
86
1
32
1
708
1
791
1
17
1
52
1
24
1
569
1
146
1
104
1
706
1
12
1
41
1
764
1
272
1
531
1
198
1
102
1
455
1
40
1
82
1
797
1
13
1
56
1
626
1
933
1
36
1
271
1
270
1
95
1
30
1
91
1
83
2
416
1
90
1
1
1
204
1
1047
1
89
1
89
1
102
1
89
1
75
1
61
1
11
1
1
1
3
1
122
1
679
1
197
1
102
1
335
1
236
1
692
1
52
1
756
1
30
1
95
1
1605
1
307
1
102
1
90
1
195
1
20
1
510
1
89
1
89
1
107
1
341
1
184
1
162
1
88
1
66
1
135
1
67
1
258
1
354
2
194
1
106
1
509
1
192
1
103
2
345
1
107
1
934
2
23
1
557
1
156
1
651
1
215
1
11
1
69
1
162
1
256
1
299
1
145
1
78
1
10
1
501
1
26
1
190
1
101
1
66
1
114
2
89
1
88
1
132
1
6
1
137
1
67
1
438
1
1283
1
455
1
55
3
123
1
172
2
509
1
125
1
249
1
180
1
4
1
88
1
158
1
138
1
55
1
104
3
164
1
90
1
227
1
478
1
103
1
2
1
251
1
460
1
179
1
143
1
56
1
11
1
248
1
90
1
65
1
482
1
671
1
68
1
877
1
79
1
547
1
867
1
135
2
671
1
70
1
69
1
41
1
373
1
2
1
213
1
10
1
24
1
182
1
21
1
13
3
338
1
299
1
64
1
247
1
640
1
101
1
246
1
562
1
91
2
716
1
348
1
152
1
1
1
192
1
569
1
193
1
508
1
207
1
10
1
80
1
423
1
250
1
66
1
2
1
64
1
82
1
337
1
227
1
11
1
80
1
490
2
242
1
156
1
53
1
23
1
1470
1
6
1
366
1
203
1
165
1
71
1
2
1
389
1
2
1
453
1
57
1
36
1
75
1
92
3
499
1
4
1
107
1
915
1
243
1
268
1
85
2
47
1
68
1
586
1
81
1
491
1
91
1
132
1
849
1
295
1
575
1
60
1
760
1
26
1
338
1
114
1
2
1
89
1
202
1
31
1
96
1
21
1
78
1
11
1
650
1
417
1
344
1
713
1
8
1
297
1
164
1
286
1
342
1
180
1
285
1
192
1
646
1
242
1
576
1
93
1
36
1
180
1
180
1
167
1
244
1
138
1
167
1
246
1
24
1
231
1
12
1
43
1
67
1
67
1
10
1
78
1
429
1
97
1
6
1
48
1
159
1
485
1
115
1
116
1
92
1
544
1
54
1
1
1
464
1
460
1
601
1
34
1
181
1
594
1
761
1
171
1
12
1
1
2
334
1
306
1
70
1
32
1
47
1
14
1
79
2
725
1
67
1
157
1
89
1
329
1
163
1
56
1
609
1
142
1
809
1
496
1
11
1
384
1
78
1
507
1
141
1
664
1
221
1
77
1
581
1
25
1
124
1
1364
1
101
1
5
1
5
2
46
1
13
1
313
1
89
1
331
1
14
1
44
1
15
1
631
1
80
1
420
1
328
1
92
1
766
1
31
1
24
1
128
1
78
1
603
1
201
1
510
1
3
1
55
1
599
1
372
3
242
1
89
1
239
1
140
1
158
1
283
1
2
1
191
1
183
1
253
1
496
1
126
1
685
1
112
1
102
1
605
1
31
1
95
1
643
1
10
1
26
1
125
1
577
1
15
1
20
1
830
1
11
2
159
1
347
1
244
1
217
3
51
1
383
1
277
1
327
1
495
1
251
1
532
1
21
1
159
1
591
1
1
1
773
1
33
1
35
1
21
1
82
1
77
1
486
1
243
1
325
1
268
1
42
1
136
1
601
1
14
1
227
1
257
1
551
1
65
1
78
1
22
1
643
2
256
1
327
1
117
1
21
1
81
3
166
1
3
1
489
1
69
1
78
1
885
1
730
1
545
1
31
1
163
2
66
1
627
1
147
1
549
1
349
1
100
1
426
1
292
1
101
1
66
1
89
1
114
1
149
3
136
2
78
1
260
2
399
1
70
1
42
1
697
1
111
1
1459
1
56
2
564
1
242
1
68
1
147
1
606
1
89
1
21
1
877
1
100
1
494
1
224
1
101
1
184
1
293
1
58
1
169
1
195
1
327
1
70
1
71
1
142
1
478
1
43
1
137
1
148
1
522
1
286
1
106
1
566
2
239
3
484
1
12
1
310
2
255
1
185
1
62
1
402
1
394
1
49
1
181
1
1057
1
11
1
66
1
266
1
140
1
1148
1
330
1
56
1
34
1
33
1
66
1
600
1
10
1
62
1
1
1
42
1
23
1
678
1
61
1
69
1
78
1
257
1
341
1
26
1
21
1
161
1
257
1
245
1
496
1
534
1
183
1
495
1
61
1
159
1
77
1
270
1
217
1
244
1
166
1
346
1
71
1
62
1
419
1
389
1
34
1
33
1
740
1
45
1
23
1
171
1
164
1
1098
1
184
1
553
1
49
1
51
1
82
1
66
1
12
1
261
1
398
1
69
1
80
1
169
1
559
2
712
1
34
1
220
1
648
2
392
1
414
1
2
1
31
1
33
1
55
1
730
1
194
1
795
1
1310
1
164
1
259
1
73
1
89
1
97
1
457
1
487
1
305
1
640
1
427
1
148
1
70
1
20
1
388
1
420
1
38
1
33
3
212
1
89
1
116
1
1174
1
982
1
545
1
363
1
92
1
389
1
874
1
173
1
462
1
819
1
849
1
73
1
275
1
179
1
26
1
293
1
32
1
129
1
170
1
568
1
243
1
381
1
161
1
607
1
72
1
140
1
169
1
91
1
75
1
329
1
38
1
273
1
76
1
495
1
144
1
546
1
123
2
216
1
348
1
348
1
190
1
192
1
236
1
94
1
453
1
320
1
92
1
3
1
1048
1
382
1
253
1
173
1
463
1
354
1
1285
1
2
1
956
1
259
1
346
1
62
1
3
1
282
1
594
1
332
1
417
2
44
1
80
1
616
1
749
1
20
1
779
1
183
1
246
1
424
1
136
1
605
1
40
1
93
1
147
1
78
1
168
1
416
1
111
1
89
1
383
1
335
1
809
1
297
1
511
1
680
1
34
1
93
1
715
1
45
1
663
3
955
1
518
1
86
1
51
1
150
1
79
1
866
1
359
1
747
1
201
1
112
1
4
1
67
1
236
1
1517
1
590
1
80
1
723
1
339
1
546
1
170
1
335
1
164
2
54
1
80
1
158
1
457
1
329
1
21
1
13
2
452
1
123
2
194
1
612
1
400
1
483
1
63
1
170
1
92
2
313
1
48
1
991
1
12
2
897
1
78
1
90
1
182
1
162
1
60
1
6
1
146
1
250
1
404
1
156
1
79
1
646
1
226
1
168
1
390
1
328
1
102
1
551
1
513
1
100
1
68
1
203
1
515
1
31
1
68
1
194
1
75
1
168
1
1049
1
92
1
238
1
273
2
202
1
25
1
135
1
93
1
168
1
75
1
308
1
94
1
714
1
81
1
68
1
184
1
473
1
70
1
92
1
314
1
113
1
237
1
209
1
13
1
258
1
91
2
331
1
295
1
547
1
1526
1
101
1
352
1
91
1
224
1
1
1
400
1
547
1
667
1
49
1
68
1
690
1
954
1
64
1
13
1
233
1
23
1
90
1
334
1
47
1
664
1
6
1
100
1
193
1
415
1
236
1
656
2
67
1
431
1
91
1
921
1
113
1
59
1
67
1
12
1
77
1
91
1
394
1
106
1
1760
1
77
1
323
1
159
1
175
2
22
1
89
1
179
1
115
1
315
1
10
1
27
1
43
1
46
1
25
1
736
1
717
1
82
1
429
1
379
1
54
1
10
1
181
1
167
1
257
1
134
1
750
1
57
1
82
1
714
1
95
1
724
1
162
1
166
1
77
1
414
2
22
1
359
1
116
2
223
1
155
1
249
1
322
1
119
1
274
1
649
1
349
1
75
1
14
1
123
1
505
1
384
1
13
1
70
1
622
1
1742
1
222
1
166
1
419
1
72
1
203
1
113
1
182
2
223
1
154
1
156
1
93
1
463
1
329
1
378
1
196
1
74
1
181
1
76
1
13
1
90
1
614
1
15
1
362
1
356
1
793
1
511
1
466
1
11
1
216
1
334
1
348
1
276
1
33
2
150
2
165
1
456
1
58
1
100
1
195
1
557
1
82
1
496
1
580
1
163
1
121
1
342
1
406
1
389
1
559
1
11
1
2
1
966
1
577
1
197
1
89
1
10
1
78
1
89
1
89
1
170
1
80
1
83
1
55
1
15
1
76
1
260
3
395
1
151
1
169
1
363
1
53
1
69
1
397
1
240
1
127
1
763
1
684
1
610
1
101
1
106
1
196
1
415
1
206
1
264
2
133
1
269
1
263
1
139
1
3
1
41
1
509
1
101
1
69
1
11
1
149
1
261
2
443
1
900
1
185
1
1071
1
464
1
424
1
386
1
63
1
573
1
1
1
222
1
583
1
135
1
10
1
1093
1
226
1
84
1
65
1
341
1
2
1
372
1
138
1
681
1
767
1
30
1
778
1
63
1
82
2
42
1
10
1
274
1
313
1
18
1
41
1
91
1
251
1
343
1
50
1
28
1
134
1
695
1
115
1
80
1
941
1
22
1
183
2
625
1
407
1
140
1
12
1
574
1
152
1
12
1
227
1
76
1
180
1
266
1
64
1
786
1
91
1
249
1
386
1
229
1
270
1
267
1
40
1
174
1
79
1
77
1
476
1
38
1
20
1
32
1
83
1
391
1
10
1
708
1
10
1
390
1
317
1
115
1
398
1
24
1
32
1
92
1
169
1
293
1
49
1
79
1
100
1
116
1
491
1
29
1
67
1
11
1
307
1
421
1
463
1
91
1
1266
1
93
1
170
1
341
1
40
1
38
1
20
1
273
1
404
1
70
1
336
1
164
1
66
1
333
1
385
1
116
2
331
1
44
1
775
1
360
1
357
1
55
1
508
1
228
1
1
1
397
1
91
1
321
1
67
1
66
1
261
1
166
1
137
1
39
1
467
1
73
1
368
1
842
1
243
1
472
1
411
1
156
1
199
1
339
1
89
1
116
1
212
1
101
1
81
1
12
1
57
1
67
1
348
1
832
1
628
1
91
1
319
1
34
1
363
1
166
1
127
1
150
1
35
1
330
1
73
1
368
1
273
1
394
1
140
1
531
1
136
1
243
1
429
1
322
1
102
1
203
1
65
1
575
1
635
1
158
1
25
1
566
1
318
1
182
1
1126
1
310
1
570
1
147
1
168
1
1451
1
535
1
30
1
104
1
1
1
101
1
203
1
559
1
730
1
1240
1
91
1
1038
1
878
2
145
1
567
1
139
1
180
1
270
1
298
1
809
1
25
1
101
1
33
1
55
1
204
1
409
1
115
1
458
1
215
1
77
1
427
1
167
1
30
1
182
1
443
1
342
1
284
1
283
1
125
1
114
1
763
2
44
1
638
1
30
1
80
1
239
1
168
1
411
1
69
1
430
1
323
1
54
1
147
1
193
1
397
1
11
1
138
1
78
1
91
1
264
1
63
1
206
1
548
1
283
1
535
1
443
1
536
1
429
1
414
1
238
1
384
1
411
1
14
2
542
1
318
1
524
1
2
1
134
1
567
1
21
1
47
1
138
1
469
1
64
1
151
1
64
1
349
1
240
1
16
1
133
1
67
1
272
1
401
1
65
1
250
1
156
1
278
1
440
1
448
1
56
1
622
1
20
1
390
1
787
1
617
1
632
1
91
1
151
1
1
1
602
1
69
1
156
2
65
1
79
1
93
1
165
1
276
1
31
1
12
3
488
1
626
1
92
1
625
1
14
1
421
1
40
1
91
1
12
1
124
1
361
1
256
1
462
1
90
1
458
1
78
1
559
1
91
1
135
1
674
1
1525
1
79
1
21
1
11
1
135
1
23
1
260
1
333
1
136
1
78
1
464
1
128
1
294
1
385
1
105
1
319
1
312
1
639
1
417
1
64
1
92
1
567
1
306
1
308
1
122
1
221
1
170
1
323
1
140
1
101
1
658
1
230
1
13
1
155
1
182
1
365
1
158
1
194
1
400
2
483
1
147
1
70
1
106
1
21
1
295
1
75
1
308
1
254
1
473
1
140
1
45
1
69
1
65
1
259
1
66
1
23
1
175
1
146
2
371
1
320
1
80
1
819
1
185
1
76
1
615
1
10
1
11
1
339
1
643
1
885
1
386
1
128
1
124
1
661
2
67
1
553
1
119
1
52
1
11
1
137
1
91
1
475
1
411
1
77
1
104
3
316
1
72
1
963
1
13
1
257
1
105
1
123
1
3
1
146
1
247
1
90
1
549
1
731
1
247
1
93
1
292
1
174
1
248
1
166
1
137
1
161
1
10
1
12
3
148
1
472
1
49
1
111
1
80
1
79
1
91
1
257
1
186
1
111
1
255
1
564
1
206
1
89
1
115
1
193
1
111
1
173
1
170
1
393
1
28
1
135
1
33
1
190
1
284
1
215
1
82
1
34
1
46
1
726
1
82
1
64
1
181
1
93
1
292
1
20
1
154
1
53
1
684
3
149
1
75
1
395
1
255
1
158
1
394
1
101
1
81
1
58
1
174
1
242
1
12
1
425
1
203
1
435
1
42
1
339
1
484
1
507
1
103
1
30
1
92
1
3
1
67
1
145
1
900
1
184
1
73
1
187
1
30
1
176
1
653
1
83
2
226
1
579
1
230
1
394
1
416
1
243
1
12
1
332
1
452
1
256
1
1034
1
363
1
163
1
79
1
383
1
91
1
550
1
244
1
217
1
90
1
176
1
79
1
167
1
488
1
1
1
68
1
157
1
77
1
419
1
48
1
1074
1
154
1
102
1
286
1
433
1
322
1
236
1
444
1
111
1
11
1
591
1
163
1
555
1
316
1
70
1
162
1
167
1
385
1
91
1
84
1
78
2
153
1
468
1
103
1
81
2
322
1
485
2
232
1
653
1
590
1
220
1
142
1
209
1
100
1
273
1
336
1
219
1
11
1
46
1
271
1
90
1
90
1
90
1
163
1
295
1
635
1
173
1
168
1
560
1
249
1
1448
1
314
1
494
1
145
1
78
1
585
3
63
1
12
1
54
1
474
1
722
1
524
1
1352
2
345
1
96
1
715
1
131
1
236
1
258
1
902
1
230
1
135
1
670
1
72
1
235
1
273
1
289
1
84
1
1159
1
3
1
88
1
88
1
265
1
184
1
471
1
244
1
536
1
35
1
224
1
14
2
346
1
217
1
245
1
256
1
627
1
502
2
229
1
566
1
13
1
305
1
649
1
875
1
106
1
86
1
463
1
169
1
563
1
241
2
256
1
180
1
128
1
3
1
956
1
979
1
91
1
1346
1
365
1
296
1
610
1
451
1
639
1
167
1
1158
1
89
1
115
1
14
1
65
1
890
1
888
1
90
1
490
1
412
1
1626
1
270
1
615
1
305
1
245
1
1
1
75
1
274
1
85
1
943
1
315
1
5
1
84
1
1198
1
1587
1
10
1
444
1
389
1
154
1
1165
1
89
1
203
1
252
1
171
1
85
1
92
1
205
1
423
1
716
1
814
1
1433
1
1556
1
163
1
258
1
6
1
546
1
260
1
1117
1
73
1
152
1
581
1
1620
1
45
1
277
1
1706
1
472
1
242
1
185
1
545
1
172
1
269
1
535
1
2
1
88
1
88
1
89
2
203
1
152
1
1710
1
809
1
5
1
473
1
93
2
234
1
548
1
90
1
92
1
76
1
565
1
975
1
82
1
174
1
2
1
86
1
2
1
212
1
232
1
656
1
152
1
181
2
399
2
225
1
822
1
649
1
809
1
79
1
2
1
75
1
169
1
366
1
21
1
11
1
159
1
78
1
173
1
898
1
180
1
353
1
12
1
82
1
84
1
269
1
358
1
12
1
796
1
11
2
168
2
399
1
1
1
77
1
733
1
74
1
2
1
327
1
483
1
51
1
10
1
95
1
167
1
477
1
67
1
1470
1
80
1
506
1
224
1
250
1
635
1
813
1
64
1
272
1
93
1
308
1
147
1
155
1
549
1
21
1
82
2
169
1
346
1
126
1
26
1
138
1
809
1
427
1
185
1
20
1
149
1
11
1
12
1
519
1
124
1
81
1
336
1
389
1
890
1
85
1
344
1
93
1
73
1
12
1
1
1
135
1
63
1
80
1
74
1
258
1
395
1
155
1
348
1
228
1
76
1
323
1
180
1
300
1
68
1
91
1
732
1
518
1
93
1
41
1
10
1
129
1
259
1
726
1
563
1
234
1
191
1
277
1
101
1
57
1
26
1
255
1
2
1
87
1
89
1
89
2
94
1
42
1
62
1
77
1
170
1
165
1
319
1
10
1
2
1
802
1
3
1
871
1
957
1
602
1
297
1
571
1
594
1
291
1
5
1
438
1
284
1
813
1
77
2
1455
1
16
1
803
1
71
1
418
1
92
1
1050
2
203
1
364
1
214
1
2
1
65
1
182
1
335
1
89
1
467
1
87
1
395
1
58
1
10
1
68
1
822
2
245
1
641
1
4
1
348
1
236
2
218
1
351
1
238
2
218
1
348
2
459
1
76
1
501
1
230
1
650
1
729
1
325
1
4
1
175
1
91
1
290
1
724
1
246
1
809
1
343
1
93
1
93
1
117
1
1133
1
181
1
459
1
258
1
1199
1
338
1
179
1
358
1
15
1
436
1
212
1
6
1
71
1
504
1
6
1
219
1
157
1
75
1
5
1
727
1
251
1
558
1
612
1
193
1
429
1
446
1
180
1
447
1
1571
1
80
1
83
1
255
1
472
1
738
1
318
1
642
1
74
1
78
1
96
1
986
1
205
1
981
1
430
1
298
1
12
1
239
1
257
2
298
1
341
1
550
1
256
1
387
1
83
1
510
1
283
1
95
1
165
1
352
1
138
1
66
1
5
1
79
1
152
1
12
1
796
1
271
1
1
1
285
1
262
1
570
1
2
1
41
1
454
1
228
1
125
1
754
1
1
1
75
1
262
1
386
1
80
1
82
1
256
1
166
1
209
1
175
1
644
1
679
1
460
1
349
1
459
1
259
1
311
2
807
1
80
2
418
1
216
1
68
1
524
1
224
1
164
1
165
1
271
1
211
1
64
1
10
1
82
1
259
4
388
1
873
1
14
1
6
1
36
1
689
1
7
1
21
1
46
1
600
1
1333
1
504
1
57
1
337
1
180
1
106
1
50
1
73
1
1
1
681
1
34
1
44
1
100
1
14
1
437
1
93
1
122
1
70
1
159
1
877
1
531
1
1
1
51
1
6
1
499
1
234
1
8
1
204
1
274
2
625
1
506
1
74
1
808
1
59
1
170
1
454
1
125
1
305
1
489
1
82
1
350
1
88
1
74
1
14
1
195
1
81
1
169
2
490
1
665
1
144
1
8
1
6
1
52
1
6
1
58
1
647
1
27
1
8
1
4
1
28
1
170
1
184
1
163
1
188
1
60
1
10
1
62
1
215
1
12
1
568
1
822
1
229
1
433
1
20
1
63
1
119
1
170
1
347
1
218
2
78
1
2
1
514
1
14
1
128
1
69
1
44
1
33
1
667
1
223
1
580
1
8
1
13
1
45
1
235
1
505
1
8
1
5
1
1
1
46
1
11
1
319
1
423
1
4
1
2
1
57
1
749
1
2
1
45
1
149
1
91
1
520
2
774
1
891
1
225
1
22
1
347
1
13
1
115
1
10
1
2
1
474
1
342
1
220
1
257
1
89
1
5
1
222
1
10
1
3
1
55
1
3
1
54
1
180
1
183
1
89
1
224
1
6
1
8
1
387
1
165
1
250
1
130
1
1517
1
181
1
730
1
247
1
409
1
3
1
157
1
1
1
64
1
593
1
67
1
1
1
162
1
331
1
269
1
205
1
165
1
5
1
408
1
5
1
62
1
65
1
169
1
180
1
89
1
89
1
144
1
42
1
353
1
395
1
21
1
208
1
90
1
77
1
480
1
10
1
1704
1
52
1
102
1
491
1
65
1
261
1
1
1
153
1
333
1
25
1
202
1
4
1
577
1
23
1
42
1
162
1
165
1
274
1
134
1
490
1
1
1
179
1
148
1
1
1
810
1
373
1
433
1
2
1
294
1
446
1
65
1
140
1
740
1
147
1
170
1
352
1
20
1
24
1
33
1
111
1
182
1
244
1
189
1
79
1
31
1
175
1
349
1
272
1
534
1
457
1
260
1
717
1
77
1
732
2
385
1
21
1
138
1
12
3
78
2
430
1
159
1
32
1
79
1
740
1
600
1
96
1
44
1
135
1
101
1
426
1
142
1
148
1
95
1
622
1
185
1
577
1
811
1
229
1
692
1
35
1
81
1
977
1
489
1
317
1
409
1
13
1
854
1
67
1
660
1
13
1
145
1
439
1
89
1
134
1
235
1
4
1
169
1
87
1
388
1
162
1
168
1
394
1
163
1
511
1
101
1
197
1
503
1
107
1
43
1
35
1
366
1
362
1
20
1
22
1
35
1
44
1
305
1
422
1
307
1
477
1
41
1
803
1
8
1
824
1
40
1
308
1
439
1
304
1
1
2
562
1
6
1
13
1
50
1
429
1
287
1
92
1
3
1
77
1
166
1
180
1
235
1
87
1
4
1
39
1
94
1
664
1
13
1
48
1
81
1
582
1
94
1
131
1
76
1
464
1
44
1
1038
1
1
1
437
1
542
1
473
1
21
1
117
1
693
1
52
1
805
1
81
3
531
1
39
1
97
1
56
1
248
1
446
1
65
1
24
1
90
1
14
1
75
1
496
1
92
1
11
1
299
1
91
1
164
1
1537
1
89
1
138
1
20
1
278
1
539
1
1681
1
10
1
50
1
83
1
521
1
153
1
1
1
130
2
62
1
11
1
733
1
258
1
705
1
105
1
323
1
48
1
21
1
238
1
569
1
318
1
89
1
89
1
258
1
63
1
295
1
511
1
65
1
712
1
30
1
677
1
9
1
9
1
40
1
132
1
3
1
334
1
167
1
98
1
142
1
297
1
196
1
457
1
425
1
629
1
334
1
7
1
229
1
1
1
592
1
201
1
271
1
2
1
86
1
76
1
618
1
1297
1
733
1
5
1
4
1
48
1
689
1
28
1
102
1
339
1
92
1
89
1
367
1
77
1
181
1
376
1
754
1
6
1
15
1
1000
1
192
1
90
1
89
2
87
1
148
1
1678
1
4
1
810
1
42
1
180
1
348
1
171
1
210
1
168
1
94
1
86
2
306
1
14
1
806
1
935
1
168
1
22
1
77
1
101
1
229
1
2
1
668
2
148
1
57
1
1
1
725
1
25
1
2
1
55
1
585
1
165
1
373
1
275
1
219
1
64
1
344
1
792
1
16
1
336
1
46
1
10
1
14
1
32
1
259
1
560
1
25
1
1222
1
209
1
433
2
153
1
189
1
57
1
21
1
297
1
564
1
241
2
165
1
343
1
650
1
92
1
67
1
32
1
26
1
409
1
72
1
102
1
95
1
65
1
454
1
16
1
271
1
272
1
260
1
642
1
962
1
359
1
384
2
243
1
302
1
740
1
239
1
167
1
95
1
442
1
451
1
224
1
409
1
72
1
1039
1
104
1
1
1
69
1
157
1
497
1
68
1
410
1
297
1
171
1
443
1
216
1
317
1
92
1
400
1
213
1
708
1
371
1
319
1
12
2
215
1
95
1
332
1
236
1
52
1
90
1
95
1
495
1
149
1
1
1
65
1
260
1
412
1
1
1
42
1
90
1
605
1
123
1
92
1
715
1
102
1
2
1
244
1
398
1
489
1
101
1
224
1
7
1
5
1
1
1
47
1
431
1
322
1
400
1
464
1
676
1
137
1
158
2
73
1
525
1
783
1
401
1
387
1
70
1
338
1
12
1
314
1
95
1
134
1
270
1
469
1
753
1
6
1
803
1
490
1
363
1
15
1
52
1
752
1
3
1
158
2
542
1
738
1
174
1
716
1
81
1
80
1
349
1
194
1
455
1
1
1
73
1
404
1
5
1
232
2
613
1
68
1
690
1
23
1
130
1
143
1
89
1
27
1
86
1
2
1
86
1
1098
1
161
3
542
1
718
1
330
1
673
1
737
1
1
1
45
1
192
1
435
1
19
1
40
1
49
1
250
1
517
1
137
1
232
1
489
1
16
1
68
1
312
1
114
1
64
1
24
1
291
1
713
1
92
1
161
1
1
1
542
1
863
1
287
1
734
1
431
1
131
1
160
1
91
1
774
1
459
1
70
1
82
1
62
1
222
1
379
1
9
1
100
1
80
1
261
1
91
1
63
1
117
1
121
1
973
1
625
1
252
1
93
1
599
1
209
1
599
1
130
1
52
1
526
1
7
1
137
1
172
2
565
1
69
1
2
1
143
1
89
1
89
1
379
1
34
1
67
1
1
1
81
1
653
1
11
1
61
1
54
1
196
1
241
1
119
1
819
1
49
1
61
1
14
1
732
1
801
1
38
1
102
1
68
1
247
1
459
1
32
1
238
1
572
1
1
1
668
1
475
1
77
1
316
1
6
1
149
1
2
1
255
1
316
1
18
1
133
1
56
1
10
1
185
1
351
1
191
1
762
1
46
1
1437
1
276
1
1146
1
227
1
14
1
67
2
741
1
7
1
45
1
10
1
396
1
359
1
477
1
86
1
1
1
62
1
24
1
2
1
273
1
11
1
80
2
167
1
3
1
1364
1
4
1
52
1
659
1
91
1
82
2
413
1
11
1
381
1
78
1
661
3
863
1
78
1
78
1
400
1
35
1
12
1
54
1
749
2
60
1
816
1
835
1
42
1
3
1
80
1
166
2
165
1
325
1
224
1
168
1
357
1
876
2
135
1
605
1
65
1
34
1
79
1
10
1
248
1
193
1
196
1
90
1
78
1
78
1
78
1
10
1
423
1
554
1
1131
1
5
1
77
1
671
1
42
1
24
1
321
1
163
1
1247
1
467
1
143
1
162
2
33
1
463
1
228
1
12
1
216
1
78
1
14
1
260
1
181
1
61
1
59
1
11
1
1
1
510
2
227
1
67
1
1
1
632
1
107
1
67
2
67
1
225
1
10
1
101
1
235
1
664
1
124
1
672
1
13
1
538
1
1379
1
868
1
349
1
77
1
997
1
886
1
137
1
325
1
339
1
6
1
54
1
163
2
141
1
833
1
406
1
72
1
1296
1
250
1
143
1
543
1
194
1
498
1
216
1
819
1
81
1
251
1
546
1
969
1
180
1
407
1
76
1
661
1
143
1
655
1
60
1
81
1
328
1
448
1
658
1
206
1
34
1
692
1
409
1
90
1
305
1
4
1
12
1
53
1
3
1
247
1
557
1
2
1
157
1
504
1
60
1
49
1
32
1
2
1
325
1
336
1
143
1
2
1
652
1
9
1
143
1
3
1
42
1
10
1
11
1
78
1
363
2
202
1
70
1
728
1
589
1
128
1
80
1
125
1
879
2
333
1
167
1
383
1
93
1
361
1
19
1
101
1
233
1
716
1
146
1
449
1
145
1
663
1
143
1
2
1
713
1
20
1
71
1
243
1
1181
1
206
2
56
1
989
1
76
1
13
1
180
1
173
1
238
1
459
1
155
1
294
1
179
1
198
1
9
1
49
1
449
1
1139
1
101
1
71
1
716
1
150
1
183
1
383
1
183
1
243
1
578
2
229
1
62
1
423
1
316
1
104
1
389
1
65
1
79
1
91
1
424
1
141
1
11
1
138
1
67
1
458
1
282
1
587
1
576
1
232
1
119
1
34
1
714
1
59
1
273
1
384
1
241
1
1459
1
227
1
217
1
89
1
296
1
294
1
10
1
89
1
415
1
145
1
259
1
266
1
110
1
522
1
322
1
692
1
171
1
687
1
75
1
3
1
57
1
64
1
556
1
129
1
1260
1
289
1
248
1
397
1
512
1
269
1
139
1
59
1
181
1
67
1
25
2
164
1
266
1
110
1
20
1
27
1
851
1
11
2
674
1
67
1
64
1
498
1
969
1
80
1
13
2
54
1
728
1
735
1
281
1
844
1
65
1
436
1
32
1
58
1
760
1
613
1
164
1
65
1
397
1
327
1
187
1
100
1
195
1
324
1
187
1
610
1
38
1
52
1
106
1
281
1
367
1
30
1
35
1
33
1
34
2
70
1
669
1
42
1
32
1
665
1
146
1
66
1
740
2
150
1
170
1
51
1
470
1
158
1
100
1
1465
1
657
1
46
1
275
1
1141
1
387
1
655
1
1151
1
90
1
630
1
331
1
201
1
169
1
157
1
423
1
70
1
674
1
136
1
79
1
347
1
356
1
181
1
91
1
384
1
103
1
230
1
244
1
178
1
143
1
83
1
642
1
174
1
644
1
16
1
65
1
46
1
21
1
93
1
244
1
13
1
90
1
629
1
719
1
592
1
280
1
78
1
340
1
155
1
80
1
255
1
812
1
89
1
366
1
13
1
233
1
317
1
70
1
499
1
208
1
9
1
9
1
355
1
76
1
406
1
96
1
474
1
13
1
457
1
78
1
184
1
411
1
134
1
156
1
582
1
1
1
68
1
43
1
190
1
576
1
425
1
145
1
120
1
363
1
90
1
1023
1
196
1
1307
1
228
1
5
1
394
1
90
1
365
1
47
1
214
1
475
1
976
1
131
1
606
1
496
1
287
1
80
1
352
1
386
1
58
1
24
1
324
1
424
1
218
1
498
1
589
1
64
1
157
1
32
1
555
1
72
1
339
1
125
1
383
1
172
1
317
1
89
1
319
1
388
1
339
1
174
2
124
1
282
1
306
1
166
1
338
2
87
1
366
1
12
1
325
1
308
1
59
1
31
1
24
1
33
1
169
1
583
2
32
1
44
1
426
1
157
1
74
1
69
1
2
1
337
1
90
1
273
1
69
1
115
2
168
2
361
1
192
1
509
1
629
1
66
1
330
1
93
1
125
1
24
1
1
1
562
1
92
1
71
3
664
1
6
1
63
1
153
1
169
1
73
1
347
1
134
1
81
1
896
1
180
1
460
2
42
1
307
1
89
1
288
1
223
1
26
1
462
1
174
1
313
1
359
1
134
2
77
1
475
1
90
1
93
1
71
1
53
1
10
1
578
1
21
1
1032
1
245
1
563
1
171
1
396
2
159
1
245
1
563
3
41
1
124
1
504
1
20
1
114
2
143
1
25
2
51
1
202
1
383
1
542
1
49
1
213
1
429
1
146
1
150
1
11
1
57
1
15
1
75
1
1457
1
69
1
339
1
562
1
502
1
91
1
31
1
103
1
576
1
96
1
135
1
43
1
216
1
153
1
98
1
294
1
2
1
142
1
24
1
490
1
102
1
43
1
670
1
94
1
31
1
260
1
424
1
567
2
305
1
69
1
766
1
42
1
328
1
287
1
53
1
196
1
10
1
11
1
679
1
1
1
306
1
305
1
151
1
43
2
68
1
160
1
245
1
12
1
307
1
84
1
65
1
262
1
52
1
573
1
394
1
173
1
149
1
14
1
851
1
112
1
346
1
60
1
60
1
34
2
11
1
124
1
168
1
91
1
411
1
383
1
565
1
76
1
257
1
492
1
156
1
733
1
257
1
308
1
787
1
173
1
155
1
157
1
10
1
289
1
43
1
71
1
65
1
236
1
10
1
339
1
368
1
369
1
60
1
233
1
65
1
581
1
10
1
821
1
218
1
245
1
344
1
1
1
314
1
492
3
133
1
362
1
311
2
146
1
246
1
13
1
91
1
307
2
55
1
93
1
168
1
404
1
84
1
1
1
32
1
101
1
91
1
954
1
22
1
317
1
233
1
494
1
120
1
113
1
432
1
305
1
230
1
76
1
327
1
321
1
743
1
428
1
460
1
350
1
152
1
475
1
626
1
91
1
582
1
731
1
74
1
284
1
203
1
461
1
349
1
163
1
154
1
59
1
251
1
262
1
156
1
149
1
426
1
95
1
204
1
45
1
463
1
462
1
243
1
104
1
962
1
292
1
577
1
198
1
382
1
527
1
78
1
89
1
1270
1
21
1
79
1
12
1
245
1
389
1
10
1
171
1
580
1
230
1
334
1
314
2
417
1
90
1
203
1
20
1
71
1
239
1
92
1
332
1
169
1
122
1
648
1
10
1
206
1
591
1
25
1
723
1
38
1
31
1
746
1
147
1
145
1
257
1
87
1
60
1
230
1
103
1
76
1
180
1
226
1
140
1
10
1
68
1
271
1
412
1
879
1
22
1
711
1
38
1
238
1
21
1
990
1
900
1
185
1
181
1
79
1
11
1
169
1
181
1
306
1
84
1
403
1
484
1
334
1
230
1
398
1
102
1
174
1
239
1
31
1
364
1
387
1
204
1
100
1
743
1
257
1
238
1
220
1
67
1
418
1
49
1
136
1
622
1
676
2
388
1
66
1
170
1
166
1
87
1
131
1
91
1
173
1
567
1
673
1
239
1
31
1
248
1
339
1
18
1
143
1
25
1
42
1
316
1
427
1
21
1
190
1
618
1
216
1
592
1
292
1
901
1
375
1
69
1
569
1
31
1
324
1
1157
1
83
1
271
1
365
1
373
1
127
1
910
1
191
1
641
1
578
1
809
1
72
1
752
1
386
1
453
1
205
1
565
1
82
1
241
1
411
1
30
1
778
1
145
1
44
1
10
1
182
1
92
1
251
1
155
2
309
1
557
1
80
1
234
1
11
1
317
1
140
1
658
1
230
1
275
1
292
1
114
1
967
1
171
1
413
1
30
1
20
1
172
1
157
1
426
1
74
1
46
1
443
1
243
1
76
1
384
1
14
1
252
1
465
1
143
1
260
1
82
1
798
1
500
1
335
1
43
1
433
1
161
1
100
1
101
1
261
1
907
1
482
1
417
1
165
1
79
1
305
1
423
1
143
1
149
1
169
1
91
1
397
1
150
1
514
1
451
1
357
1
143
1
47
1
23
1
145
1
13
1
590
2
181
1
203
1
327
1
49
1
434
1
464
1
25
1
248
1
477
1
498
1
310
1
241
1
257
1
796
1
15
1
376
1
249
1
641
1
76
1
93
1
498
1
218
1
244
1
11
1
332
1
115
1
67
1
100
1
78
1
113
1
175
1
69
1
85
1
59
1
421
1
101
1
59
1
487
1
393
1
323
1
257
1
206
1
106
1
122
1
373
1
379
1
431
1
377
1
342
1
625
1
445
1
146
1
125
1
536
1
40
1
288
1
100
1
11
1
992
1
558
1
354
1
170
1
32
1
252
1
484
1
582
1
124
1
172
1
161
1
336
1
14
1
458
1
245
1
15
1
466
1
82
1
1372
1
558
1
414
1
45
1
101
1
90
1
90
1
90
1
83
1
110
1
441
1
1146
1
110
1
841
1
82
1
78
1
77
1
90
1
77
1
104
1
122
1
184
1
2
1
66
1
80
1
168
1
354
1
287
1
622
1
138
1
579
1
30
1
108
1
216
1
142
1
834
1
90
1
311
1
78
1
76
1
435
1
260
1
36
1
335
1
245
1
227
1
632
1
174
1
78
1
659
2
714
1
59
1
184
3
232
1
298
1
276
1
132
1
10
1
419
1
1041
1
14
1
565
1
126
1
205
1
560
1
661
1
72
1
117
1
270
1
398
1
173
1
432
1
306
2
283
1
10
1
328
1
90
1
80
1
117
1
359
1
342
1
58
1
92
1
594
1
62
1
58
1
159
1
271
1
307
1
163
1
79
1
260
1
227
1
67
1
263
1
244
1
550
1
271
1
231
1
148
2
246
1
386
1
388
1
89
1
400
1
32
1
1
1
318
1
395
1
91
1
106
1
772
1
329
1
387
1
36
1
215
1
259
1
388
1
137
1
284
1
253
1
164
1
57
1
79
1
183
1
252
1
131
1
229
1
741
1
12
1
66
1
92
1
464
1
105
1
877
1
564
1
94
1
70
1
54
1
338
1
239
1
70
1
21
1
229
1
145
1
470
1
115
1
132
1
1199
1
304
1
45
1
21
1
787
1
580
1
104
1
123
1
22
1
568
1
47
1
363
1
91
1
317
1
230
1
77
1
92
1
479
1
54
1
90
1
592
1
464
1
11
1
320
1
12
1
57
1
67
1
236
1
249
1
289
1
127
1
667
1
331
1
302
1
242
1
93
1
154
1
317
1
108
1
213
1
536
1
43
1
35
1
21
1
249
1
182
1
224
1
93
1
46
1
353
1
408
1
126
1
682
1
311
1
393
1
231
1
526
1
159
1
89
1
21
1
25
1
41
1
36
1
52
1
113
1
92
2
282
1
45
2
145
1
93
1
522
1
364
1
444
1
46
1
11
1
42
1
264
1
165
1
322
1
12
1
136
1
77
1
651
1
327
1
92
1
171
1
144
1
126
1
11
1
169
1
93
1
261
1
455
1
353
1
170
1
114
1
336
1
277
1
53
1
4
1
136
1
143
1
78
1
229
1
139
1
394
1
167
1
116
1
49
1
190
1
845
1
79
1
1147
1
174
1
146
2
69
1
418
1
390
1
53
1
11
1
262
1
332
1
62
1
398
1
410
1
84
1
632
1
108
1
215
1
76
1
156
1
23
1
206
1
20
1
175
1
77
1
583
1
52
1
12
1
225
1
104
1
75
1
297
1
103
1
147
1
660
1
57
1
183
1
433
1
910
1
31
1
11
1
115
1
558
1
59
1
51
1
95
1
313
1
399
1
94
1
67
1
534
1
122
1
37
1
101
1
247
1
586
1
75
1
547
1
170
1
184
1
477
1
497
1
552
1
75
1
397
1
28
1
30
1
90
1
739
1
22
1
46
1
261
1
167
1
379
1
25
1
65
1
669
1
71
1
663
1
169
1
89
1
459
1
75
1
714
1
59
1
20
1
332
1
695
1
114
1
76
1
900
1
77
1
12
1
244
1
566
1
317
1
2
1
305
1
77
1
14
1
479
2
53
1
90
1
91
1
1308
1
47
1
22
1
24
1
89
1
269
1
119
1
213
1
79
1
56
1
569
1
600
1
1189
1
687
1
51
1
422
1
409
1
308
1
93
1
405
1
73
1
702
1
409
1
101
1
206
1
90
1
128
1
179
1
299
1
132
1
47
1
32
1
79
1
626
1
718
1
30
1
1369
1
926
1
454
1
170
1
55
1
37
1
51
1
492
1
136
1
21
1
447
1
202
1
46
1
89
1
35
1
433
1
133
1
25
1
190
1
101
1
155
