0.5,0.8713,0.228
0.5,0.8713,0.0
0.5,0.8713,0.0
0.5,0.8713,0.0
0.5,0.8713,0.0
0.5,0.8713,0.0
0.5,0.8713,0.0
0.5,0.8713,0.0
0.5,0.8713,0.0
0.5,0.8713,0.0
0.5,0.8713,0.0
0.5,0.8713,0.0
0.5,0.8713,0.0
0.5873,0.8913,0.293
0.5431,0.8811,0.1615
0.5339,0.879,0.1286
0.5336,0.8789,0.1281
0.6159,0.8981,0.3653
0.67,0.9112,0.4673
0.6435,0.9048,0.4098
0.6358,0.9029,0.4056
0.6289,0.9012,0.3933
0.6199,0.8991,0.3735
0.6372,0.9032,0.4119
0.6403,0.904,0.4117
0.6444,0.905,0.4143
0.6312,0.9018,0.4011
0.6106,0.8968,0.3554
0.6365,0.9031,0.4099
0.6163,0.8982,0.3645
0.5882,0.8916,0.2985
0.6521,0.9068,0.4432
0.6528,0.907,0.4466
0.6186,0.8987,0.3771
0.6159,0.8981,0.3668
0.621,0.8993,0.379
0.6151,0.8979,0.3655
0.6171,0.8984,0.3698
0.6202,0.8991,0.3753
0.6672,0.9105,0.4697
0.6662,0.9103,0.4684
0.667,0.9105,0.4693
0.6698,0.9112,0.4742
0.6702,0.9113,0.475
0.6708,0.9114,0.4751
0.6822,0.9142,0.4932
0.6922,0.9167,0.5058
0.6912,0.9165,0.5033
0.6783,0.9133,0.4864
0.6811,0.914,0.4859
0.6782,0.9133,0.4821
0.678,0.9132,0.4822
0.6656,0.9101,0.4683
0.6911,0.9165,0.5058
0.6808,0.9139,0.4937
0.7092,0.921,0.5317
0.7277,0.9257,0.5506
0.727,0.9256,0.5486
0.7214,0.9241,0.544
0.7197,0.9237,0.5351
0.7297,0.9263,0.5435
0.7354,0.9277,0.5592
0.727,0.9255,0.558
0.7261,0.9253,0.5593
0.7316,0.9267,0.5682
0.7327,0.927,0.5706
0.7345,0.9274,0.5734
0.7446,0.9301,0.5741
0.743,0.9296,0.5749
0.7421,0.9294,0.574
0.7399,0.9288,0.5707
0.7414,0.9292,0.5727
0.7413,0.9292,0.5708
0.7398,0.9288,0.5631
0.7392,0.9287,0.5654
0.7461,0.9305,0.5739
0.7373,0.9282,0.5617
0.7385,0.9285,0.5601
0.7376,0.9283,0.5598
0.7383,0.9284,0.5631
0.7413,0.9292,0.5669
0.7357,0.9278,0.56
0.7345,0.9275,0.5615
0.7362,0.9279,0.5595
0.735,0.9276,0.5587
0.7432,0.9297,0.5722
0.7393,0.9287,0.5657
0.7481,0.9309,0.5875
0.7474,0.9307,0.5875
0.7447,0.9301,0.5847
0.7463,0.9305,0.5851
0.7572,0.9333,0.5932
0.7595,0.9339,0.6096
0.761,0.9343,0.6082
0.7617,0.9344,0.608
0.762,0.9345,0.6119
0.7646,0.9352,0.6192
0.7649,0.9353,0.6193
0.7431,0.9296,0.6091
0.7446,0.9299,0.6155
0.7321,0.9267,0.6023
0.7414,0.9291,0.6077
0.7459,0.9303,0.6128
0.75,0.9314,0.6118
0.7532,0.9322,0.6144
0.76,0.934,0.6222
0.7598,0.9339,0.6299
0.7679,0.936,0.635
0.7758,0.9381,0.6424
0.7683,0.9361,0.6392
0.7737,0.9375,0.6427
0.7748,0.9378,0.6435
0.7364,0.9278,0.6037
0.766,0.9355,0.6244
0.7692,0.9364,0.6254
0.7624,0.9346,0.6243
0.761,0.9342,0.6253
0.7663,0.9356,0.6281
0.7768,0.9383,0.641
0.7706,0.9368,0.6218
0.7722,0.9372,0.6253
0.7721,0.9371,0.6285
0.7656,0.9354,0.6307
0.7716,0.937,0.6301
0.7709,0.9368,0.6245
0.7772,0.9385,0.6318
0.7765,0.9383,0.628
0.7744,0.9378,0.6257
0.7748,0.9379,0.619
0.7778,0.9387,0.6193
0.7746,0.9378,0.6149
0.7839,0.9403,0.635
0.7846,0.9405,0.6394
0.7858,0.9407,0.6459
0.7832,0.94,0.6442
0.7928,0.9426,0.6443
0.798,0.9441,0.6388
0.7935,0.9429,0.6365
0.79,0.9419,0.6342
0.7892,0.9417,0.6343
0.7862,0.9409,0.6322
0.7901,0.9419,0.6355
0.7866,0.941,0.638
0.788,0.9414,0.6376
0.785,0.9406,0.639
0.7744,0.9378,0.6234
0.7815,0.9396,0.6307
0.7769,0.9385,0.6221
0.7777,0.9386,0.6243
0.7729,0.9374,0.62
0.7737,0.9376,0.6189
0.7795,0.9392,0.6205
0.7747,0.9379,0.6187
0.7738,0.9377,0.6104
0.7762,0.9383,0.6119
0.7722,0.9372,0.6094
0.7813,0.9396,0.6198
0.7807,0.9395,0.6185
0.7772,0.9386,0.6101
0.7806,0.9394,0.6225
0.7825,0.94,0.6172
0.8002,0.9447,0.6408
0.7972,0.9439,0.6356
0.7976,0.944,0.6286
0.7757,0.9381,0.621
0.7809,0.9395,0.6252
0.7817,0.9397,0.6294
0.7802,0.9393,0.6296
0.7886,0.9416,0.6285
0.7911,0.9422,0.633
0.789,0.9417,0.6327
0.7948,0.9432,0.6401
0.7913,0.9423,0.6326
0.7932,0.9428,0.6372
0.7923,0.9426,0.6311
0.7899,0.9419,0.6317
0.7982,0.9441,0.6463
0.7957,0.9434,0.6411
0.7963,0.9436,0.6437
0.7964,0.9436,0.6402
0.7957,0.9434,0.642
0.8017,0.945,0.6482
0.7932,0.9427,0.6464
0.7932,0.9427,0.6683
0.7917,0.9423,0.6655
0.7861,0.9407,0.6672
0.7857,0.9406,0.6618
0.7737,0.9375,0.6508
0.7735,0.9375,0.6462
0.7745,0.9377,0.6425
0.774,0.9376,0.6438
0.7777,0.9385,0.6538
0.7772,0.9384,0.6491
0.7734,0.9374,0.646
0.7792,0.939,0.6481
0.777,0.9384,0.6454
0.7742,0.9376,0.6446
0.7761,0.9382,0.6407
0.7734,0.9374,0.6428
0.7765,0.9383,0.6431
0.7774,0.9385,0.6468
0.785,0.9405,0.6574
0.7849,0.9405,0.653
0.7837,0.9401,0.6533
0.7773,0.9384,0.658
0.7904,0.9419,0.6771
0.7979,0.9438,0.6886
0.7846,0.9404,0.6639
0.7847,0.9404,0.669
0.7881,0.9413,0.6727
0.7895,0.9416,0.6768
0.7924,0.9424,0.6768
0.7973,0.9437,0.6785
0.792,0.9423,0.6736
0.7988,0.9441,0.684
0.7917,0.9422,0.6777
0.7861,0.9407,0.6696
0.7878,0.9412,0.6731
0.7873,0.941,0.6742
0.7852,0.9405,0.6724
0.7806,0.9393,0.6655
0.7816,0.9395,0.6673
0.7949,0.943,0.6888
0.7873,0.941,0.6764
0.7922,0.9423,0.6845
0.7879,0.9412,0.6781
0.7884,0.9413,0.6792
0.7849,0.9404,0.6713
0.7915,0.9421,0.6804
0.7896,0.9416,0.6798
0.7921,0.9423,0.6841
0.7859,0.9407,0.6771
0.7829,0.9399,0.6718
0.7787,0.9388,0.6598
0.7838,0.9401,0.6701
0.7797,0.939,0.6678
0.7825,0.9398,0.6706
0.7731,0.9373,0.6546
0.7784,0.9387,0.6656
0.7772,0.9384,0.6617
0.7819,0.9396,0.671
0.7809,0.9393,0.6713
0.7794,0.9389,0.6687
0.777,0.9383,0.6624
0.781,0.9394,0.6659
0.779,0.9389,0.6654
0.7829,0.9399,0.6694
0.7882,0.9413,0.6767
0.786,0.9407,0.6685
0.7906,0.9419,0.6778
0.8156,0.9485,0.7189
0.8148,0.9483,0.7142
0.8069,0.9462,0.7017
0.8024,0.945,0.6964
0.8151,0.9484,0.71
0.8101,0.9471,0.7057
0.8043,0.9455,0.7014
0.8021,0.9449,0.6976
0.8078,0.9465,0.6973
0.8063,0.9461,0.6992
0.8062,0.946,0.7014
0.7968,0.9435,0.6903
0.7924,0.9424,0.6886
0.7863,0.9408,0.6776
0.7914,0.9421,0.6865
0.7906,0.9419,0.6855
0.7853,0.9405,0.676
0.791,0.942,0.6844
0.7945,0.9429,0.6902
0.7871,0.941,0.6763
0.7901,0.9418,0.6809
0.7879,0.9412,0.6857
0.7855,0.9405,0.6796
0.7929,0.9425,0.6896
0.7932,0.9426,0.6883
0.7899,0.9417,0.6809
0.7897,0.9417,0.6794
0.7915,0.9421,0.6896
0.7911,0.942,0.6849
0.7905,0.9419,0.6882
0.7906,0.9419,0.6877
0.7936,0.9427,0.6935
0.7883,0.9413,0.6871
0.7923,0.9423,0.6944
0.7931,0.9425,0.6981
0.7951,0.9431,0.6999
0.7923,0.9423,0.6985
0.7995,0.9442,0.7045
0.7908,0.9419,0.7015
0.7909,0.9419,0.702
0.7907,0.9419,0.699
0.7956,0.9432,0.7064
0.793,0.9425,0.702
0.7929,0.9424,0.7014
0.7949,0.943,0.7025
0.8016,0.9448,0.7135
0.8025,0.945,0.7125
0.802,0.9449,0.711
0.8023,0.9449,0.713
0.8027,0.9451,0.7092
0.8021,0.9449,0.7098
0.7909,0.9419,0.6996
0.7889,0.9414,0.6944
0.7911,0.942,0.695
0.7963,0.9434,0.7019
0.7973,0.9436,0.703
0.7914,0.9421,0.6981
0.7924,0.9423,0.6972
0.7864,0.9407,0.6916
0.8004,0.9445,0.7072
0.8038,0.9453,0.7117
0.8029,0.9451,0.7123
0.8048,0.9456,0.7115
0.8028,0.9451,0.7097
0.802,0.9449,0.7071
0.8048,0.9456,0.7155
0.8059,0.9459,0.7151
0.8052,0.9457,0.7148
0.8006,0.9445,0.7091
0.8042,0.9455,0.7121
0.8035,0.9453,0.7123
0.8043,0.9455,0.7126
0.8058,0.9459,0.7162
0.8065,0.946,0.7172
0.8045,0.9455,0.7137
0.8022,0.9449,0.7107
0.8015,0.9447,0.7117
0.8022,0.9449,0.7092
0.8033,0.9452,0.7137
0.7973,0.9436,0.704
0.8071,0.9462,0.7168
0.8088,0.9467,0.7221
0.8056,0.9458,0.7171
0.8006,0.9445,0.7119
0.802,0.9449,0.7104
0.8024,0.945,0.7117
0.8102,0.9471,0.7199
0.7998,0.9443,0.7096
0.7968,0.9435,0.7045
0.7895,0.9416,0.6979
0.8026,0.945,0.7135
0.8059,0.9459,0.7193
0.8068,0.9461,0.7205
0.8067,0.9461,0.7206
0.7985,0.9439,0.7077
0.7991,0.9441,0.7099
0.7943,0.9428,0.7032
0.7956,0.9432,0.7051
0.7905,0.9418,0.6983
0.7933,0.9426,0.7002
0.7953,0.9431,0.7041
0.7939,0.9427,0.7036
0.7901,0.9417,0.6971
0.7889,0.9414,0.6955
0.7939,0.9427,0.7026
0.7936,0.9426,0.7006
0.7967,0.9435,0.7052
0.7918,0.9422,0.6956
0.7924,0.9423,0.6992
0.7959,0.9433,0.6996
0.7975,0.9437,0.6985
0.7966,0.9434,0.7007
0.7949,0.943,0.6973
0.8079,0.9464,0.7154
0.8047,0.9456,0.7109
0.7982,0.9439,0.7058
0.7941,0.9428,0.6974
0.7957,0.9432,0.6984
0.7895,0.9416,0.6946
0.8078,0.9464,0.7152
0.7988,0.944,0.7018
0.7997,0.9443,0.7034
0.8012,0.9447,0.7047
0.8007,0.9445,0.7055
0.7966,0.9434,0.6999
0.8012,0.9447,0.704
0.7964,0.9434,0.7014
0.8004,0.9445,0.7065
0.7972,0.9436,0.7008
0.7965,0.9434,0.6997
0.8001,0.9444,0.7066
0.7903,0.9418,0.6916
0.7911,0.942,0.69
0.7934,0.9426,0.6956
0.7912,0.942,0.6935
0.7927,0.9424,0.6951
0.7939,0.9427,0.697
0.7891,0.9415,0.6861
0.794,0.9427,0.6979
0.8022,0.9449,0.705
0.793,0.9425,0.6941
0.7997,0.9443,0.7041
0.7949,0.943,0.6988
0.7974,0.9437,0.701
0.7973,0.9437,0.6974
0.7971,0.9436,0.6978
0.7947,0.943,0.6977
0.8007,0.9445,0.702
0.8007,0.9445,0.7043
0.7995,0.9442,0.7021
0.7954,0.9431,0.6975
0.7974,0.9437,0.701
0.7935,0.9426,0.6949
0.7973,0.9436,0.7004
0.7948,0.943,0.6984
0.7963,0.9434,0.6976
0.7937,0.9427,0.6982
