0.8133,0.9507,0.4695
0.8053,0.9472,0.5119
0.8027,0.9461,0.5397
0.7826,0.9402,0.5781
0.7339,0.9274,0.5422
0.7053,0.9201,0.5114
0.6916,0.9166,0.5017
0.8633,0.9625,0.6365
0.8087,0.947,0.6341
0.7171,0.923,0.5333
0.7307,0.9265,0.5608
0.7118,0.9217,0.5334
0.7038,0.9197,0.5229
0.799,0.9443,0.642
0.7037,0.9197,0.4937
0.7036,0.9197,0.4938
0.7006,0.9189,0.492
0.7897,0.9422,0.5648
0.7896,0.9422,0.5647
0.7717,0.9371,0.6016
0.7429,0.9296,0.5834
0.7429,0.9296,0.5834
0.7421,0.9294,0.5819
0.7422,0.9294,0.5821
0.7438,0.9298,0.5839
0.7438,0.9298,0.5839
0.7308,0.9264,0.5874
0.7307,0.9264,0.5875
0.7269,0.9254,0.5832
0.7263,0.9253,0.5822
0.676,0.9127,0.4935
0.7233,0.9245,0.5814
0.7214,0.924,0.5779
0.7159,0.9226,0.5675
0.6819,0.9141,0.5206
0.6819,0.9141,0.5206
0.6798,0.9136,0.5175
0.6765,0.9128,0.5112
0.6765,0.9128,0.5112
0.7228,0.9244,0.5945
0.7229,0.9244,0.5945
0.7229,0.9244,0.5946
0.723,0.9244,0.5946
0.7186,0.9233,0.5864
0.7164,0.9228,0.5794
0.7238,0.9246,0.5888
0.724,0.9247,0.5891
0.724,0.9247,0.5892
0.7231,0.9244,0.5872
0.7235,0.9246,0.5875
0.7239,0.9247,0.5889
0.7225,0.9243,0.5881
0.7229,0.9244,0.5887
0.7262,0.9252,0.5917
0.6612,0.909,0.4769
0.6808,0.9139,0.5157
0.689,0.9159,0.5291
0.689,0.9159,0.5291
0.689,0.9159,0.5291
0.6724,0.9118,0.5
0.6724,0.9118,0.5
0.6973,0.9179,0.5525
0.6926,0.9168,0.5456
0.6919,0.9166,0.5443
0.6896,0.916,0.5403
0.6896,0.916,0.5402
0.6853,0.9149,0.5326
0.7023,0.9192,0.5643
0.7023,0.9192,0.5643
0.7021,0.9191,0.564
0.7018,0.9191,0.5634
0.7017,0.919,0.5631
0.701,0.9189,0.5613
0.7084,0.9207,0.5732
0.6951,0.9174,0.5474
0.6949,0.9174,0.547
0.6949,0.9174,0.5469
0.6949,0.9174,0.547
0.6948,0.9173,0.5468
0.6926,0.9168,0.5439
0.6914,0.9165,0.5411
0.693,0.9169,0.5441
0.6929,0.9169,0.5439
0.6929,0.9169,0.544
0.6929,0.9168,0.5439
0.6929,0.9168,0.5439
0.6929,0.9168,0.5439
0.7029,0.9193,0.5636
0.7029,0.9193,0.5636
0.7027,0.9193,0.5633
0.7022,0.9192,0.5625
0.7106,0.9213,0.5767
0.7234,0.9245,0.5996
0.7234,0.9245,0.5995
0.7211,0.9239,0.5953
0.7203,0.9237,0.5939
0.7393,0.9285,0.625
0.7393,0.9286,0.6252
0.7314,0.9265,0.6145
0.7301,0.9262,0.612
0.7297,0.9261,0.6114
0.7278,0.9256,0.6087
0.7278,0.9256,0.6087
0.7382,0.9283,0.6218
0.7382,0.9283,0.6218
0.7504,0.9314,0.6379
0.7392,0.9285,0.6219
0.7346,0.9273,0.6149
0.7451,0.93,0.6312
0.7452,0.9301,0.6313
0.7452,0.9301,0.6312
0.7428,0.9294,0.628
0.741,0.929,0.6255
0.7433,0.9296,0.628
0.7433,0.9296,0.628
0.7369,0.9279,0.6199
0.7368,0.9279,0.6196
0.7368,0.9279,0.6195
0.742,0.9292,0.6255
0.7457,0.9302,0.6298
0.7457,0.9302,0.6299
0.7428,0.9294,0.626
0.7428,0.9294,0.6259
0.7427,0.9294,0.6258
0.7427,0.9294,0.6256
0.7461,0.9303,0.6307
0.7454,0.9301,0.6293
0.7509,0.9315,0.6357
0.7502,0.9314,0.6351
0.7502,0.9313,0.6351
0.75,0.9313,0.635
0.7515,0.9317,0.6343
0.7545,0.9325,0.6382
0.7545,0.9325,0.6383
0.7546,0.9325,0.6383
0.7532,0.9321,0.6386
0.7574,0.9332,0.642
0.7574,0.9332,0.6419
0.7574,0.9332,0.6419
0.7568,0.933,0.641
0.7567,0.933,0.6409
0.7569,0.9331,0.6411
0.7568,0.9331,0.6411
0.7567,0.933,0.6411
0.7567,0.933,0.6411
0.7543,0.9324,0.638
0.7544,0.9324,0.6383
0.7542,0.9324,0.6381
0.7537,0.9323,0.6376
0.75,0.9313,0.6321
0.75,0.9313,0.6321
0.75,0.9313,0.6321
0.7413,0.9291,0.6217
0.752,0.9318,0.6392
0.752,0.9318,0.6391
0.7575,0.9332,0.6463
0.7567,0.933,0.6451
0.7563,0.9329,0.6447
0.7563,0.9329,0.6447
0.7589,0.9336,0.6479
0.759,0.9336,0.6479
0.7714,0.9368,0.6673
0.7714,0.9368,0.6673
0.7761,0.9381,0.6724
0.7746,0.9377,0.6704
0.7737,0.9374,0.6693
0.7759,0.938,0.6717
0.7757,0.9379,0.6714
0.7772,0.9384,0.6733
0.776,0.938,0.6718
0.776,0.938,0.6718
0.7729,0.9372,0.6694
0.7729,0.9372,0.6695
0.7713,0.9368,0.6673
0.7713,0.9368,0.6672
0.7755,0.9379,0.6724
0.7753,0.9379,0.6724
0.7751,0.9378,0.6724
0.7753,0.9379,0.673
0.7752,0.9378,0.6728
0.7747,0.9377,0.6721
0.7747,0.9377,0.6721
0.7742,0.9376,0.6714
0.7743,0.9376,0.6722
0.7743,0.9376,0.6722
0.7822,0.9397,0.6807
0.7801,0.9391,0.6784
0.7799,0.9391,0.6781
0.7749,0.9378,0.6706
0.762,0.9344,0.6563
0.7618,0.9343,0.6561
0.7607,0.934,0.655
0.7607,0.9341,0.6551
0.7553,0.9327,0.6477
0.7549,0.9325,0.6472
0.7549,0.9325,0.6474
0.7548,0.9325,0.6474
0.7621,0.9344,0.659
0.7644,0.935,0.6605
0.7644,0.935,0.6605
0.7644,0.935,0.6604
0.7692,0.9362,0.6657
0.7692,0.9363,0.6657
0.7692,0.9363,0.6657
0.7692,0.9362,0.6657
0.7745,0.9376,0.6738
0.7741,0.9375,0.6732
0.7721,0.937,0.6715
0.7722,0.937,0.6717
0.7721,0.937,0.6715
0.7722,0.937,0.6715
0.7721,0.937,0.6716
0.7714,0.9368,0.6721
0.7667,0.9356,0.6655
0.7686,0.9361,0.6679
0.7682,0.936,0.6675
0.769,0.9362,0.6684
0.7688,0.9361,0.6682
0.7688,0.9361,0.6682
0.7687,0.9361,0.668
0.7683,0.936,0.6676
0.7683,0.936,0.6675
0.7683,0.936,0.6676
0.7683,0.936,0.6675
0.7676,0.9358,0.6663
0.7548,0.9325,0.6473
0.7548,0.9325,0.6473
0.7573,0.9332,0.6502
0.7572,0.9332,0.65
0.7573,0.9332,0.6502
0.7556,0.9327,0.6492
0.7477,0.9307,0.639
0.7476,0.9307,0.639
0.7472,0.9306,0.6384
0.7471,0.9305,0.6383
0.7471,0.9305,0.6383
0.7463,0.9303,0.6372
0.7462,0.9303,0.637
0.7462,0.9303,0.637
0.7462,0.9303,0.637
0.7431,0.9295,0.633
0.7431,0.9295,0.633
0.7425,0.9294,0.6323
0.7425,0.9294,0.6324
0.7441,0.9298,0.6345
0.7441,0.9298,0.6345
0.742,0.9292,0.6311
0.7453,0.9301,0.6356
0.7453,0.9301,0.6356
0.7445,0.9299,0.6344
0.748,0.9308,0.6393
0.7478,0.9307,0.6392
0.7479,0.9307,0.6392
0.7479,0.9307,0.6392
0.7479,0.9307,0.6392
0.7467,0.9304,0.6375
0.7395,0.9286,0.6278
0.7395,0.9286,0.6278
0.7389,0.9284,0.6269
0.7388,0.9284,0.6268
0.7392,0.9285,0.6273
0.7384,0.9283,0.6261
0.7398,0.9287,0.628
0.7395,0.9286,0.6275
0.7394,0.9286,0.6274
0.7394,0.9286,0.6274
0.7369,0.9279,0.6241
0.7365,0.9278,0.6236
0.7342,0.9272,0.6201
0.7332,0.927,0.6185
0.7326,0.9268,0.6176
0.732,0.9267,0.6168
0.7363,0.9278,0.6239
0.7359,0.9277,0.6233
0.743,0.9295,0.6356
0.743,0.9295,0.6356
0.7427,0.9294,0.6354
0.7427,0.9294,0.6354
0.746,0.9303,0.6403
0.7445,0.9299,0.6387
0.7445,0.9299,0.6388
0.7446,0.9299,0.6388
0.7429,0.9294,0.6364
0.7429,0.9295,0.6364
0.7429,0.9295,0.6364
0.7429,0.9295,0.6364
0.7457,0.9302,0.6408
0.7498,0.9312,0.6467
0.7454,0.9301,0.6395
0.7449,0.93,0.6385
0.7449,0.93,0.6384
0.7442,0.9298,0.6373
0.7469,0.9305,0.641
0.7458,0.9302,0.6397
0.7458,0.9302,0.6397
0.7498,0.9312,0.6458
0.7498,0.9312,0.6458
0.7471,0.9305,0.6424
0.7469,0.9305,0.642
0.7452,0.93,0.6391
0.7452,0.93,0.6391
0.7449,0.93,0.6386
0.7448,0.93,0.6385
0.7475,0.9306,0.6425
0.7458,0.9302,0.6399
0.7458,0.9302,0.6399
0.7443,0.9298,0.6382
0.7443,0.9298,0.6382
0.7459,0.9302,0.6402
0.7485,0.9309,0.6437
0.7489,0.931,0.6444
0.749,0.931,0.6444
0.7489,0.931,0.6443
0.7487,0.9309,0.644
0.7487,0.9309,0.644
0.7517,0.9317,0.6485
0.751,0.9315,0.6473
0.7511,0.9315,0.6474
0.7509,0.9315,0.6473
0.7495,0.9312,0.6458
0.7495,0.9312,0.6458
0.7521,0.9318,0.6493
0.7521,0.9318,0.6493
0.7516,0.9317,0.6487
0.7516,0.9317,0.6488
0.7516,0.9317,0.6488
0.7536,0.9322,0.6512
0.7517,0.9317,0.6483
0.7517,0.9317,0.6483
0.7513,0.9316,0.6478
0.7512,0.9316,0.6477
0.7531,0.9321,0.6505
0.7531,0.9321,0.6505
0.7531,0.9321,0.6505
0.7565,0.933,0.6547
0.7565,0.933,0.6548
0.758,0.9333,0.6567
0.759,0.9336,0.658
0.7572,0.9331,0.6558
0.7593,0.9337,0.6582
0.7611,0.9341,0.6606
0.761,0.9341,0.6605
0.761,0.9341,0.6605
0.7652,0.9352,0.6661
0.765,0.9352,0.6659
0.765,0.9351,0.6657
0.7657,0.9353,0.6668
0.7657,0.9353,0.6667
0.7657,0.9353,0.6667
0.7656,0.9353,0.6665
0.77,0.9365,0.6728
0.7701,0.9365,0.6729
0.77,0.9364,0.6728
0.7699,0.9364,0.6727
0.7695,0.9363,0.6721
0.7717,0.9369,0.6753
0.7725,0.9371,0.6764
0.7708,0.9367,0.6747
0.7708,0.9366,0.6746
0.7691,0.9362,0.6727
0.771,0.9367,0.6751
0.7703,0.9365,0.6742
0.7723,0.9371,0.6767
0.7724,0.9371,0.6767
0.7724,0.9371,0.6767
0.7745,0.9376,0.6792
0.7744,0.9376,0.6791
0.7738,0.9374,0.6781
0.7737,0.9374,0.6779
0.7781,0.9385,0.6849
0.7781,0.9386,0.685
0.7776,0.9384,0.6845
0.7776,0.9384,0.6846
0.7776,0.9384,0.6846
0.7777,0.9385,0.6847
0.7777,0.9385,0.6847
0.7747,0.9377,0.6805
0.7739,0.9375,0.6796
0.7739,0.9375,0.6796
0.774,0.9375,0.6796
0.7736,0.9374,0.6791
0.7754,0.9379,0.6815
0.7742,0.9375,0.6805
0.7742,0.9375,0.6805
0.7757,0.9379,0.6812
0.7757,0.9379,0.6812
0.7757,0.9379,0.6814
0.7783,0.9386,0.6842
0.779,0.9388,0.6848
0.7814,0.9394,0.6872
0.7814,0.9394,0.6872
0.7814,0.9394,0.6872
0.7813,0.9394,0.6871
0.7813,0.9394,0.6871
0.7813,0.9394,0.6872
0.7797,0.939,0.6854
0.779,0.9388,0.6851
0.7803,0.9391,0.6866
0.7802,0.9391,0.6864
0.7802,0.9391,0.6865
0.7802,0.9391,0.6865
0.7801,0.9391,0.6866
0.7801,0.9391,0.6866
0.7799,0.939,0.6864
0.778,0.9385,0.6846
0.7783,0.9386,0.6849
0.7783,0.9386,0.6849
