0
269739
1
9
1
79
1
719
1
6477
3
7
3
8
2
67
3
8
2
78
2
627
3
8
2
78
2
717
3
5665
5
5
5
6
4
65
5
6
4
76
4
624
6
5
5
76
4
715
5
56698
2
8
2
9
1
68
2
9
1
708
2
9
1
79
1
719
1
5666
4
6
4
7
3
66
4
7
3
77
3
626
4
7
3
77
3
716
4
5664
6
4
6
5
5
64
6
5
5
75
5
623
7
4
6
75
5
714
6
9
1
799
1
48609
1
799
1
6477
3
7
3
8
2
67
3
8
2
79
1
627
3
8
2
78
2
718
2
5665
5
5
5
6
4
65
5
6
4
76
4
625
5
6
4
76
4
715
5
5663
7
3
7
4
6
9
1
53
7
4
6
9
1
64
6
9
1
613
7
3
7
9
1
64
6
9
1
79
1
623
7
8
2
79
1
718
2
48599
1
8
2
9
1
69
1
718
2
9
1
79
1
719
1
5666
4
6
4
7
3
66
4
7
3
78
2
626
4
7
3
77
3
717
3
5664
6
4
6
5
5
64
6
5
5
75
5
624
6
5
5
75
5
714
6
809
1
4853
7
3
7
3
7
8
2
53
7
3
7
8
2
63
7
8
2
79
1
533
7
3
7
8
2
63
7
8
2
78
2
623
7
7
3
78
2
717
3
42119
1
6478
2
7
3
8
2
68
2
9
1
79
1
627
3
8
2
78
2
718
2
5665
5
5
5
6
4
65
5
6
4
77
3
625
5
6
4
76
4
716
4
5663
7
3
7
4
6
9
1
53
7
4
6
9
1
64
6
623
7
4
6
9
1
64
6
9
1
79
1
623
7
9
1
79
1
718
2
4853
7
3
7
3
7
7
3
53
7
3
7
7
3
63
7
7
3
78
2
533
7
3
7
7
3
63
7
7
3
77
3
623
7
6
4
77
3
716
4
41309
1
9
1
79
1
718
2
9
1
799
1
5667
3
6
4
7
3
67
3
8
2
78
2
626
4
7
3
77
3
717
3
5664
6
4
6
5
5
64
6
5
5
76
4
624
6
5
5
75
5
715
5
5663
7
3
7
3
7
8
2
53
7
3
7
8
2
63
7
9
1
79
1
533
7
3
7
8
2
63
7
8
2
78
2
623
7
8
2
78
2
717
3
4853
7
3
7
3
7
6
4
53
7
3
7
6
4
63
7
6
4
77
3
533
7
3
7
6
4
63
7
6
4
76
4
623
7
5
5
76
4
715
5
41308
2
8
2
9
1
68
2
9
1
79
1
627
3
8
2
79
1
718
2
5666
4
5
5
6
4
66
4
7
3
77
3
625
5
6
4
76
4
716
4
5663
7
3
7
4
6
9
1
53
7
4
6
75
5
623
7
4
6
9
1
64
6
9
1
704
6
9
1
79
1
719
1
4853
7
3
7
3
7
7
3
53
7
3
7
7
3
63
7
8
2
78
2
533
7
3
7
7
3
63
7
7
3
77
3
623
7
7
3
77
3
716
4
4853
7
3
7
3
7
5
5
53
7
3
7
5
5
63
7
5
5
76
4
533
7
3
7
5
5
63
7
5
5
75
5
623
7
4
6
75
5
714
6
9
1
799
1
4040
