--- 98 ---
0.8
[0.7871, 0.8429, 0.7777, 0.7428, 0.7231, 0.6913, 0.7135, 0.8167, 0.7783, 0.8202, 0.8186, 0.8209, 0.8099],
[0.8124, 0.8416, 0.7856, 0.7527, 0.6907, 0.6913, 0.7202, 0.8248, 0.7963, 0.8256, 0.8249, 0.8207, 0.8371],
[0.8077, 0.8392, 0.7822, 0.7448, 0.6928, 0.6913, 0.7165, 0.8324, 0.7962, 0.8259, 0.8225, 0.8303, 0.8204],
[0.8054, 0.8349, 0.9187, 0.7352, 0.7012, 0.6913, 0.71, 0.8452, 0.7942, 0.8346, 0.8227, 0.8299, 0.8159],
[0.8012, 0.8359, 0.6793, 0.7489, 0.7558, 0.6913, 0.7126, 0.843, 0.8097, 0.8412, 0.8297, 0.8379, 0.8363]]

0.7
[0.788, 0.8327, 0.7265, 0.7518, 0.6072, 0.6913, 0.7305, 0.7084, 0.8008, 0.8122, 0.813, 0.8048, 0.7794],
[0.8072, 0.8475, 0.7636, 0.7604, 0.8078, 0.6913, 0.7545, 0.6669, 0.8124, 0.7928, 0.8541, 0.8093, 0.8095],
[0.8195, 0.8503, 0.7752, 0.7799, 0.7928, 0.6913, 0.7593, 0.8301, 0.8299, 0.8411, 0.842, 0.8495, 0.7985],
[0.8247, 0.8455, 0.7976, 0.7712, 0.8431, 0.6913, 0.7573, 0.8409, 0.8321, 0.8485, 0.8454, 0.8507, 0.8102],
[0.8334, 0.8449, 0.7572, 0.773, 0.7786, 0.6913, 0.7548, 0.839, 0.8366, 0.8524, 0.8374, 0.8494, 0.7983]]

0.6
[0.828, 0.8477, 0.8099, 0.7798, 0.8405, 0.6913, 0.7848, 0.8282, 0.8378, 0.8432, 0.8383, 0.8403, 0.8236],
[0.8365, 0.8409, 0.7245, 0.7543, 0.7205, 0.6913, 0.7724, 0.822, 0.7994, 0.836, 0.8457, 0.805, 0.8159],
[0.8411, 0.8476, 0.8092, 0.7793, 0.7945, 0.6913, 0.7635, 0.8305, 0.839, 0.8404, 0.845, 0.823, 0.8215],
[0.8305, 0.8449, 0.7965, 0.7777, 0.8407, 0.6913, 0.758, 0.8426, 0.8322, 0.8459, 0.8439, 0.8535, 0.8178],
[0.8281, 0.8434, 0.8807, 0.7805, 0.8404, 0.6913, 0.7544, 0.8409, 0.8292, 0.8397, 0.8531, 0.8287, 0.8193]]