--- 98 ---
0.8
[0.8429, 0.8167, 0.7783, 0.8209],
[0.8416, 0.8248, 0.7963, 0.8207],
[0.8392, 0.8324, 0.7962, 0.8303],
[0.8349, 0.8452, 0.7942, 0.8299],
[0.8359, 0.843,  0.8097, 0.8379]]

0.7
[0.8327, 0.7084, 0.8008, 0.8048],
[0.8475, 0.6669, 0.8124, 0.8093],
[0.8503, 0.8301, 0.8299, 0.8495],
[0.8455, 0.8409, 0.8321, 0.8507],
[0.8449, 0.839,  0.8366, 0.8494]]

0.6
[0.8477, 0.8282, 0.8378, 0.8403],
[0.8409, 0.822,  0.7994, 0.805],
[0.8476, 0.8305, 0.839,  0.823],
[0.8449, 0.8426, 0.8322, 0.8535],
[0.8434, 0.8409, 0.8292, 0.8287]]

auto
[0.8432, 0.8361, 0.8076, 0.8476],
[0.8432, 0.805,  0.8048, 0.8097],
[0.8411, 0.8179, 0.8313, 0.8434],
[0.8459, 0.8296, 0.844,  0.8334],
[0.8471, 0.8305, 0.846,  0.8441]]


