0,0,0,0,10,10,10,0,1
90,70,40,90,30,10,20,40,0
95.0,5.0,95.0,15.0,15.0,15.0,95.0,95.0,1.0
72.5,2.5,2.5,2.5,92.5,12.5,92.5,2.5,1.0
7.5,7.5,7.5,97.5,27.5,37.5,97.5,7.5,1.0
1.25,91.25,11.25,1.25,11.25,51.25,21.25,1.25,1.0
96.25,6.25,6.25,6.25,16.25,16.25,96.25,16.25,1.0
83.75,3.75,3.75,3.75,93.75,13.75,33.75,3.75,1.0
8.75,28.75,8.75,98.75,18.75,18.75,88.75,8.75,1.0
0.625,90.625,0.625,0.625,10.625,20.625,10.625,0.625,1.0
95.625,5.625,15.625,5.625,95.625,15.625,15.625,5.625,1.0
93.125,3.125,3.125,3.125,13.125,13.125,53.125,3.125,1.0
68.125,8.125,8.125,98.125,18.125,18.125,98.125,8.125,1.0
71.875,1.875,1.875,1.875,11.875,11.875,11.875,1.875,1.0
96.875,6.875,6.875,66.875,16.875,16.875,16.875,6.875,1.0
84.375,94.375,94.375,94.375,14.375,14.375,14.375,4.375,0.0
9.375,99.375,99.375,99.375,19.375,19.375,89.375,9.375,1.0
0.3125,10.3125,70.3125,80.3125,10.3125,10.3125,10.3125,0.3125,1.0
25.3125,55.3125,55.3125,95.3125,15.3125,15.3125,15.3125,5.3125,1.0
92.8125,92.8125,92.8125,92.8125,12.8125,12.8125,12.8125,72.8125,0.0
97.8125,97.8125,37.8125,27.8125,17.8125,17.8125,17.8125,97.8125,0.0
11.5625,91.5625,81.5625,11.5625,11.5625,11.5625,11.5625,41.5625,0.0
66.5625,26.5625,96.5625,6.5625,16.5625,16.5625,16.5625,96.5625,0.0
34.0625,94.0625,94.0625,54.0625,14.0625,14.0625,94.0625,94.0625,0.0
99.0625,39.0625,69.0625,99.0625,19.0625,19.0625,89.0625,99.0625,1.0
0.9375,60.9375,80.9375,90.9375,10.9375,10.9375,10.9375,90.9375,0.0
5.9375,95.9375,5.9375,35.9375,15.9375,15.9375,25.9375,95.9375,0.0
83.4375,3.4375,73.4375,93.4375,13.4375,13.4375,13.4375,93.4375,1.0
58.4375,98.4375,18.4375,98.4375,18.4375,18.4375,68.4375,98.4375,1.0
52.1875,92.1875,92.1875,42.1875,72.1875,12.1875,22.1875,92.1875,0.0
97.1875,97.1875,97.1875,7.1875,27.1875,17.1875,17.1875,27.1875,0.0
94.6875,54.6875,94.6875,94.6875,14.6875,14.6875,84.6875,94.6875,0.0
99.6875,89.6875,99.6875,9.6875,19.6875,29.6875,69.6875,99.6875,0.0
50.15625,20.15625,90.15625,40.15625,10.15625,10.15625,10.15625,0.15625,1.0
55.15625,55.15625,15.15625,5.15625,15.15625,15.15625,15.15625,45.15625,0.0
2.65625,92.65625,72.65625,92.65625,12.65625,12.65625,12.65625,12.65625,0.0
37.65625,97.65625,97.65625,7.65625,17.65625,67.65625,17.65625,97.65625,0.0
11.40625,41.40625,51.40625,1.40625,11.40625,11.40625,61.40625,91.40625,0.0
46.40625,96.40625,36.40625,96.40625,16.40625,16.40625,56.40625,96.40625,0.0
53.90625,33.90625,33.90625,63.90625,13.90625,13.90625,13.90625,93.90625,0.0
38.90625,98.90625,98.90625,98.90625,18.90625,58.90625,28.90625,98.90625,0.0
90.78125,90.78125,40.78125,0.78125,90.78125,10.78125,10.78125,60.78125,0.0
95.78125,95.78125,55.78125,95.78125,75.78125,15.78125,25.78125,95.78125,0.0
3.28125,93.28125,93.28125,3.28125,93.28125,13.28125,13.28125,43.28125,0.0
98.28125,98.28125,98.28125,68.28125,98.28125,18.28125,18.28125,28.28125,0.0
22.03125,22.03125,92.03125,2.03125,92.03125,12.03125,12.03125,92.03125,0.0
7.03125,97.03125,97.03125,7.03125,97.03125,17.03125,97.03125,97.03125,1.0
14.53125,94.53125,94.53125,84.53125,94.53125,14.53125,14.53125,34.53125,0.0
9.53125,99.53125,29.53125,9.53125,99.53125,19.53125,19.53125,99.53125,0.0
0.46875,80.46875,90.46875,0.46875,70.46875,10.46875,80.46875,90.46875,0.0
15.46875,95.46875,45.46875,95.46875,85.46875,15.46875,25.46875,95.46875,0.0
2.96875,52.96875,42.96875,42.96875,62.96875,12.96875,12.96875,52.96875,0.0
47.96875,97.96875,97.96875,97.96875,87.96875,17.96875,77.96875,97.96875,0.0
91.71875,21.71875,91.71875,71.71875,61.71875,11.71875,11.71875,91.71875,0.0
96.71875,96.71875,96.71875,16.71875,96.71875,16.71875,76.71875,96.71875,0.0
64.21875,64.21875,4.21875,54.21875,84.21875,14.21875,14.21875,94.21875,0.0
9.21875,99.21875,99.21875,19.21875,99.21875,69.21875,19.21875,99.21875,0.0
91.09375,11.09375,41.09375,1.09375,81.09375,11.09375,11.09375,91.09375,0.0
96.09375,96.09375,96.09375,56.09375,56.09375,76.09375,16.09375,96.09375,0.0
53.59375,93.59375,23.59375,3.59375,53.59375,73.59375,13.59375,93.59375,0.0
98.59375,98.59375,28.59375,98.59375,18.59375,68.59375,18.59375,98.59375,0.0
2.34375,82.34375,42.34375,62.34375,12.34375,92.34375,12.34375,92.34375,0.0
37.34375,97.34375,97.34375,97.34375,97.34375,87.34375,17.34375,97.34375,0.0
4.84375,94.84375,94.84375,4.84375,14.84375,94.84375,14.84375,24.84375,0.0
9.84375,29.84375,99.84375,49.84375,19.84375,69.84375,19.84375,99.84375,0.0
90.078125,20.078125,60.078125,40.078125,10.078125,90.078125,10.078125,90.078125,0.0
65.078125,95.078125,65.078125,55.078125,15.078125,75.078125,15.078125,35.078125,0.0
62.578125,92.578125,92.578125,2.578125,82.578125,82.578125,12.578125,32.578125,0.0
97.578125,87.578125,17.578125,67.578125,97.578125,97.578125,17.578125,97.578125,1.0
51.328125,31.328125,91.328125,1.328125,61.328125,11.328125,11.328125,11.328125,0.0
86.328125,36.328125,96.328125,6.328125,96.328125,76.328125,16.328125,96.328125,1.0
93.828125,43.828125,93.828125,3.828125,93.828125,63.828125,13.828125,93.828125,0.0
18.828125,98.828125,98.828125,48.828125,48.828125,88.828125,78.828125,98.828125,1.0
0.703125,0.703125,90.703125,0.703125,10.703125,10.703125,10.703125,50.703125,1.0
45.703125,35.703125,95.703125,65.703125,15.703125,15.703125,15.703125,35.703125,0.0
3.203125,43.203125,93.203125,73.203125,93.203125,43.203125,13.203125,93.203125,0.0
98.203125,48.203125,98.203125,98.203125,18.203125,98.203125,38.203125,98.203125,1.0
31.953125,91.953125,31.953125,1.953125,71.953125,11.953125,11.953125,1.953125,1.0
66.953125,66.953125,36.953125,6.953125,66.953125,16.953125,66.953125,96.953125,1.0
4.453125,94.453125,94.453125,84.453125,44.453125,94.453125,14.453125,44.453125,0.0
99.453125,99.453125,29.453125,49.453125,99.453125,79.453125,19.453125,99.453125,1.0
0.390625,40.390625,50.390625,0.390625,10.390625,70.390625,10.390625,60.390625,0.0
65.390625,45.390625,95.390625,5.390625,15.390625,75.390625,25.390625,45.390625,1.0
72.890625,42.890625,52.890625,52.890625,92.890625,12.890625,12.890625,32.890625,0.0
7.890625,97.890625,57.890625,47.890625,57.890625,57.890625,57.890625,87.890625,1.0
51.640625,91.640625,91.640625,51.640625,41.640625,11.640625,61.640625,31.640625,0.0
96.640625,66.640625,96.640625,96.640625,56.640625,66.640625,16.640625,36.640625,0.0
84.140625,54.140625,54.140625,44.140625,54.140625,14.140625,64.140625,94.140625,0.0
9.140625,99.140625,59.140625,39.140625,49.140625,49.140625,49.140625,79.140625,1.0
91.015625,1.015625,1.015625,1.015625,11.015625,11.015625,11.015625,91.015625,1.0
96.015625,66.015625,96.015625,6.015625,16.015625,86.015625,16.015625,56.015625,0.0
23.515625,13.515625,23.515625,3.515625,53.515625,13.515625,13.515625,93.515625,1.0
98.515625,48.515625,98.515625,98.515625,18.515625,98.515625,18.515625,98.515625,0.0
92.265625,42.265625,92.265625,2.265625,92.265625,12.265625,52.265625,52.265625,0.0
97.265625,47.265625,97.265625,97.265625,97.265625,17.265625,57.265625,57.265625,0.0
94.765625,14.765625,54.765625,34.765625,24.765625,14.765625,14.765625,44.765625,0.0
99.765625,99.765625,59.765625,9.765625,99.765625,99.765625,19.765625,99.765625,1.0
0.234375,90.234375,10.234375,40.234375,10.234375,10.234375,10.234375,20.234375,0.0
95.234375,15.234375,95.234375,95.234375,75.234375,15.234375,15.234375,5.234375,1.0
32.734375,92.734375,12.734375,92.734375,12.734375,52.734375,12.734375,52.734375,0.0
37.734375,37.734375,97.734375,77.734375,47.734375,17.734375,57.734375,87.734375,1.0
21.484375,1.484375,61.484375,11.484375,21.484375,11.484375,11.484375,51.484375,1.0
66.484375,96.484375,96.484375,6.484375,96.484375,16.484375,36.484375,6.484375,0.0
13.984375,63.984375,93.984375,43.984375,53.984375,53.984375,13.984375,3.984375,1.0
58.984375,98.984375,38.984375,8.984375,18.984375,18.984375,78.984375,98.984375,0.0
80.859375,50.859375,70.859375,0.859375,10.859375,10.859375,70.859375,40.859375,1.0
55.859375,55.859375,55.859375,85.859375,55.859375,65.859375,15.859375,95.859375,0.0
53.359375,53.359375,3.359375,43.359375,13.359375,83.359375,13.359375,73.359375,1.0
98.359375,48.359375,98.359375,98.359375,98.359375,68.359375,18.359375,98.359375,0.0
92.109375,92.109375,32.109375,92.109375,92.109375,12.109375,12.109375,2.109375,1.0
47.109375,37.109375,97.109375,37.109375,67.109375,57.109375,17.109375,57.109375,1.0
4.609375,94.609375,74.609375,44.609375,14.609375,54.609375,54.609375,64.609375,1.0
99.609375,99.609375,99.609375,99.609375,29.609375,69.609375,69.609375,99.609375,1.0
0.546875,50.546875,70.546875,60.546875,10.546875,70.546875,10.546875,10.546875,0.0
45.546875,45.546875,75.546875,25.546875,55.546875,55.546875,15.546875,65.546875,0.0
13.046875,93.046875,13.046875,23.046875,13.046875,93.046875,13.046875,33.046875,0.0
98.046875,28.046875,8.046875,8.046875,18.046875,18.046875,18.046875,98.046875,1.0
41.796875,61.796875,51.796875,1.796875,11.796875,61.796875,11.796875,1.796875,1.0
36.796875,36.796875,86.796875,96.796875,16.796875,96.796875,16.796875,56.796875,0.0
4.296875,94.296875,64.296875,44.296875,44.296875,44.296875,44.296875,84.296875,1.0
99.296875,99.296875,49.296875,99.296875,89.296875,89.296875,19.296875,89.296875,0.0
1.171875,21.171875,21.171875,91.171875,11.171875,71.171875,11.171875,61.171875,1.0
56.171875,96.171875,56.171875,66.171875,86.171875,56.171875,16.171875,46.171875,0.0
43.671875,23.671875,43.671875,93.671875,93.671875,13.671875,13.671875,83.671875,0.0
98.671875,98.671875,98.671875,68.671875,58.671875,18.671875,98.671875,68.671875,0.0
72.421875,52.421875,72.421875,2.421875,12.421875,12.421875,62.421875,52.421875,0.0
97.421875,47.421875,97.421875,57.421875,17.421875,47.421875,37.421875,77.421875,1.0
34.921875,24.921875,94.921875,94.921875,94.921875,14.921875,14.921875,34.921875,0.0
69.921875,99.921875,69.921875,19.921875,99.921875,99.921875,19.921875,99.921875,0.0
50.0390625,90.0390625,50.0390625,30.0390625,50.0390625,10.0390625,10.0390625,0.0390625,1.0
5.0390625,95.0390625,65.0390625,55.0390625,35.0390625,35.0390625,45.0390625,85.0390625,1.0
2.5390625,22.5390625,92.5390625,2.5390625,12.5390625,12.5390625,12.5390625,62.5390625,0.0
27.5390625,97.5390625,47.5390625,7.5390625,57.5390625,17.5390625,47.5390625,57.5390625,0.0
91.2890625,31.2890625,41.2890625,91.2890625,11.2890625,71.2890625,11.2890625,41.2890625,0.0
96.2890625,86.2890625,26.2890625,36.2890625,16.2890625,96.2890625,16.2890625,76.2890625,0.0
3.7890625,63.7890625,93.7890625,43.7890625,53.7890625,13.7890625,13.7890625,3.7890625,0.0
98.7890625,88.7890625,38.7890625,98.7890625,38.7890625,98.7890625,18.7890625,38.7890625,1.0
0.6640625,30.6640625,40.6640625,0.6640625,30.6640625,10.6640625,10.6640625,0.6640625,1.0
95.6640625,15.6640625,15.6640625,75.6640625,65.6640625,15.6640625,15.6640625,65.6640625,1.0
3.1640625,93.1640625,53.1640625,13.1640625,63.1640625,73.1640625,13.1640625,53.1640625,1.0
98.1640625,98.1640625,48.1640625,58.1640625,18.1640625,18.1640625,68.1640625,58.1640625,0.0
11.9140625,61.9140625,1.9140625,91.9140625,41.9140625,11.9140625,11.9140625,91.9140625,0.0
46.9140625,56.9140625,76.9140625,96.9140625,56.9140625,16.9140625,46.9140625,66.9140625,0.0
94.4140625,94.4140625,54.4140625,4.4140625,64.4140625,14.4140625,74.4140625,54.4140625,0.0
99.4140625,99.4140625,99.4140625,79.4140625,99.4140625,59.4140625,59.4140625,79.4140625,1.0
40.3515625,60.3515625,20.3515625,0.3515625,90.3515625,10.3515625,10.3515625,20.3515625,0.0
55.3515625,35.3515625,95.3515625,55.3515625,95.3515625,15.3515625,55.3515625,95.3515625,1.0
32.8515625,62.8515625,42.8515625,92.8515625,62.8515625,12.8515625,12.8515625,12.8515625,0.0
97.8515625,97.8515625,27.8515625,37.8515625,97.8515625,17.8515625,57.8515625,97.8515625,0.0
21.6015625,31.6015625,21.6015625,1.6015625,91.6015625,11.6015625,11.6015625,91.6015625,0.0
76.6015625,56.6015625,96.6015625,56.6015625,16.6015625,46.6015625,36.6015625,96.6015625,0.0
94.1015625,34.1015625,94.1015625,94.1015625,74.1015625,14.1015625,14.1015625,4.1015625,1.0
9.1015625,99.1015625,9.1015625,59.1015625,99.1015625,19.1015625,19.1015625,49.1015625,1.0
0.9765625,30.9765625,30.9765625,90.9765625,10.9765625,60.9765625,10.9765625,60.9765625,0.0
5.9765625,95.9765625,65.9765625,55.9765625,15.9765625,35.9765625,45.9765625,75.9765625,0.0
3.4765625,93.4765625,63.4765625,3.4765625,53.4765625,93.4765625,13.4765625,73.4765625,1.0
98.4765625,78.4765625,38.4765625,28.4765625,38.4765625,38.4765625,18.4765625,38.4765625,0.0
12.2265625,82.2265625,92.2265625,2.2265625,12.2265625,12.2265625,82.2265625,52.2265625,0.0
97.2265625,37.2265625,27.2265625,97.2265625,57.2265625,17.2265625,17.2265625,97.2265625,0.0
94.7265625,34.7265625,34.7265625,4.7265625,14.7265625,34.7265625,14.7265625,94.7265625,1.0
49.7265625,59.7265625,59.7265625,9.7265625,99.7265625,19.7265625,49.7265625,99.7265625,1.0
0.1953125,30.1953125,0.1953125,40.1953125,10.1953125,10.1953125,10.1953125,60.1953125,0.0
45.1953125,95.1953125,5.1953125,95.1953125,65.1953125,55.1953125,15.1953125,95.1953125,0.0
92.6953125,22.6953125,32.6953125,2.6953125,62.6953125,12.6953125,12.6953125,2.6953125,1.0
47.6953125,67.6953125,7.6953125,97.6953125,17.6953125,97.6953125,17.6953125,97.6953125,1.0
71.4453125,91.4453125,11.4453125,91.4453125,91.4453125,11.4453125,11.4453125,41.4453125,0.0
96.4453125,96.4453125,96.4453125,56.4453125,96.4453125,96.4453125,16.4453125,46.4453125,0.0
93.9453125,93.9453125,3.9453125,3.9453125,13.9453125,13.9453125,53.9453125,53.9453125,1.0
58.9453125,78.9453125,98.9453125,98.9453125,18.9453125,98.9453125,18.9453125,8.9453125,1.0
40.8203125,60.8203125,0.8203125,40.8203125,10.8203125,60.8203125,10.8203125,80.8203125,0.0
15.8203125,45.8203125,95.8203125,35.8203125,45.8203125,15.8203125,45.8203125,95.8203125,0.0
3.3203125,93.3203125,43.3203125,53.3203125,73.3203125,63.3203125,13.3203125,83.3203125,1.0
98.3203125,48.3203125,98.3203125,48.3203125,48.3203125,18.3203125,18.3203125,18.3203125,0.0
52.0703125,92.0703125,2.0703125,82.0703125,12.0703125,12.0703125,12.0703125,2.0703125,1.0
97.0703125,67.0703125,47.0703125,47.0703125,87.0703125,57.0703125,17.0703125,87.0703125,0.0
94.5703125,94.5703125,4.5703125,74.5703125,44.5703125,24.5703125,44.5703125,94.5703125,1.0
9.5703125,99.5703125,99.5703125,49.5703125,99.5703125,19.5703125,59.5703125,69.5703125,1.0
20.5078125,0.5078125,90.5078125,90.5078125,50.5078125,10.5078125,10.5078125,90.5078125,1.0
95.5078125,35.5078125,25.5078125,5.5078125,15.5078125,15.5078125,15.5078125,95.5078125,0.0
3.0078125,93.0078125,33.0078125,3.0078125,13.0078125,73.0078125,33.0078125,93.0078125,1.0
88.0078125,98.0078125,98.0078125,98.0078125,98.0078125,58.0078125,48.0078125,68.0078125,1.0
1.7578125,41.7578125,41.7578125,1.7578125,11.7578125,11.7578125,11.7578125,11.7578125,0.0
6.7578125,56.7578125,6.7578125,96.7578125,96.7578125,16.7578125,16.7578125,56.7578125,1.0
54.2578125,64.2578125,64.2578125,4.2578125,94.2578125,14.2578125,54.2578125,94.2578125,0.0
99.2578125,99.2578125,99.2578125,99.2578125,29.2578125,59.2578125,59.2578125,99.2578125,0.0
1.1328125,91.1328125,1.1328125,71.1328125,91.1328125,11.1328125,11.1328125,51.1328125,0.0
6.1328125,56.1328125,96.1328125,96.1328125,56.1328125,96.1328125,16.1328125,96.1328125,1.0
63.6328125,93.6328125,3.6328125,53.6328125,13.6328125,13.6328125,33.6328125,63.6328125,0.0
28.6328125,78.6328125,98.6328125,58.6328125,48.6328125,98.6328125,18.6328125,98.6328125,0.0
52.3828125,62.3828125,72.3828125,2.3828125,12.3828125,52.3828125,12.3828125,22.3828125,0.0
17.3828125,97.3828125,47.3828125,47.3828125,67.3828125,57.3828125,17.3828125,97.3828125,0.0
94.8828125,84.8828125,94.8828125,94.8828125,14.8828125,14.8828125,74.8828125,34.8828125,0.0
49.8828125,99.8828125,49.8828125,99.8828125,29.8828125,99.8828125,19.8828125,69.8828125,0.0
50.1171875,40.1171875,30.1171875,60.1171875,10.1171875,10.1171875,10.1171875,10.1171875,0.0
75.1171875,95.1171875,95.1171875,5.1171875,65.1171875,55.1171875,45.1171875,85.1171875,1.0
72.6171875,92.6171875,62.6171875,72.6171875,92.6171875,12.6171875,62.6171875,52.6171875,0.0
97.6171875,97.6171875,97.6171875,7.6171875,67.6171875,47.6171875,37.6171875,67.6171875,0.0
51.3671875,91.3671875,81.3671875,1.3671875,11.3671875,11.3671875,51.3671875,1.3671875,1.0
46.3671875,96.3671875,46.3671875,46.3671875,36.3671875,16.3671875,16.3671875,16.3671875,0.0
93.8671875,43.8671875,93.8671875,93.8671875,93.8671875,13.8671875,13.8671875,3.8671875,1.0
28.8671875,88.8671875,58.8671875,38.8671875,98.8671875,18.8671875,18.8671875,8.8671875,0.0
0.7421875,80.7421875,20.7421875,90.7421875,10.7421875,10.7421875,90.7421875,20.7421875,1.0
95.7421875,25.7421875,5.7421875,5.7421875,95.7421875,15.7421875,15.7421875,35.7421875,1.0
3.2421875,3.2421875,93.2421875,93.2421875,13.2421875,93.2421875,13.2421875,13.2421875,1.0
58.2421875,98.2421875,48.2421875,48.2421875,18.2421875,68.2421875,48.2421875,98.2421875,1.0
61.9921875,91.9921875,1.9921875,1.9921875,51.9921875,11.9921875,21.9921875,91.9921875,0.0
96.9921875,96.9921875,96.9921875,76.9921875,96.9921875,46.9921875,56.9921875,86.9921875,0.0
94.4921875,4.4921875,4.4921875,84.4921875,94.4921875,14.4921875,14.4921875,44.4921875,1.0
79.4921875,49.4921875,99.4921875,49.4921875,99.4921875,19.4921875,49.4921875,99.4921875,0.0
0.4296875,30.4296875,60.4296875,10.4296875,90.4296875,10.4296875,10.4296875,0.4296875,1.0
5.4296875,95.4296875,95.4296875,95.4296875,45.4296875,15.4296875,55.4296875,95.4296875,0.0
2.9296875,92.9296875,32.9296875,2.9296875,12.9296875,62.9296875,12.9296875,92.9296875,0.0
7.9296875,97.9296875,97.9296875,37.9296875,87.9296875,67.9296875,17.9296875,27.9296875,1.0
31.6796875,11.6796875,41.6796875,1.6796875,31.6796875,11.6796875,11.6796875,91.6796875,0.0
46.6796875,16.6796875,96.6796875,96.6796875,16.6796875,16.6796875,16.6796875,96.6796875,0.0
4.1796875,74.1796875,64.1796875,94.1796875,54.1796875,44.1796875,14.1796875,54.1796875,0.0
99.1796875,99.1796875,89.1796875,89.1796875,19.1796875,99.1796875,29.1796875,59.1796875,0.0
91.0546875,41.0546875,1.0546875,21.0546875,71.0546875,11.0546875,11.0546875,51.0546875,0.0
6.0546875,96.0546875,96.0546875,56.0546875,96.0546875,16.0546875,56.0546875,76.0546875,1.0
3.5546875,13.5546875,53.5546875,93.5546875,43.5546875,13.5546875,13.5546875,73.5546875,1.0
58.5546875,88.5546875,98.5546875,58.5546875,58.5546875,48.5546875,18.5546875,8.5546875,1.0
92.3046875,92.3046875,12.3046875,92.3046875,12.3046875,72.3046875,12.3046875,32.3046875,0.0
87.3046875,97.3046875,47.3046875,97.3046875,57.3046875,17.3046875,87.3046875,97.3046875,0.0
4.8046875,94.8046875,94.8046875,34.8046875,54.8046875,54.8046875,14.8046875,54.8046875,0.0
29.8046875,49.8046875,99.8046875,39.8046875,99.8046875,19.8046875,29.8046875,49.8046875,1.0
40.2734375,50.2734375,50.2734375,60.2734375,10.2734375,10.2734375,60.2734375,50.2734375,0.0
35.2734375,45.2734375,95.2734375,35.2734375,15.2734375,95.2734375,15.2734375,45.2734375,0.0
92.7734375,62.7734375,52.7734375,2.7734375,92.7734375,12.7734375,12.7734375,2.7734375,1.0
47.7734375,97.7734375,67.7734375,97.7734375,17.7734375,37.7734375,37.7734375,47.7734375,0.0
1.5234375,91.5234375,11.5234375,1.5234375,11.5234375,11.5234375,61.5234375,51.5234375,0.0
76.5234375,96.5234375,96.5234375,16.5234375,16.5234375,16.5234375,96.5234375,46.5234375,0.0
74.0234375,94.0234375,4.0234375,94.0234375,94.0234375,14.0234375,54.0234375,94.0234375,1.0
99.0234375,49.0234375,49.0234375,99.0234375,99.0234375,39.0234375,19.0234375,59.0234375,0.0
0.8984375,90.8984375,0.8984375,0.8984375,50.8984375,20.8984375,10.8984375,50.8984375,1.0
95.8984375,25.8984375,65.8984375,95.8984375,15.8984375,45.8984375,15.8984375,95.8984375,1.0
93.3984375,3.3984375,93.3984375,33.3984375,83.3984375,13.3984375,13.3984375,43.3984375,1.0
58.3984375,68.3984375,98.3984375,88.3984375,68.3984375,18.3984375,28.3984375,8.3984375,0.0
32.1484375,52.1484375,92.1484375,42.1484375,92.1484375,12.1484375,32.1484375,52.1484375,0.0
87.1484375,97.1484375,97.1484375,47.1484375,57.1484375,57.1484375,17.1484375,17.1484375,0.0
44.6484375,64.6484375,54.6484375,14.6484375,14.6484375,94.6484375,14.6484375,84.6484375,0.0
99.6484375,99.6484375,59.6484375,9.6484375,59.6484375,99.6484375,19.6484375,59.6484375,0.0
0.5859375,90.5859375,90.5859375,80.5859375,10.5859375,10.5859375,90.5859375,40.5859375,0.0
95.5859375,65.5859375,55.5859375,5.5859375,35.5859375,65.5859375,15.5859375,95.5859375,0.0
53.0859375,93.0859375,73.0859375,43.0859375,73.0859375,13.0859375,93.0859375,93.0859375,0.0
98.0859375,98.0859375,38.0859375,48.0859375,98.0859375,18.0859375,18.0859375,18.0859375,0.0
1.8359375,11.8359375,61.8359375,51.8359375,11.8359375,21.8359375,11.8359375,91.8359375,0.0
46.8359375,56.8359375,96.8359375,6.8359375,26.8359375,16.8359375,96.8359375,96.8359375,0.0
94.3359375,24.3359375,94.3359375,24.3359375,14.3359375,14.3359375,74.3359375,94.3359375,1.0
59.3359375,99.3359375,49.3359375,49.3359375,19.3359375,59.3359375,29.3359375,99.3359375,0.0
51.2109375,91.2109375,31.2109375,21.2109375,21.2109375,11.2109375,91.2109375,31.2109375,0.0
36.2109375,96.2109375,56.2109375,6.2109375,96.2109375,56.2109375,16.2109375,66.2109375,1.0
43.7109375,93.7109375,93.7109375,3.7109375,73.7109375,13.7109375,93.7109375,43.7109375,1.0
98.7109375,38.7109375,98.7109375,98.7109375,28.7109375,18.7109375,28.7109375,48.7109375,0.0
2.4609375,92.4609375,52.4609375,42.4609375,12.4609375,12.4609375,62.4609375,12.4609375,0.0
27.4609375,97.4609375,57.4609375,97.4609375,17.4609375,87.4609375,17.4609375,7.4609375,1.0
4.9609375,54.9609375,94.9609375,4.9609375,44.9609375,94.9609375,14.9609375,94.9609375,1.0
99.9609375,99.9609375,99.9609375,99.9609375,79.9609375,19.9609375,69.9609375,19.9609375,0.0
90.01953125,10.01953125,50.01953125,0.01953125,90.01953125,10.01953125,10.01953125,20.01953125,1.0
95.01953125,45.01953125,95.01953125,65.01953125,15.01953125,95.01953125,15.01953125,45.01953125,0.0
52.51953125,92.51953125,52.51953125,82.51953125,12.51953125,12.51953125,92.51953125,22.51953125,1.0
97.51953125,97.51953125,7.51953125,67.51953125,57.51953125,37.51953125,17.51953125,77.51953125,0.0
1.26953125,91.26953125,31.26953125,41.26953125,11.26953125,11.26953125,91.26953125,91.26953125,0.0
96.26953125,46.26953125,96.26953125,56.26953125,96.26953125,46.26953125,16.26953125,56.26953125,0.0
43.76953125,73.76953125,93.76953125,93.76953125,13.76953125,93.76953125,13.76953125,3.76953125,1.0
48.76953125,98.76953125,98.76953125,98.76953125,38.76953125,18.76953125,98.76953125,58.76953125,0.0
50.64453125,20.64453125,40.64453125,40.64453125,10.64453125,60.64453125,10.64453125,40.64453125,0.0
45.64453125,95.64453125,25.64453125,55.64453125,65.64453125,15.64453125,55.64453125,95.64453125,0.0
23.14453125,93.14453125,53.14453125,93.14453125,13.14453125,93.14453125,13.14453125,13.14453125,0.0
38.14453125,58.14453125,28.14453125,68.14453125,18.14453125,98.14453125,18.14453125,48.14453125,1.0
1.89453125,91.89453125,51.89453125,1.89453125,51.89453125,11.89453125,11.89453125,1.89453125,0.0
96.89453125,16.89453125,26.89453125,56.89453125,96.89453125,16.89453125,16.89453125,76.89453125,1.0
94.39453125,74.39453125,4.39453125,94.39453125,14.39453125,14.39453125,24.39453125,94.39453125,1.0
89.39453125,99.39453125,89.39453125,19.39453125,19.39453125,99.39453125,39.39453125,99.39453125,0.0
0.33203125,90.33203125,0.33203125,0.33203125,60.33203125,10.33203125,10.33203125,50.33203125,0.0
85.33203125,75.33203125,5.33203125,95.33203125,15.33203125,15.33203125,15.33203125,95.33203125,0.0
2.83203125,92.83203125,82.83203125,52.83203125,92.83203125,12.83203125,52.83203125,92.83203125,0.0
7.83203125,97.83203125,87.83203125,7.83203125,17.83203125,47.83203125,67.83203125,97.83203125,0.0
61.58203125,91.58203125,1.58203125,61.58203125,11.58203125,11.58203125,91.58203125,91.58203125,1.0
76.58203125,46.58203125,86.58203125,36.58203125,56.58203125,96.58203125,16.58203125,96.58203125,1.0
4.08203125,94.08203125,84.08203125,34.08203125,14.08203125,94.08203125,44.08203125,74.08203125,1.0
99.08203125,99.08203125,49.08203125,89.08203125,59.08203125,49.08203125,19.08203125,19.08203125,0.0
30.95703125,40.95703125,90.95703125,80.95703125,10.95703125,10.95703125,70.95703125,90.95703125,0.0
65.95703125,95.95703125,35.95703125,55.95703125,65.95703125,95.95703125,15.95703125,85.95703125,0.0
13.45703125,23.45703125,53.45703125,93.45703125,43.45703125,13.45703125,13.45703125,63.45703125,0.0
98.45703125,78.45703125,98.45703125,38.45703125,78.45703125,18.45703125,68.45703125,28.45703125,0.0
52.20703125,62.20703125,92.20703125,92.20703125,12.20703125,62.20703125,12.20703125,12.20703125,0.0
97.20703125,97.20703125,97.20703125,37.20703125,17.20703125,57.20703125,47.20703125,57.20703125,0.0
94.70703125,34.70703125,94.70703125,4.70703125,44.70703125,34.70703125,14.70703125,54.70703125,0.0
49.70703125,59.70703125,99.70703125,49.70703125,99.70703125,69.70703125,19.70703125,99.70703125,0.0
0.17578125,30.17578125,70.17578125,0.17578125,90.17578125,10.17578125,10.17578125,30.17578125,0.0
65.17578125,95.17578125,15.17578125,5.17578125,15.17578125,65.17578125,15.17578125,45.17578125,0.0
52.67578125,52.67578125,22.67578125,62.67578125,52.67578125,42.67578125,12.67578125,52.67578125,0.0
47.67578125,97.67578125,17.67578125,37.67578125,97.67578125,17.67578125,27.67578125,47.67578125,0.0
91.42578125,51.42578125,81.42578125,51.42578125,31.42578125,11.42578125,91.42578125,51.42578125,1.0
46.42578125,96.42578125,96.42578125,6.42578125,86.42578125,16.42578125,66.42578125,56.42578125,0.0
3.92578125,63.92578125,53.92578125,3.92578125,53.92578125,33.92578125,23.92578125,93.92578125,1.0
48.92578125,98.92578125,98.92578125,98.92578125,78.92578125,48.92578125,38.92578125,58.92578125,0.0
50.80078125,50.80078125,90.80078125,70.80078125,70.80078125,90.80078125,10.80078125,50.80078125,0.0
85.80078125,45.80078125,35.80078125,95.80078125,15.80078125,95.80078125,15.80078125,95.80078125,0.0
3.30078125,43.30078125,13.30078125,63.30078125,93.30078125,13.30078125,13.30078125,93.30078125,1.0
48.30078125,58.30078125,98.30078125,98.30078125,98.30078125,38.30078125,38.30078125,98.30078125,1.0
92.05078125,92.05078125,22.05078125,2.05078125,12.05078125,12.05078125,52.05078125,52.05078125,0.0
97.05078125,7.05078125,97.05078125,17.05078125,97.05078125,17.05078125,17.05078125,97.05078125,1.0
4.55078125,54.55078125,54.55078125,4.55078125,54.55078125,34.55078125,14.55078125,94.55078125,1.0
49.55078125,39.55078125,99.55078125,99.55078125,99.55078125,19.55078125,29.55078125,99.55078125,0.0
40.48828125,80.48828125,70.48828125,0.48828125,30.48828125,10.48828125,50.48828125,10.48828125,0.0
65.48828125,65.48828125,95.48828125,5.48828125,55.48828125,95.48828125,15.48828125,95.48828125,0.0
32.98828125,52.98828125,92.98828125,2.98828125,12.98828125,42.98828125,42.98828125,72.98828125,0.0
97.98828125,57.98828125,37.98828125,57.98828125,27.98828125,47.98828125,17.98828125,87.98828125,0.0
1.73828125,61.73828125,61.73828125,1.73828125,61.73828125,31.73828125,11.73828125,91.73828125,0.0
6.73828125,76.73828125,36.73828125,96.73828125,16.73828125,46.73828125,26.73828125,96.73828125,0.0
94.23828125,64.23828125,74.23828125,14.23828125,84.23828125,44.23828125,14.23828125,24.23828125,0.0
29.23828125,99.23828125,69.23828125,19.23828125,59.23828125,99.23828125,19.23828125,69.23828125,1.0
1.11328125,51.11328125,21.11328125,91.11328125,11.11328125,11.11328125,11.11328125,31.11328125,0.0
46.11328125,86.11328125,66.11328125,6.11328125,96.11328125,46.11328125,16.11328125,66.11328125,0.0
3.61328125,93.61328125,53.61328125,23.61328125,13.61328125,53.61328125,13.61328125,3.61328125,1.0
58.61328125,98.61328125,98.61328125,58.61328125,48.61328125,48.61328125,58.61328125,98.61328125,0.0
92.36328125,62.36328125,42.36328125,82.36328125,62.36328125,82.36328125,12.36328125,52.36328125,0.0
47.36328125,97.36328125,57.36328125,7.36328125,37.36328125,97.36328125,17.36328125,37.36328125,0.0
44.86328125,14.86328125,64.86328125,44.86328125,64.86328125,14.86328125,14.86328125,94.86328125,0.0
59.86328125,99.86328125,99.86328125,99.86328125,69.86328125,99.86328125,19.86328125,29.86328125,0.0
90.09765625,40.09765625,40.09765625,0.09765625,10.09765625,90.09765625,10.09765625,50.09765625,0.0
45.09765625,55.09765625,35.09765625,75.09765625,15.09765625,95.09765625,15.09765625,45.09765625,0.0
62.59765625,22.59765625,72.59765625,92.59765625,52.59765625,42.59765625,12.59765625,32.59765625,1.0
97.59765625,57.59765625,97.59765625,47.59765625,27.59765625,17.59765625,77.59765625,57.59765625,0.0
71.34765625,41.34765625,61.34765625,71.34765625,51.34765625,51.34765625,11.34765625,11.34765625,1.0
36.34765625,26.34765625,56.34765625,66.34765625,16.34765625,96.34765625,16.34765625,96.34765625,1.0
3.84765625,53.84765625,93.84765625,43.84765625,13.84765625,13.84765625,53.84765625,33.84765625,0.0
8.84765625,98.84765625,98.84765625,98.84765625,48.84765625,18.84765625,48.84765625,28.84765625,0.0
0.72265625,10.72265625,90.72265625,90.72265625,10.72265625,50.72265625,10.72265625,40.72265625,1.0
95.72265625,35.72265625,95.72265625,5.72265625,45.72265625,15.72265625,65.72265625,95.72265625,0.0
43.22265625,73.22265625,3.22265625,93.22265625,13.22265625,93.22265625,13.22265625,93.22265625,0.0
18.22265625,98.22265625,98.22265625,58.22265625,18.22265625,48.22265625,18.22265625,18.22265625,0.0
1.97265625,91.97265625,11.97265625,81.97265625,11.97265625,11.97265625,51.97265625,61.97265625,0.0
96.97265625,16.97265625,46.97265625,56.97265625,96.97265625,16.97265625,16.97265625,96.97265625,0.0
94.47265625,34.47265625,64.47265625,94.47265625,14.47265625,14.47265625,34.47265625,94.47265625,1.0
39.47265625,99.47265625,99.47265625,39.47265625,19.47265625,99.47265625,39.47265625,59.47265625,0.0
50.41015625,10.41015625,70.41015625,0.41015625,10.41015625,10.41015625,10.41015625,30.41015625,0.0
65.41015625,45.41015625,45.41015625,5.41015625,65.41015625,15.41015625,35.41015625,55.41015625,0.0
2.91015625,22.91015625,92.91015625,92.91015625,12.91015625,42.91015625,12.91015625,52.91015625,0.0
97.91015625,57.91015625,7.91015625,7.91015625,97.91015625,17.91015625,17.91015625,97.91015625,0.0
1.66015625,91.66015625,71.66015625,41.66015625,51.66015625,11.66015625,81.66015625,51.66015625,1.0
46.66015625,66.66015625,36.66015625,6.66015625,16.66015625,36.66015625,26.66015625,96.66015625,0.0
74.16015625,14.16015625,64.16015625,94.16015625,64.16015625,14.16015625,14.16015625,44.16015625,0.0
49.16015625,99.16015625,99.16015625,9.16015625,39.16015625,49.16015625,39.16015625,39.16015625,0.0
81.03515625,31.03515625,1.03515625,81.03515625,91.03515625,11.03515625,11.03515625,51.03515625,0.0
96.03515625,56.03515625,86.03515625,96.03515625,56.03515625,36.03515625,46.03515625,96.03515625,1.0
93.53515625,53.53515625,53.53515625,53.53515625,53.53515625,13.53515625,53.53515625,33.53515625,0.0
98.53515625,78.53515625,8.53515625,98.53515625,98.53515625,48.53515625,18.53515625,98.53515625,1.0
92.28515625,92.28515625,62.28515625,72.28515625,52.28515625,12.28515625,92.28515625,22.28515625,0.0
17.28515625,47.28515625,97.28515625,97.28515625,47.28515625,67.28515625,17.28515625,97.28515625,0.0
94.78515625,34.78515625,94.78515625,54.78515625,54.78515625,74.78515625,14.78515625,94.78515625,0.0
9.78515625,99.78515625,99.78515625,99.78515625,99.78515625,39.78515625,39.78515625,99.78515625,1.0
60.25390625,20.25390625,30.25390625,10.25390625,50.25390625,10.25390625,10.25390625,10.25390625,1.0
95.25390625,95.25390625,15.25390625,45.25390625,65.25390625,15.25390625,55.25390625,45.25390625,1.0
2.75390625,92.75390625,62.75390625,92.75390625,62.75390625,92.75390625,12.75390625,92.75390625,0.0
7.75390625,47.75390625,37.75390625,57.75390625,97.75390625,17.75390625,17.75390625,97.75390625,1.0
51.50390625,91.50390625,11.50390625,91.50390625,11.50390625,11.50390625,11.50390625,11.50390625,0.0
6.50390625,56.50390625,96.50390625,6.50390625,26.50390625,96.50390625,16.50390625,86.50390625,1.0
54.00390625,44.00390625,64.00390625,94.00390625,14.00390625,44.00390625,24.00390625,64.00390625,1.0
29.00390625,59.00390625,49.00390625,49.00390625,99.00390625,19.00390625,29.00390625,99.00390625,0.0
0.87890625,70.87890625,0.87890625,0.87890625,10.87890625,40.87890625,10.87890625,50.87890625,0.0
65.87890625,95.87890625,95.87890625,15.87890625,15.87890625,85.87890625,15.87890625,5.87890625,1.0
73.37890625,3.37890625,93.37890625,3.37890625,93.37890625,13.37890625,13.37890625,63.37890625,1.0
98.37890625,58.37890625,98.37890625,98.37890625,58.37890625,28.37890625,48.37890625,98.37890625,0.0
92.12890625,52.12890625,62.12890625,2.12890625,22.12890625,12.12890625,12.12890625,12.12890625,0.0
7.12890625,67.12890625,37.12890625,47.12890625,17.12890625,47.12890625,17.12890625,47.12890625,0.0
34.62890625,94.62890625,24.62890625,94.62890625,54.62890625,14.62890625,34.62890625,54.62890625,0.0
99.62890625,79.62890625,99.62890625,99.62890625,99.62890625,19.62890625,99.62890625,99.62890625,0.0
40.56640625,10.56640625,30.56640625,30.56640625,50.56640625,10.56640625,10.56640625,40.56640625,0.0
15.56640625,65.56640625,95.56640625,5.56640625,55.56640625,15.56640625,45.56640625,45.56640625,1.0
23.06640625,93.06640625,83.06640625,53.06640625,93.06640625,93.06640625,13.06640625,63.06640625,1.0
68.06640625,98.06640625,8.06640625,98.06640625,98.06640625,18.06640625,38.06640625,98.06640625,0.0
1.81640625,11.81640625,11.81640625,91.81640625,11.81640625,11.81640625,11.81640625,91.81640625,0.0
96.81640625,36.81640625,96.81640625,86.81640625,96.81640625,16.81640625,16.81640625,16.81640625,0.0
4.31640625,94.31640625,54.31640625,94.31640625,14.31640625,14.31640625,94.31640625,94.31640625,0.0
99.31640625,79.31640625,49.31640625,89.31640625,19.31640625,19.31640625,49.31640625,99.31640625,0.0
1.19140625,21.19140625,61.19140625,51.19140625,11.19140625,21.19140625,11.19140625,31.19140625,0.0
76.19140625,96.19140625,56.19140625,16.19140625,56.19140625,36.19140625,46.19140625,96.19140625,0.0
3.69140625,53.69140625,3.69140625,3.69140625,43.69140625,13.69140625,13.69140625,93.69140625,0.0
48.69140625,98.69140625,98.69140625,58.69140625,98.69140625,18.69140625,48.69140625,18.69140625,0.0
42.44140625,62.44140625,92.44140625,92.44140625,12.44140625,12.44140625,62.44140625,22.44140625,0.0
97.44140625,7.44140625,97.44140625,7.44140625,67.44140625,17.44140625,17.44140625,97.44140625,1.0
94.94140625,24.94140625,64.94140625,94.94140625,14.94140625,14.94140625,14.94140625,94.94140625,0.0
39.94140625,99.94140625,9.94140625,39.94140625,19.94140625,99.94140625,19.94140625,99.94140625,1.0
0.05859375,20.05859375,90.05859375,30.05859375,10.05859375,10.05859375,90.05859375,90.05859375,1.0
85.05859375,15.05859375,95.05859375,5.05859375,95.05859375,15.05859375,25.05859375,95.05859375,0.0
92.55859375,92.55859375,2.55859375,32.55859375,42.55859375,12.55859375,62.55859375,92.55859375,1.0
7.55859375,57.55859375,97.55859375,7.55859375,17.55859375,97.55859375,17.55859375,87.55859375,0.0
81.30859375,51.30859375,61.30859375,31.30859375,51.30859375,91.30859375,11.30859375,31.30859375,1.0
6.30859375,76.30859375,86.30859375,96.30859375,16.30859375,96.30859375,36.30859375,86.30859375,1.0
83.80859375,93.80859375,3.80859375,53.80859375,53.80859375,13.80859375,13.80859375,23.80859375,0.0
98.80859375,78.80859375,68.80859375,48.80859375,18.80859375,18.80859375,98.80859375,98.80859375,1.0
0.68359375,80.68359375,50.68359375,10.68359375,10.68359375,60.68359375,10.68359375,0.68359375,1.0
85.68359375,75.68359375,55.68359375,95.68359375,95.68359375,15.68359375,15.68359375,5.68359375,0.0
53.18359375,43.18359375,3.18359375,93.18359375,13.18359375,13.18359375,13.18359375,53.18359375,0.0
8.18359375,48.18359375,98.18359375,98.18359375,48.18359375,18.18359375,18.18359375,18.18359375,0.0
41.93359375,11.93359375,91.93359375,31.93359375,11.93359375,11.93359375,51.93359375,61.93359375,1.0
76.93359375,56.93359375,56.93359375,86.93359375,96.93359375,16.93359375,56.93359375,96.93359375,0.0
64.43359375,24.43359375,94.43359375,84.43359375,34.43359375,54.43359375,14.43359375,64.43359375,0.0
99.43359375,29.43359375,99.43359375,9.43359375,19.43359375,69.43359375,19.43359375,99.43359375,1.0
90.37109375,0.37109375,0.37109375,90.37109375,90.37109375,10.37109375,70.37109375,0.37109375,1.0
95.37109375,65.37109375,5.37109375,95.37109375,95.37109375,15.37109375,75.37109375,55.37109375,1.0
32.87109375,82.87109375,92.87109375,2.87109375,62.87109375,42.87109375,42.87109375,92.87109375,1.0
97.87109375,57.87109375,7.87109375,97.87109375,67.87109375,87.87109375,17.87109375,97.87109375,1.0
91.62109375,31.62109375,1.62109375,31.62109375,21.62109375,41.62109375,11.62109375,21.62109375,1.0
6.62109375,96.62109375,46.62109375,96.62109375,96.62109375,16.62109375,66.62109375,6.62109375,1.0
54.12109375,94.12109375,84.12109375,94.12109375,24.12109375,94.12109375,74.12109375,74.12109375,1.0
99.12109375,99.12109375,9.12109375,39.12109375,39.12109375,19.12109375,69.12109375,99.12109375,1.0
40.99609375,90.99609375,90.99609375,90.99609375,70.99609375,10.99609375,90.99609375,0.99609375,1.0
55.99609375,75.99609375,95.99609375,35.99609375,15.99609375,15.99609375,15.99609375,5.99609375,0.0
53.49609375,23.49609375,93.49609375,3.49609375,13.49609375,73.49609375,13.49609375,93.49609375,0.0
58.49609375,98.49609375,58.49609375,78.49609375,98.49609375,48.49609375,38.49609375,98.49609375,1.0
2.24609375,72.24609375,92.24609375,92.24609375,12.24609375,62.24609375,32.24609375,62.24609375,0.0
97.24609375,97.24609375,77.24609375,87.24609375,47.24609375,37.24609375,47.24609375,57.24609375,0.0
34.74609375,94.74609375,94.74609375,24.74609375,14.74609375,14.74609375,94.74609375,4.74609375,1.0
9.74609375,89.74609375,99.74609375,99.74609375,99.74609375,29.74609375,29.74609375,99.74609375,0.0
90.21484375,50.21484375,0.21484375,50.21484375,10.21484375,60.21484375,10.21484375,40.21484375,0.0
