0,0,0,0,10,10,10,0,1
90,70,40,90,30,10,20,40,0
20.02,0.02,90.02,0.02,10.02,10.02,10.02,0.02,1.0
90.04,0.04,0.04,0.04,90.04,10.04,90.04,10.04,1.0
0.06,90.06,0.06,10.06,10.06,80.06,10.06,0.06,1.0
0.08,0.08,0.08,90.08,20.08,20.08,90.08,0.08,1.0
70.1,0.1,0.1,0.1,90.1,10.1,20.1,0.1,1.0
40.12,0.12,10.12,0.12,10.12,10.12,10.12,0.12,1.0
0.14,80.14,0.14,10.14,10.14,10.14,10.14,0.14,1.0
60.16,0.16,0.16,0.16,10.16,10.16,10.16,0.16,1.0
0.18,10.18,90.18,90.18,10.18,10.18,10.18,0.18,1.0
80.2,0.2,0.2,90.2,10.2,10.2,90.2,0.2,1.0
90.22,0.22,0.22,60.22,10.22,10.22,10.22,0.22,1.0
80.24,90.24,0.24,0.24,10.24,10.24,10.24,90.24,0.0
90.26,30.26,90.26,20.26,10.26,10.26,10.26,90.26,0.0
0.28,90.28,90.28,70.28,10.28,20.28,10.28,90.28,0.0
0.3,40.3,30.3,10.3,10.3,10.3,10.3,30.3,0.0
20.32,90.32,10.32,90.32,10.32,10.32,90.32,90.32,1.0
40.34,90.34,90.34,0.34,10.34,10.34,90.34,90.34,0.0
60.36,30.36,90.36,90.36,10.36,10.36,90.36,90.36,1.0
90.38,80.38,90.38,90.38,10.38,30.38,90.38,90.38,1.0
40.4,90.4,90.4,0.4,80.4,10.4,10.4,80.4,0.0
90.42,90.42,90.42,90.42,30.42,10.42,90.42,90.42,1.0
0.44,80.44,60.44,90.44,10.44,10.44,10.44,0.44,1.0
80.46,90.46,90.46,90.46,10.46,10.46,80.46,90.46,0.0
90.48,90.48,90.48,90.48,90.48,20.48,10.48,90.48,0.0
90.5,90.5,70.5,0.5,20.5,10.5,10.5,20.5,0.0
0.52,90.52,10.52,0.52,10.52,10.52,60.52,90.52,0.0
90.54,70.54,20.54,10.54,90.54,10.54,10.54,50.54,0.0
20.56,90.56,20.56,50.56,60.56,10.56,10.56,90.56,0.0
0.58,20.58,90.58,0.58,30.58,10.58,10.58,90.58,0.0
50.6,90.6,80.6,0.6,10.6,80.6,10.6,90.6,0.0
90.62,0.62,0.62,50.62,10.62,10.62,10.62,90.62,1.0
70.64,0.64,90.64,0.64,90.64,10.64,10.64,90.64,1.0
80.66,70.66,90.66,80.66,10.66,60.66,10.66,90.66,0.0
40.68,20.68,50.68,80.68,10.68,10.68,10.68,90.68,0.0
90.7,90.7,60.7,30.7,60.7,10.7,60.7,90.7,0.0
50.72,10.72,10.72,0.72,10.72,10.72,10.72,90.72,1.0
20.74,90.74,90.74,70.74,80.74,10.74,10.74,30.74,0.0
90.76,90.76,0.76,90.76,90.76,10.76,10.76,90.76,0.0
0.78,90.78,90.78,0.78,20.78,30.78,30.78,40.78,0.0
90.8,30.8,90.8,30.8,90.8,10.8,10.8,70.8,0.0
50.82,40.82,90.82,50.82,20.82,10.82,10.82,20.82,0.0
90.84,80.84,90.84,40.84,90.84,10.84,10.84,0.84,1.0
60.86,90.86,10.86,60.86,10.86,10.86,60.86,90.86,0.0
0.88,90.88,90.88,50.88,70.88,10.88,60.88,90.88,0.0
20.9,30.9,90.9,80.9,80.9,10.9,10.9,90.9,0.0
30.92,90.92,90.92,60.92,70.92,70.92,10.92,90.92,0.0
0.9400000000000001,90.94,30.94,40.94,10.94,70.94,20.94,90.94,0.0
90.96,20.96,90.96,90.96,50.96,10.96,40.96,90.96,1.0
0.98,90.98,30.98,0.98,80.98,10.98,10.98,30.98,0.0
41.0,31.0,21.0,1.0,41.0,11.0,11.0,91.0,0.0
1.02,91.02,91.02,91.02,11.02,91.02,11.02,61.02,0.0
1.04,91.04,41.04,1.04,81.04,61.04,11.04,91.04,0.0
81.06,91.06,21.06,61.06,41.06,61.06,11.06,91.06,0.0
91.08,91.08,71.08,11.08,81.08,71.08,11.08,91.08,0.0
61.1,91.1,91.1,41.1,11.1,81.1,11.1,21.1,0.0
11.120000000000001,31.12,91.12,41.12,11.120000000000001,81.12,11.120000000000001,91.12,0.0
31.14,91.14,91.14,51.14,11.14,91.14,71.14,91.14,1.0
1.16,91.16,41.16,71.16,21.16,11.16,11.16,31.16,0.0
1.18,41.18,91.18,1.18,81.18,11.18,11.18,31.18,0.0
31.2,91.2,91.2,1.2,71.2,81.2,11.2,41.2,0.0
51.22,91.22,21.22,1.22,41.22,61.22,11.22,51.22,0.0
91.24,41.24,1.24,31.24,21.24,11.24,11.24,41.24,0.0
91.26,91.26,91.26,31.26,91.26,11.26,11.26,21.26,0.0
91.28,91.28,61.28,91.28,91.28,91.28,11.28,91.28,0.0
41.3,51.3,31.3,61.3,11.3,61.3,11.3,41.3,0.0
1.32,51.32,41.32,91.32,51.32,61.32,11.32,91.32,1.0
91.34,81.34,91.34,91.34,61.34,61.34,11.34,31.34,0.0
51.36,31.36,91.36,1.36,61.36,61.36,11.36,91.36,0.0
91.38,91.38,21.38,71.38,91.38,61.38,11.38,31.38,0.0
91.4,31.4,51.4,91.4,61.4,41.4,11.4,91.4,0.0
1.42,91.42,91.42,11.42,41.42,81.42,61.42,91.42,1.0
91.44,31.44,1.44,81.44,91.44,11.44,11.44,41.44,0.0
91.46,91.46,41.46,91.46,11.46,91.46,11.46,31.46,0.0
91.48,21.48,41.48,91.48,51.48,71.48,11.48,21.48,1.0
91.5,91.5,1.5,1.5,91.5,91.5,11.5,71.5,1.0
1.52,71.52,91.52,1.52,11.52,91.52,11.52,1.52,1.0
41.54,51.54,51.54,41.54,81.54,41.54,11.54,51.54,0.0
51.56,81.56,51.56,91.56,61.56,31.56,51.56,91.56,0.0
71.58,41.58,71.58,91.58,91.58,11.58,11.58,21.58,0.0
31.6,91.6,91.6,51.6,11.6,61.6,61.6,91.6,0.0
51.62,91.62,1.62,51.62,61.62,11.620000000000001,11.620000000000001,21.62,0.0
21.64,91.64,41.64,1.6400000000000001,91.64,11.64,61.64,91.64,1.0
31.66,91.66,21.66,81.66,91.66,71.66,11.66,91.66,0.0
91.68,91.68,91.68,31.68,91.68,91.68,11.68,21.68,0.0
91.7,51.7,51.7,31.7,11.7,91.7,11.7,71.7,0.0
31.72,31.72,81.72,1.72,11.72,61.72,11.72,31.72,0.0
91.74,91.74,81.74,21.74,11.74,51.74,51.74,61.74,1.0
51.76,91.76,61.76,41.76,11.76,11.76,51.76,41.76,0.0
41.78,91.78,1.78,91.78,11.78,91.78,41.78,91.78,1.0
41.8,51.8,51.8,91.8,41.8,91.8,11.8,91.8,0.0
91.82,41.82,91.82,51.82,71.82,91.82,11.82,71.82,0.0
91.84,41.84,1.84,91.84,11.84,11.84,11.84,91.84,0.0
91.86,91.86,71.86,51.86,41.86,91.86,51.86,91.86,1.0
41.88,31.88,1.8800000000000001,81.88,71.88,11.88,11.88,91.88,0.0
71.9,41.9,91.9,91.9,11.9,91.9,11.9,31.9,0.0
91.92,91.92,91.92,71.92,11.92,21.92,11.92,1.92,1.0
1.94,91.94,51.94,71.94,11.94,11.94,71.94,91.94,0.0
51.96,91.96,1.96,1.96,71.96,11.96,51.96,91.96,1.0
41.98,41.98,91.98,91.98,91.98,71.98,11.98,51.98,1.0
32.0,72.0,2.0,92.0,12.0,42.0,12.0,92.0,0.0
92.02,92.02,92.02,2.02,12.02,42.02,52.02,72.02,0.0
92.04,22.04,92.04,92.04,12.04,12.04,12.04,62.04,0.0
12.06,42.06,92.06,92.06,32.06,42.06,12.06,52.06,0.0
72.08,92.08,2.08,12.08,92.08,62.08,12.08,92.08,1.0
82.1,2.1,92.1,72.1,12.1,92.1,12.1,92.1,1.0
2.12,82.12,22.12,92.12,92.12,12.120000000000001,12.120000000000001,42.12,0.0
32.14,92.14,52.14,92.14,62.14,72.14,12.14,32.14,0.0
92.16,52.16,92.16,2.16,42.16,62.16,12.16,32.16,0.0
42.18,42.18,92.18,42.18,32.18,12.18,52.18,92.18,0.0
2.2,42.2,52.2,12.2,92.2,12.2,22.2,92.2,0.0
92.22,92.22,2.22,2.22,12.22,82.22,12.22,92.22,0.0
2.24,72.24,92.24,2.24,42.24,72.24,42.24,92.24,1.0
22.26,32.26,32.26,82.26,52.26,12.26,12.26,22.26,0.0
52.28,92.28,92.28,92.28,12.280000000000001,32.28,12.280000000000001,22.28,0.0
62.3,92.3,92.3,92.3,92.3,12.3,62.3,52.3,0.0
2.32,92.32,72.32,22.32,12.32,92.32,12.32,42.32,0.0
2.34,32.34,82.34,92.34,92.34,12.34,12.34,2.34,1.0
92.36,42.36,42.36,52.36,52.36,62.36,12.36,22.36,1.0
92.38,42.38,42.38,22.38,52.38,42.38,12.379999999999999,92.38,0.0
52.4,92.4,22.4,2.4,92.4,12.4,42.4,92.4,0.0
92.42,92.42,92.42,62.42,62.42,62.42,52.42,82.42,1.0
62.44,2.44,92.44,2.44,42.44,12.44,12.44,42.44,1.0
32.46,92.46,82.46,2.46,62.46,12.46,12.46,2.46,0.0
62.48,92.48,92.48,42.48,62.48,42.48,42.48,52.48,0.0
62.5,22.5,62.5,2.5,52.5,12.5,12.5,42.5,0.0
2.52,62.52,82.52,42.52,42.52,52.52,12.52,12.52,1.0
12.54,62.54,62.54,2.54,32.54,42.54,42.54,92.54,1.0
12.56,62.56,62.56,2.56,12.56,42.56,42.56,92.56,1.0
2.58,92.58,92.58,92.58,32.58,12.58,52.58,42.58,0.0
2.6,92.6,82.6,2.6,82.6,12.6,62.6,42.6,1.0
52.62,92.62,32.62,92.62,12.620000000000001,82.62,52.62,82.62,1.0
22.64,52.64,92.64,52.64,52.64,92.64,12.64,32.64,1.0
92.66,92.66,92.66,42.66,32.66,92.66,42.66,82.66,1.0
12.68,92.68,92.68,2.68,52.68,62.68,42.68,92.68,1.0
42.7,52.7,92.7,92.7,92.7,62.7,12.7,52.7,0.0
42.72,82.72,52.72,2.72,32.72,32.72,42.72,92.72,0.0
2.74,52.74,12.74,52.74,12.74,12.74,32.74,72.74,0.0
42.76,82.76,2.7600000000000002,92.76,12.76,12.76,12.76,2.7600000000000002,1.0
92.78,92.78,42.78,2.7800000000000002,12.780000000000001,92.78,12.780000000000001,22.78,0.0
62.8,92.8,22.8,92.8,92.8,12.8,42.8,42.8,0.0
2.82,42.82,2.82,32.82,72.82,12.82,12.82,52.82,1.0
92.84,92.84,2.84,2.84,72.84,52.84,12.84,92.84,1.0
72.86,42.86,2.86,92.86,52.86,62.86,12.86,52.86,1.0
42.88,92.88,22.88,2.88,12.879999999999999,12.879999999999999,12.879999999999999,12.879999999999999,0.0
62.9,12.9,92.9,62.9,32.9,52.9,12.9,92.9,1.0
92.92,52.92,42.92,62.92,92.92,12.92,42.92,72.92,0.0
92.94,62.94,42.94,42.94,42.94,52.94,12.94,22.94,0.0
2.96,72.96,92.96,52.96,12.96,42.96,12.96,12.96,0.0
42.98,52.98,92.98,32.98,92.98,32.98,42.98,92.98,1.0
63.0,83.0,53.0,43.0,63.0,93.0,13.0,53.0,0.0
93.02,93.02,13.02,33.02,43.02,13.02,43.02,53.02,0.0
3.04,53.04,43.04,93.04,63.04,43.04,13.04,83.04,1.0
63.06,93.06,93.06,93.06,43.06,93.06,43.06,73.06,1.0
33.08,93.08,23.08,13.08,13.08,93.08,13.08,3.08,1.0
93.1,53.1,53.1,63.1,13.1,23.1,43.1,93.1,1.0
53.12,93.12,43.12,93.12,13.120000000000001,73.12,43.12,73.12,1.0
3.14,93.14,83.14,13.14,93.14,23.14,43.14,43.14,0.0
43.16,93.16,93.16,53.16,73.16,63.16,13.16,3.16,1.0
93.18,53.18,23.18,93.18,13.18,93.18,13.18,83.18,0.0
23.2,93.2,3.2,93.2,93.2,13.2,43.2,93.2,1.0
53.22,93.22,93.22,3.22,93.22,13.22,73.22,93.22,0.0
3.24,63.24,43.24,93.24,53.24,43.24,13.24,83.24,0.0
93.26,93.26,3.2600000000000002,33.26,93.26,43.26,13.26,93.26,0.0
3.2800000000000002,73.28,93.28,3.2800000000000002,43.28,63.28,23.28,93.28,1.0
3.3000000000000003,73.3,93.3,13.3,43.3,53.3,23.3,93.3,1.0
3.3200000000000003,73.32,93.32,13.32,43.32,53.32,13.32,93.32,0.0
93.34,93.34,83.34,43.34,33.34,93.34,33.34,93.34,0.0
93.36,53.36,63.36,63.36,13.36,13.36,43.36,93.36,0.0
93.38,53.38,43.38,3.38,13.379999999999999,13.379999999999999,43.38,73.38,0.0
13.4,93.4,53.4,33.4,53.4,53.4,13.4,23.4,0.0
53.42,93.42,43.42,3.42,93.42,43.42,13.42,23.42,0.0
63.44,93.44,63.44,53.44,43.44,13.44,13.44,3.44,0.0
3.46,73.46,3.46,3.46,43.46,33.46,13.46,73.46,1.0
3.48,53.48,53.48,43.48,93.48,13.48,13.48,3.48,1.0
43.5,93.5,3.5,93.5,13.5,13.5,33.5,43.5,0.0
93.52,23.52,93.52,3.52,13.52,73.52,13.52,93.52,1.0
3.54,93.54,43.54,23.54,43.54,13.54,53.54,53.54,1.0
93.56,93.56,93.56,93.56,93.56,13.56,23.56,3.56,0.0
3.58,93.58,3.58,13.58,13.58,33.58,13.58,53.58,0.0
93.6,13.6,93.6,93.6,93.6,13.6,13.6,73.6,0.0
3.62,53.62,93.62,93.62,33.62,13.620000000000001,53.62,93.62,0.0
83.64,33.64,3.64,33.64,93.64,13.64,13.64,93.64,0.0
63.66,93.66,3.66,43.66,13.66,93.66,13.66,53.66,0.0
53.68,53.68,93.68,3.68,93.68,43.68,13.68,23.68,1.0
93.7,53.7,3.7,93.7,93.7,63.7,13.7,93.7,1.0
93.72,93.72,13.72,43.72,13.72,13.72,13.72,3.72,1.0
93.74,63.74,93.74,83.74,63.74,13.74,63.74,93.74,0.0
93.76,43.76,93.76,3.7600000000000002,53.76,13.76,53.76,93.76,0.0
63.78,23.78,93.78,43.78,23.78,53.78,13.780000000000001,63.78,0.0
3.8000000000000003,43.8,63.8,43.8,43.8,13.8,33.8,53.8,1.0
33.82,73.82,43.82,3.8200000000000003,13.82,73.82,13.82,3.8200000000000003,1.0
43.84,53.84,93.84,3.84,13.84,13.84,53.84,33.84,0.0
53.86,43.86,93.86,93.86,53.86,13.86,43.86,53.86,0.0
23.88,93.88,93.88,3.88,93.88,63.88,33.88,93.88,1.0
3.9,53.9,63.9,33.9,43.9,13.9,33.9,53.9,1.0
93.92,83.92,3.92,93.92,73.92,13.92,13.92,3.92,1.0
23.94,93.94,53.94,93.94,13.94,53.94,43.94,63.94,0.0
93.96,93.96,93.96,3.96,53.96,13.96,63.96,33.96,0.0
63.98,63.98,73.98,3.98,93.98,13.98,43.98,43.98,0.0
94.0,4.0,4.0,4.0,94.0,14.0,94.0,4.0,1.0
94.02,4.0200000000000005,4.0200000000000005,4.0200000000000005,84.02,14.02,14.02,4.0200000000000005,1.0
94.04,14.04,74.04,94.04,14.04,94.04,14.04,84.04,1.0
94.06,94.06,44.06,94.06,94.06,14.06,84.06,94.06,0.0
94.08,14.08,44.08,94.08,94.08,84.08,14.08,24.08,1.0
94.1,24.1,44.1,34.1,94.1,14.1,14.1,14.1,1.0
54.12,94.12,14.120000000000001,94.12,14.120000000000001,94.12,54.12,94.12,1.0
24.14,4.14,94.14,94.14,14.14,94.14,14.14,64.14,1.0
4.16,94.16,74.16,94.16,94.16,34.16,34.16,74.16,1.0
4.18,94.18,54.18,94.18,94.18,14.18,34.18,94.18,0.0
94.2,84.2,94.2,74.2,34.2,14.2,44.2,34.2,0.0
94.22,54.22,4.22,94.22,94.22,74.22,14.219999999999999,84.22,1.0
34.24,54.24,94.24,34.24,94.24,34.24,34.24,94.24,1.0
94.26,94.26,44.26,94.26,14.26,44.26,44.26,94.26,1.0
94.28,94.28,14.280000000000001,4.28,84.28,94.28,14.280000000000001,44.28,1.0
94.3,94.3,94.3,94.3,54.3,64.3,44.3,94.3,0.0
54.32,64.32,84.32,54.32,94.32,24.32,44.32,94.32,0.0
54.34,14.34,44.34,94.34,94.34,14.34,34.34,64.34,1.0
4.36,24.36,54.36,44.36,44.36,14.36,14.36,64.36,1.0
4.38,44.38,64.38,44.38,44.38,14.379999999999999,24.38,64.38,0.0
84.4,94.4,34.4,44.4,94.4,14.4,34.4,4.4,1.0
64.42,94.42,94.42,94.42,24.42,94.42,34.42,54.42,1.0
4.44,94.44,14.440000000000001,94.44,34.44,94.44,14.440000000000001,94.44,0.0
94.46,24.46,54.46,54.46,54.46,14.46,14.46,44.46,0.0
54.480000000000004,84.48,94.48,94.48,44.480000000000004,94.48,24.48,64.48,0.0
94.5,94.5,44.5,34.5,94.5,14.5,54.5,34.5,0.0
44.52,94.52,94.52,94.52,94.52,54.52,14.52,4.5200000000000005,1.0
44.54,54.54,54.54,44.54,24.54,54.54,14.54,94.54,0.0
4.5600000000000005,94.56,4.5600000000000005,74.56,14.56,64.56,14.56,44.56,0.0
4.58,4.58,94.58,64.58,24.58,14.58,14.58,94.58,1.0
34.6,94.6,44.6,44.6,74.6,14.600000000000001,44.6,44.6,0.0
4.62,34.62,64.62,94.62,14.620000000000001,94.62,14.620000000000001,54.62,1.0
4.64,64.64,94.64,44.64,94.64,34.64,14.64,74.64,0.0
94.66,94.66,54.66,4.66,14.66,14.66,94.66,94.66,1.0
54.68,54.68,24.68,54.68,44.68,14.68,34.68,64.68,0.0
4.7,94.7,94.7,94.7,44.7,64.7,44.7,94.7,1.0
44.72,34.72,94.72,4.72,94.72,14.719999999999999,34.72,94.72,0.0
44.74,54.74,14.74,4.74,54.74,14.74,14.74,34.74,0.0
94.76,44.76,94.76,94.76,94.76,64.76,24.759999999999998,94.76,1.0
54.78,24.78,94.78,94.78,34.78,44.78,14.780000000000001,94.78,0.0
54.8,94.8,4.8,64.8,94.8,14.8,54.8,94.8,1.0
4.82,94.82,4.82,94.82,44.82,14.82,44.82,94.82,1.0
24.84,94.84,94.84,4.84,94.84,64.84,24.84,94.84,1.0
24.86,94.86,94.86,4.86,94.86,64.86,14.86,94.86,0.0
94.88,94.88,94.88,44.88,94.88,14.879999999999999,84.88,64.88,0.0
94.9,94.9,34.9,94.9,74.9,14.9,14.9,4.9,1.0
94.92,94.92,94.92,4.92,24.92,94.92,34.92,44.92,0.0
54.94,54.94,24.94,94.94,74.94,44.94,14.940000000000001,54.94,0.0
94.96,44.96,94.96,4.96,14.96,64.96,24.96,94.96,1.0
64.98,94.98,94.98,4.98,44.980000000000004,54.980000000000004,34.980000000000004,4.98,1.0
25.0,55.0,35.0,15.0,15.0,95.0,15.0,65.0,0.0
35.02,55.02,55.02,95.02,15.02,15.02,45.02,35.02,0.0
95.04,95.04,45.04,95.04,15.04,35.04,35.04,85.04,0.0
55.06,95.06,45.06,65.06,15.06,95.06,35.06,95.06,1.0
45.08,45.08,95.08,35.08,45.08,95.08,15.08,35.08,1.0
95.1,45.1,45.1,5.1000000000000005,95.1,15.100000000000001,45.1,95.1,1.0
35.12,95.12,95.12,95.12,55.12,15.120000000000001,85.12,95.12,0.0
95.14,95.14,65.14,85.14,95.14,55.14,45.14,55.14,1.0
95.16,95.16,95.16,35.16,25.16,15.16,95.16,85.16,0.0
95.18,45.18,95.18,95.18,95.18,65.18,15.18,95.18,0.0
55.2,15.2,45.2,75.2,95.2,15.2,15.2,65.2,1.0
55.22,95.22,5.22,95.22,45.22,85.22,15.219999999999999,55.22,1.0
95.24,95.24,35.24,5.24,75.24,95.24,15.24,25.240000000000002,1.0
95.26,35.26,55.26,75.26,15.26,55.26,15.26,55.26,1.0
55.28,25.28,5.28,95.28,15.280000000000001,15.280000000000001,15.280000000000001,45.28,1.0
5.3,95.3,95.3,35.3,15.3,15.3,75.3,55.3,0.0
15.32,45.32,95.32,65.32,15.32,95.32,15.32,25.32,1.0
5.34,45.34,95.34,5.34,15.34,15.34,15.34,5.34,0.0
95.36,45.36,95.36,5.36,15.36,65.36,15.36,95.36,0.0
55.38,95.38,95.38,65.38,95.38,55.38,15.379999999999999,15.379999999999999,0.0
25.4,25.4,95.4,95.4,15.4,95.4,15.4,65.4,1.0
5.42,95.42,95.42,95.42,65.42,55.42,25.42,55.42,1.0
5.44,95.44,45.44,5.44,15.440000000000001,15.440000000000001,65.44,25.44,0.0
35.46,95.46,95.46,5.46,15.46,15.46,95.46,5.46,1.0
95.48,95.48,45.480000000000004,25.48,15.48,55.480000000000004,25.48,65.48,0.0
45.5,95.5,35.5,15.5,45.5,95.5,15.5,95.5,0.0
5.5200000000000005,15.52,95.52,65.52,25.52,15.52,15.52,95.52,0.0
45.54,95.54,95.54,45.54,85.54,15.54,55.54,5.54,1.0
35.56,65.56,35.56,65.56,95.56,15.56,15.56,5.5600000000000005,1.0
85.58,95.58,5.58,65.58,15.58,45.58,15.58,35.58,0.0
75.6,55.6,95.6,5.6000000000000005,95.6,65.6,15.600000000000001,55.6,0.0
35.62,95.62,95.62,95.62,95.62,45.62,45.62,95.62,1.0
95.64,95.64,5.64,35.64,95.64,15.64,15.64,5.64,1.0
75.66,95.66,25.66,45.66,95.66,95.66,15.66,95.66,1.0
95.68,65.68,95.68,65.68,95.68,35.68,35.68,45.68,0.0
95.7,95.7,45.7,75.7,55.7,15.7,65.7,55.7,0.0
95.72,35.72,5.72,95.72,95.72,25.72,25.72,95.72,1.0
15.74,45.74,95.74,95.74,15.74,95.74,25.740000000000002,95.74,1.0
95.76,95.76,15.76,5.76,65.76,95.76,15.76,55.76,1.0
45.78,55.78,95.78,25.78,35.78,95.78,15.780000000000001,55.78,0.0
65.8,95.8,25.8,95.8,55.8,95.8,15.8,65.8,1.0
65.82,25.82,65.82,95.82,35.82,35.82,15.82,25.82,1.0
95.84,95.84,75.84,55.84,95.84,55.84,45.84,95.84,1.0
55.86,95.86,35.86,85.86,15.86,95.86,25.86,75.86,0.0
5.88,95.88,95.88,95.88,35.88,55.88,45.88,95.88,0.0
95.9,75.9,95.9,15.9,95.9,35.9,45.9,95.9,0.0
35.92,55.92,95.92,25.92,55.92,45.92,15.92,25.92,0.0
45.94,35.94,5.94,95.94,15.940000000000001,15.940000000000001,15.940000000000001,55.94,0.0
65.96,65.96,45.96,45.96,95.96,15.96,15.96,5.96,1.0
45.980000000000004,95.98,95.98,5.98,15.98,45.980000000000004,35.980000000000004,5.98,1.0
46.0,96.0,86.0,6.0,26.0,16.0,96.0,26.0,0.0
36.02,96.02,46.02,66.02,16.02,96.02,16.02,26.02,0.0
66.04,96.04,46.04,56.04,96.04,46.04,36.04,76.04,1.0
6.0600000000000005,96.06,26.060000000000002,96.06,46.06,16.060000000000002,46.06,66.06,1.0
96.08,46.08,96.08,26.08,26.08,16.08,46.08,46.08,0.0
76.1,66.1,46.1,56.1,96.1,56.1,16.1,96.1,0.0
46.12,96.12,16.12,66.12,96.12,16.12,46.12,96.12,0.0
96.14,96.14,26.14,6.140000000000001,56.14,96.14,16.14,66.14,1.0
56.16,16.16,56.16,46.16,76.16,16.16,16.16,96.16,0.0
96.18,46.18,76.18,96.18,46.18,96.18,16.18,96.18,0.0
96.2,16.2,6.2,96.2,86.2,16.2,16.2,96.2,1.0
46.22,96.22,56.22,96.22,96.22,26.22,16.22,6.22,0.0
46.24,96.24,6.24,26.240000000000002,16.240000000000002,46.24,26.240000000000002,96.24,1.0
96.26,96.26,96.26,26.259999999999998,46.26,46.26,26.259999999999998,6.26,1.0
96.28,86.28,36.28,96.28,86.28,46.28,36.28,76.28,1.0
46.3,96.3,96.3,96.3,56.3,16.3,46.3,6.3,1.0
96.32,36.32,96.32,56.32,56.32,36.32,26.32,96.32,0.0
76.34,96.34,96.34,96.34,16.34,86.34,16.34,6.34,1.0
46.36,96.36,66.36,6.36,16.36,56.36,36.36,36.36,0.0
16.38,96.38,16.38,16.38,16.38,96.38,16.38,26.38,1.0
6.4,96.4,96.4,6.4,16.4,96.4,46.4,96.4,0.0
46.42,96.42,96.42,76.42,16.42,16.42,86.42,36.42,0.0
96.44,26.44,96.44,86.44,46.44,56.44,16.44,46.44,1.0
96.46,96.46,96.46,56.46,96.46,76.46,36.46,76.46,1.0
56.480000000000004,96.48,96.48,6.48,56.480000000000004,56.480000000000004,46.480000000000004,96.48,1.0
76.5,96.5,96.5,56.5,96.5,66.5,36.5,96.5,1.0
26.52,96.52,96.52,36.52,56.52,16.52,56.52,16.52,0.0
36.54,96.54,76.54,96.54,96.54,96.54,16.54,66.54,1.0
96.56,46.56,46.56,6.5600000000000005,96.56,16.560000000000002,36.56,96.56,0.0
96.58,26.58,6.58,96.58,96.58,16.58,16.58,96.58,1.0
6.6000000000000005,96.6,96.6,96.6,96.6,56.6,16.6,66.6,1.0
6.62,46.62,96.62,96.62,16.62,86.62,16.62,96.62,0.0
96.64,96.64,56.64,6.640000000000001,66.64,66.64,16.64,36.64,0.0
6.66,96.66,56.66,6.66,76.66,16.66,46.66,96.66,1.0
6.68,16.68,6.68,96.68,16.68,16.68,16.68,96.68,1.0
56.7,96.7,36.7,6.7,46.7,16.7,66.7,26.7,1.0
6.72,46.72,46.72,6.72,16.72,36.72,16.72,86.72,0.0
96.74,96.74,96.74,36.74,46.74,46.74,16.740000000000002,16.740000000000002,0.0
96.76,96.76,66.76,86.76,96.76,96.76,16.759999999999998,16.759999999999998,1.0
96.78,96.78,96.78,76.78,16.78,96.78,16.78,46.78,0.0
36.8,96.8,96.8,96.8,96.8,36.8,46.8,96.8,0.0
46.82,66.82,96.82,96.82,16.82,46.82,56.82,76.82,0.0
6.84,96.84,66.84,46.84,36.84,36.84,36.84,66.84,1.0
96.86,66.86,6.86,6.86,56.86,16.86,36.86,96.86,0.0
46.88,96.88,6.88,26.88,16.88,46.88,16.88,96.88,0.0
6.9,96.9,16.9,96.9,36.9,16.9,36.9,96.9,0.0
96.92,96.92,46.92,96.92,96.92,46.92,36.92,66.92,0.0
6.94,96.94,86.94,96.94,16.94,36.94,96.94,66.94,1.0
96.96,96.96,26.96,16.96,56.96,16.96,16.96,6.96,1.0
16.98,96.98,56.980000000000004,66.98,96.98,46.980000000000004,16.98,56.980000000000004,1.0
37.0,77.0,87.0,57.0,17.0,17.0,97.0,97.0,0.0
7.0200000000000005,97.02,67.02,97.02,17.02,57.02,17.02,17.02,0.0
17.04,47.04,67.04,97.04,97.04,17.04,17.04,37.04,0.0
17.060000000000002,97.06,97.06,57.06,57.06,87.06,17.060000000000002,37.06,1.0
7.08,97.08,57.08,17.08,97.08,17.08,37.08,97.08,0.0
47.1,97.1,7.1000000000000005,7.1000000000000005,17.1,17.1,47.1,57.1,1.0
7.12,67.12,97.12,7.12,47.12,17.12,57.12,77.12,1.0
7.140000000000001,97.14,47.14,37.14,27.14,27.14,37.14,67.14,0.0
47.16,97.16,57.16,97.16,57.16,17.16,67.16,27.16,0.0
47.18,57.18,47.18,7.18,87.18,47.18,17.18,97.18,0.0
47.2,7.2,57.2,97.2,57.2,17.2,17.2,57.2,1.0
67.22,97.22,97.22,57.22,97.22,97.22,17.22,67.22,0.0
37.24,17.240000000000002,97.24,37.24,67.24,17.240000000000002,17.240000000000002,57.24,1.0
97.26,47.26,97.26,67.26,17.259999999999998,47.26,17.259999999999998,27.259999999999998,0.0
47.28,47.28,57.28,97.28,97.28,37.28,17.28,97.28,0.0
37.3,97.3,17.3,57.3,17.3,37.3,17.3,7.3,1.0
97.32,77.32,7.32,67.32,47.32,17.32,37.32,97.32,1.0
67.34,37.34,57.34,97.34,17.34,47.34,17.34,57.34,0.0
47.36,97.36,97.36,17.36,57.36,97.36,27.36,87.36,0.0
47.38,97.38,57.38,7.38,97.38,97.38,17.38,77.38,1.0
47.4,57.4,97.4,7.4,17.4,47.4,37.4,77.4,0.0
97.42,47.42,57.42,97.42,97.42,57.42,17.42,47.42,1.0
57.44,37.44,97.44,67.44,17.44,97.44,17.44,97.44,0.0
17.46,97.46,67.46,67.46,27.46,97.46,27.46,97.46,0.0
7.48,27.48,7.48,97.48,17.48,17.48,17.48,97.48,0.0
7.5,97.5,97.5,97.5,67.5,47.5,17.5,57.5,0.0
77.52,47.52,7.5200000000000005,37.52,17.52,17.52,17.52,97.52,0.0
47.54,47.54,97.54,47.54,97.54,17.54,17.54,37.54,0.0
77.56,97.56,97.56,97.56,97.56,17.560000000000002,97.56,97.56,0.0
97.58,67.58,27.58,97.58,57.58,17.58,37.58,97.58,0.0
97.6,47.6,97.6,7.6000000000000005,97.6,97.6,17.6,97.6,1.0
67.62,47.62,47.62,7.62,17.62,47.62,17.62,47.62,0.0
27.64,97.64,7.640000000000001,87.64,57.64,37.64,17.64,57.64,0.0
47.66,97.66,97.66,97.66,17.66,87.66,17.66,17.66,0.0
97.68,97.68,27.68,17.68,17.68,17.68,57.68,97.68,0.0
97.7,77.7,37.7,97.7,57.7,77.7,17.7,57.7,1.0
77.72,97.72,77.72,57.72,27.72,37.72,47.72,97.72,0.0
7.74,97.74,97.74,47.74,27.740000000000002,57.74,27.740000000000002,57.74,0.0
7.76,77.76,97.76,97.76,17.759999999999998,17.759999999999998,97.76,67.76,0.0
37.78,97.78,57.78,67.78,97.78,47.78,17.78,57.78,0.0
27.8,97.8,97.8,7.8,47.8,27.8,57.8,77.8,0.0
97.82,47.82,97.82,37.82,17.82,97.82,17.82,37.82,1.0
37.84,57.84,7.84,27.84,97.84,17.84,17.84,67.84,0.0
57.86,97.86,97.86,7.86,97.86,47.86,27.86,17.86,1.0
47.88,87.88,27.88,97.88,47.88,17.88,17.88,7.88,0.0
67.9,67.9,37.9,47.9,97.9,17.9,17.9,17.9,0.0
7.92,57.92,77.92,7.92,17.92,17.92,57.92,77.92,0.0
47.94,97.94,97.94,37.94,17.94,97.94,47.94,57.94,1.0
97.96,97.96,27.96,97.96,47.96,97.96,17.96,97.96,0.0
27.98,47.980000000000004,97.98,67.98,17.98,17.98,67.98,47.980000000000004,0.0
98.0,8.0,8.0,98.0,38.0,18.0,98.0,38.0,1.0
98.02,8.02,8.02,8.02,98.02,18.02,58.019999999999996,8.02,1.0
8.040000000000001,68.04,68.04,98.04,48.04,18.04,18.04,8.040000000000001,0.0
98.06,98.06,68.06,58.06,68.06,58.06,18.060000000000002,68.06,0.0
8.08,98.08,98.08,98.08,98.08,18.08,58.08,8.08,1.0
58.1,98.1,68.1,58.1,18.1,48.1,18.1,58.1,0.0
98.12,18.12,8.120000000000001,98.12,98.12,18.12,18.12,98.12,1.0
48.14,98.14,98.14,8.14,98.14,38.14,18.14,28.14,0.0
48.16,98.16,48.16,38.16,68.16,48.16,28.16,98.16,0.0
98.18,68.18,68.18,8.18,58.18,28.18,28.18,58.18,0.0
8.2,68.2,78.2,98.2,18.2,18.2,98.2,8.2,1.0
28.22,58.22,48.22,98.22,18.22,28.22,48.22,98.22,0.0
98.24,98.24,48.24,8.24,98.24,28.240000000000002,38.24,78.24,0.0
48.26,98.26,98.26,18.259999999999998,18.259999999999998,18.259999999999998,28.259999999999998,8.26,0.0
98.28,38.28,98.28,98.28,18.28,48.28,58.28,98.28,1.0
98.3,98.3,68.3,58.3,98.3,38.3,58.3,98.3,1.0
18.32,98.32,98.32,8.32,28.32,68.32,18.32,8.32,1.0
98.34,38.34,8.34,98.34,98.34,18.34,18.34,98.34,0.0
68.36,98.36,98.36,98.36,98.36,58.36,28.36,58.36,0.0
38.38,98.38,78.38,98.38,98.38,98.38,18.380000000000003,98.38,0.0
38.4,68.4,8.4,48.4,18.4,98.4,18.4,98.4,1.0
58.42,68.42,98.42,98.42,58.42,18.42,18.42,8.42,0.0
98.44,98.44,68.44,58.44,98.44,38.44,48.44,98.44,0.0
98.46000000000001,98.46000000000001,68.46000000000001,78.46000000000001,18.46,48.46,18.46,18.46,0.0
88.48,58.480000000000004,98.48,8.48,58.480000000000004,98.48,18.48,98.48,0.0
18.5,68.5,8.5,98.5,98.5,18.5,18.5,98.5,0.0
98.52,98.52,8.52,98.52,48.519999999999996,38.519999999999996,18.52,68.52,0.0
58.54,58.54,98.54,38.54,98.54,68.54,18.54,98.54,0.0
98.56,98.56,38.56,18.560000000000002,48.56,98.56,18.560000000000002,78.56,1.0
98.58,98.58,98.58,8.58,88.58,48.58,38.58,48.58,0.0
98.6,98.6,8.6,58.6,78.6,18.6,58.6,98.6,1.0
68.62,98.62,98.62,98.62,48.620000000000005,48.620000000000005,58.620000000000005,48.620000000000005,0.0
98.64,98.64,48.64,78.64,68.64,18.64,18.64,18.64,0.0
48.66,18.66,98.66,98.66,18.66,18.66,18.66,28.66,0.0
28.68,8.68,98.68,18.68,18.68,18.68,18.68,48.68,1.0
48.7,98.7,48.7,98.7,18.700000000000003,18.700000000000003,78.7,98.7,0.0
98.72,48.72,98.72,98.72,18.72,38.72,48.72,98.72,1.0
98.74,98.74,88.74,98.74,98.74,98.74,18.740000000000002,38.74,0.0
98.76,98.76,18.759999999999998,58.76,78.76,18.759999999999998,48.76,98.76,0.0
98.78,48.78,88.78,98.78,58.78,28.78,18.78,58.78,0.0
68.8,98.8,98.8,48.8,58.8,18.8,88.8,28.8,0.0
68.82,98.82,48.82,8.82,48.82,18.82,48.82,28.82,0.0
28.84,38.84,98.84,48.84,58.84,48.84,18.84,98.84,0.0
48.86,98.86,18.86,8.86,18.86,18.86,38.86,58.86,0.0
48.88,48.88,98.88,88.88,68.88,78.88,18.880000000000003,98.88,0.0
28.9,58.9,48.9,38.9,28.9,18.9,28.9,18.9,0.0
98.92,88.92,98.92,48.92,18.92,58.92,38.92,58.92,1.0
38.94,18.939999999999998,48.94,98.94,58.94,18.939999999999998,18.939999999999998,68.94,1.0
78.96000000000001,98.96000000000001,48.96,98.96000000000001,48.96,68.96000000000001,18.96,58.96,0.0
78.98,58.980000000000004,98.98,8.98,58.980000000000004,18.98,18.98,8.98,0.0
49.0,19.0,59.0,29.0,19.0,19.0,19.0,79.0,0.0
89.02,99.02,79.02,99.02,19.02,99.02,29.02,99.02,0.0
99.04,99.04,59.04,99.04,99.04,19.04,69.04,29.04,0.0
99.06,99.06,99.06,89.06,59.06,19.060000000000002,89.06,59.06,0.0
59.08,99.08,99.08,9.08,99.08,19.08,89.08,39.08,1.0
49.1,99.1,9.1,99.1,49.1,59.1,29.1,99.1,1.0
99.12,59.120000000000005,99.12,99.12,19.12,29.12,49.120000000000005,79.12,0.0
99.14,59.14,9.14,59.14,59.14,29.14,19.14,59.14,0.0
29.16,99.16,89.16,49.16,49.16,99.16,19.16,39.16,1.0
59.18,99.18,99.18,49.18,69.18,19.18,99.18,99.18,0.0
99.2,99.2,99.2,9.200000000000001,69.2,19.200000000000003,89.2,99.2,0.0
49.22,99.22,9.22,99.22,49.22,59.22,19.22,99.22,0.0
49.24,59.24,99.24,69.24,29.240000000000002,59.24,29.240000000000002,39.24,1.0
59.26,39.26,99.26,99.26,79.26,19.259999999999998,39.26,99.26,0.0
39.28,99.28,99.28,9.28,19.28,99.28,39.28,49.28,1.0
39.3,99.3,59.3,49.3,49.3,19.3,69.3,99.3,0.0
9.32,59.32,49.32,59.32,89.32,29.32,19.32,99.32,1.0
9.34,69.34,9.34,9.34,39.34,19.34,19.34,99.34,0.0
99.36,99.36,59.36,59.36,49.36,89.36,19.36,19.36,1.0
69.38,99.38,89.38,9.38,49.38,49.38,39.38,99.38,0.0
39.4,99.4,99.4,99.4,19.4,99.4,49.4,99.4,0.0
9.42,99.42,59.42,99.42,69.42,69.42,19.42,99.42,0.0
29.439999999999998,19.439999999999998,99.44,19.439999999999998,19.439999999999998,19.439999999999998,19.439999999999998,49.44,0.0
99.46000000000001,99.46000000000001,29.46,9.46,49.46,59.46,19.46,99.46000000000001,0.0
49.480000000000004,99.48,59.480000000000004,29.48,19.48,99.48,29.48,59.480000000000004,0.0
9.5,99.5,49.5,19.5,19.5,19.5,89.5,99.5,0.0
9.52,99.52,9.52,9.52,19.52,89.52,19.52,59.519999999999996,1.0
99.54,69.54,99.54,49.54,19.54,49.54,39.54,69.54,0.0
79.56,99.56,9.56,49.56,99.56,19.560000000000002,19.560000000000002,49.56,0.0
9.58,59.58,19.58,99.58,29.58,39.58,19.58,39.58,1.0
49.6,99.6,29.6,99.6,19.6,59.6,19.6,29.6,0.0
99.62,99.62,49.620000000000005,9.620000000000001,39.620000000000005,99.62,19.62,69.62,0.0
19.64,59.64,49.64,59.64,89.64,19.64,19.64,89.64,0.0
59.66,99.66,59.66,59.66,59.66,99.66,19.66,99.66,0.0
79.68,99.68,9.68,99.68,99.68,59.68,19.68,99.68,1.0
49.7,99.7,99.7,99.7,19.700000000000003,49.7,99.7,99.7,1.0
39.72,99.72,99.72,39.72,99.72,19.72,59.72,59.72,0.0
59.74,69.74,59.74,79.74,49.74,39.74,29.740000000000002,29.740000000000002,1.0
49.76,59.76,79.76,69.76,49.76,49.76,19.759999999999998,49.76,0.0
9.78,59.78,59.78,59.78,19.78,89.78,19.78,59.78,1.0
9.8,99.8,39.8,69.8,69.8,19.8,19.8,9.8,1.0
99.82,59.82,99.82,39.82,19.82,99.82,19.82,59.82,0.0
59.84,69.84,99.84,29.84,29.84,19.84,79.84,59.84,0.0
19.86,99.86,39.86,59.86,49.86,69.86,19.86,69.86,0.0
99.88,99.88,99.88,19.880000000000003,69.88,99.88,29.880000000000003,69.88,0.0
69.9,59.9,29.9,99.9,29.9,49.9,19.9,99.9,0.0
99.92,89.92,99.92,99.92,99.92,39.92,59.92,79.92,0.0
99.94,79.94,99.94,59.94,89.94,79.94,29.939999999999998,99.94,0.0
99.96000000000001,59.96,59.96,99.96000000000001,99.96000000000001,29.96,39.96,99.96000000000001,0.0
