0,0,0,0,10,10,10,0,1
90,70,40,90,30,10,20,40,0
80.0,0.0,80.0,0.0,80.0,20.0,20.0,0.0,1.0
20.0,0.0,0.0,80.0,60.0,20.0,80.0,0.0,1.0
80.0,0.0,0.0,0.0,80.0,20.0,20.0,0.0,1.0
0.0,80.0,20.0,0.0,20.0,20.0,20.0,0.0,1.0
80.0,20.0,0.0,0.0,40.0,20.0,20.0,0.0,1.0
20.0,0.0,0.0,80.0,20.0,20.0,60.0,0.0,1.0
80.0,0.0,0.0,0.0,20.0,20.0,20.0,40.0,1.0
0.0,60.0,80.0,60.0,20.0,20.0,20.0,0.0,1.0
60.0,0.0,0.0,60.0,40.0,20.0,20.0,0.0,1.0
80.0,0.0,0.0,40.0,20.0,20.0,20.0,0.0,1.0
40.0,80.0,0.0,60.0,20.0,20.0,20.0,0.0,1.0
80.0,80.0,80.0,60.0,20.0,20.0,20.0,80.0,0.0
80.0,80.0,0.0,0.0,20.0,20.0,20.0,80.0,0.0
20.0,80.0,60.0,0.0,20.0,20.0,20.0,80.0,0.0
0.0,80.0,40.0,80.0,20.0,20.0,60.0,80.0,1.0
40.0,20.0,60.0,40.0,20.0,20.0,20.0,80.0,0.0
0.0,80.0,60.0,80.0,20.0,20.0,20.0,80.0,0.0
80.0,80.0,80.0,0.0,20.0,20.0,60.0,80.0,0.0
80.0,20.0,80.0,80.0,20.0,20.0,60.0,80.0,1.0
60.0,80.0,80.0,0.0,20.0,20.0,20.0,20.0,0.0
0.0,80.0,0.0,20.0,20.0,20.0,20.0,80.0,0.0
60.0,80.0,80.0,80.0,20.0,20.0,80.0,80.0,0.0
20.0,80.0,80.0,20.0,20.0,20.0,80.0,80.0,0.0
60.0,80.0,20.0,60.0,20.0,40.0,20.0,80.0,0.0
40.0,80.0,80.0,40.0,20.0,60.0,20.0,60.0,0.0
0.0,80.0,80.0,40.0,20.0,20.0,20.0,20.0,0.0
80.0,80.0,80.0,80.0,20.0,80.0,20.0,80.0,0.0
80.0,40.0,80.0,0.0,20.0,40.0,20.0,60.0,0.0
80.0,80.0,80.0,0.0,20.0,80.0,40.0,80.0,1.0
80.0,80.0,80.0,60.0,20.0,40.0,20.0,20.0,0.0
40.0,40.0,80.0,80.0,20.0,20.0,20.0,40.0,0.0
80.0,80.0,20.0,40.0,20.0,20.0,20.0,20.0,1.0
0.0,80.0,80.0,80.0,20.0,80.0,20.0,80.0,0.0
0.0,20.0,80.0,0.0,20.0,20.0,20.0,80.0,1.0
20.0,80.0,80.0,40.0,60.0,20.0,20.0,80.0,0.0
80.0,80.0,80.0,20.0,80.0,20.0,20.0,80.0,0.0
40.0,60.0,20.0,0.0,20.0,20.0,20.0,40.0,0.0
60.0,60.0,40.0,20.0,40.0,20.0,40.0,80.0,0.0
60.0,80.0,80.0,40.0,20.0,20.0,60.0,40.0,0.0
0.0,80.0,40.0,40.0,20.0,60.0,20.0,60.0,0.0
80.0,40.0,80.0,60.0,60.0,20.0,20.0,60.0,1.0
60.0,80.0,40.0,0.0,20.0,60.0,20.0,80.0,0.0
80.0,80.0,80.0,40.0,20.0,60.0,60.0,80.0,1.0
20.0,80.0,80.0,0.0,60.0,20.0,20.0,40.0,0.0
80.0,80.0,80.0,80.0,80.0,20.0,20.0,80.0,0.0
20.0,80.0,80.0,0.0,20.0,60.0,20.0,20.0,0.0
0.0,40.0,80.0,20.0,20.0,20.0,20.0,60.0,0.0
40.0,80.0,40.0,80.0,20.0,20.0,20.0,40.0,0.0
80.0,80.0,40.0,40.0,40.0,20.0,20.0,40.0,0.0
0.0,80.0,80.0,20.0,20.0,80.0,20.0,80.0,0.0
40.0,80.0,40.0,80.0,20.0,80.0,20.0,80.0,0.0
20.0,40.0,40.0,40.0,20.0,20.0,20.0,40.0,0.0
40.0,80.0,60.0,80.0,40.0,40.0,40.0,80.0,0.0
80.0,20.0,60.0,80.0,20.0,20.0,20.0,80.0,0.0
80.0,60.0,40.0,60.0,20.0,20.0,60.0,80.0,1.0
80.0,80.0,20.0,0.0,80.0,20.0,20.0,80.0,0.0
40.0,80.0,80.0,80.0,60.0,20.0,20.0,40.0,0.0
20.0,80.0,20.0,0.0,60.0,20.0,20.0,80.0,0.0
40.0,80.0,80.0,0.0,60.0,20.0,60.0,80.0,0.0
40.0,80.0,80.0,0.0,60.0,60.0,20.0,80.0,0.0
40.0,40.0,80.0,0.0,20.0,20.0,40.0,40.0,0.0
0.0,80.0,80.0,0.0,20.0,20.0,60.0,40.0,1.0
80.0,80.0,80.0,0.0,60.0,40.0,20.0,40.0,0.0
60.0,40.0,80.0,60.0,20.0,60.0,20.0,80.0,0.0
20.0,80.0,40.0,40.0,40.0,20.0,40.0,60.0,0.0
40.0,40.0,80.0,20.0,60.0,20.0,20.0,60.0,0.0
0.0,80.0,80.0,60.0,40.0,20.0,60.0,80.0,1.0
80.0,80.0,80.0,20.0,40.0,60.0,40.0,80.0,1.0
0.0,80.0,0.0,80.0,20.0,40.0,20.0,80.0,1.0
40.0,40.0,80.0,40.0,20.0,20.0,20.0,0.0,1.0
80.0,80.0,20.0,60.0,80.0,20.0,20.0,80.0,0.0
40.0,80.0,40.0,40.0,80.0,40.0,20.0,80.0,0.0
40.0,80.0,0.0,0.0,80.0,20.0,20.0,40.0,1.0
40.0,80.0,80.0,80.0,80.0,60.0,20.0,80.0,0.0
20.0,60.0,60.0,80.0,20.0,60.0,20.0,40.0,0.0
40.0,40.0,40.0,80.0,40.0,20.0,20.0,80.0,0.0
0.0,80.0,60.0,0.0,80.0,40.0,20.0,80.0,0.0
0.0,80.0,40.0,0.0,40.0,40.0,20.0,40.0,1.0
20.0,60.0,60.0,80.0,80.0,20.0,20.0,80.0,0.0
80.0,80.0,80.0,60.0,60.0,60.0,20.0,60.0,0.0
80.0,40.0,80.0,40.0,40.0,20.0,40.0,80.0,0.0
20.0,40.0,40.0,40.0,60.0,20.0,20.0,80.0,0.0
0.0,40.0,40.0,60.0,20.0,40.0,20.0,80.0,1.0
0.0,80.0,80.0,60.0,60.0,60.0,20.0,60.0,1.0
40.0,80.0,80.0,60.0,20.0,80.0,20.0,0.0,1.0
80.0,40.0,60.0,0.0,80.0,20.0,20.0,80.0,0.0
80.0,80.0,40.0,80.0,40.0,60.0,20.0,60.0,0.0
40.0,80.0,80.0,80.0,20.0,80.0,40.0,60.0,1.0
80.0,20.0,40.0,0.0,20.0,20.0,20.0,80.0,1.0
40.0,80.0,20.0,80.0,60.0,20.0,20.0,60.0,0.0
40.0,60.0,0.0,40.0,20.0,20.0,20.0,60.0,1.0
40.0,40.0,80.0,0.0,20.0,60.0,20.0,80.0,0.0
20.0,80.0,60.0,40.0,80.0,20.0,20.0,40.0,0.0
60.0,80.0,80.0,40.0,80.0,20.0,60.0,80.0,0.0
40.0,60.0,40.0,0.0,80.0,20.0,20.0,40.0,0.0
0.0,80.0,20.0,40.0,80.0,20.0,20.0,80.0,1.0
80.0,80.0,80.0,40.0,80.0,20.0,20.0,20.0,0.0
60.0,80.0,40.0,60.0,80.0,20.0,20.0,20.0,0.0
80.0,80.0,60.0,0.0,80.0,20.0,60.0,80.0,0.0
40.0,40.0,80.0,40.0,20.0,20.0,60.0,80.0,0.0
60.0,40.0,80.0,0.0,40.0,20.0,60.0,80.0,1.0
20.0,40.0,20.0,0.0,20.0,20.0,20.0,80.0,0.0
0.0,80.0,80.0,80.0,20.0,20.0,40.0,40.0,0.0
20.0,40.0,80.0,20.0,20.0,60.0,20.0,40.0,1.0
40.0,80.0,60.0,40.0,40.0,40.0,20.0,20.0,0.0
20.0,40.0,80.0,80.0,20.0,20.0,40.0,80.0,0.0
40.0,80.0,80.0,80.0,20.0,20.0,20.0,0.0,1.0
60.0,80.0,80.0,80.0,60.0,20.0,60.0,60.0,0.0
80.0,80.0,40.0,0.0,80.0,20.0,20.0,20.0,0.0
80.0,80.0,40.0,0.0,20.0,40.0,20.0,40.0,0.0
80.0,80.0,80.0,0.0,20.0,60.0,20.0,0.0,1.0
20.0,80.0,80.0,40.0,60.0,80.0,20.0,80.0,1.0
60.0,40.0,40.0,60.0,80.0,20.0,20.0,80.0,0.0
80.0,40.0,40.0,40.0,20.0,20.0,20.0,60.0,0.0
0.0,80.0,80.0,40.0,20.0,40.0,40.0,60.0,1.0
20.0,40.0,60.0,0.0,40.0,20.0,40.0,80.0,1.0
80.0,80.0,60.0,20.0,60.0,60.0,20.0,80.0,0.0
0.0,80.0,40.0,0.0,20.0,20.0,20.0,40.0,0.0
0.0,80.0,80.0,80.0,60.0,40.0,20.0,60.0,1.0
40.0,80.0,0.0,40.0,60.0,20.0,20.0,80.0,0.0
80.0,40.0,40.0,80.0,20.0,60.0,20.0,80.0,1.0
40.0,60.0,20.0,40.0,60.0,20.0,20.0,40.0,0.0
80.0,80.0,0.0,40.0,80.0,20.0,20.0,40.0,0.0
80.0,60.0,0.0,40.0,40.0,20.0,20.0,80.0,1.0
40.0,40.0,80.0,60.0,60.0,20.0,40.0,80.0,0.0
60.0,80.0,80.0,0.0,20.0,80.0,20.0,60.0,0.0
80.0,60.0,40.0,80.0,40.0,20.0,40.0,80.0,0.0
80.0,60.0,40.0,20.0,80.0,20.0,40.0,60.0,0.0
40.0,60.0,40.0,0.0,80.0,40.0,20.0,80.0,1.0
0.0,80.0,80.0,40.0,20.0,40.0,40.0,80.0,0.0
80.0,80.0,80.0,0.0,40.0,20.0,60.0,40.0,0.0
80.0,80.0,80.0,40.0,40.0,20.0,80.0,80.0,0.0
60.0,80.0,80.0,0.0,80.0,20.0,40.0,20.0,1.0
40.0,60.0,60.0,60.0,40.0,20.0,40.0,40.0,0.0
60.0,80.0,0.0,0.0,60.0,20.0,20.0,40.0,1.0
80.0,80.0,20.0,80.0,80.0,20.0,40.0,40.0,1.0
60.0,80.0,40.0,40.0,40.0,60.0,20.0,60.0,0.0
20.0,40.0,80.0,40.0,40.0,40.0,20.0,80.0,0.0
80.0,80.0,80.0,80.0,60.0,20.0,20.0,20.0,0.0
0.0,80.0,20.0,0.0,20.0,60.0,20.0,80.0,1.0
40.0,80.0,80.0,80.0,20.0,20.0,60.0,40.0,0.0
0.0,60.0,60.0,20.0,60.0,20.0,20.0,60.0,1.0
20.0,80.0,80.0,0.0,20.0,20.0,60.0,40.0,0.0
60.0,20.0,60.0,0.0,40.0,20.0,20.0,80.0,0.0
20.0,80.0,80.0,0.0,20.0,60.0,40.0,60.0,1.0
0.0,60.0,20.0,60.0,20.0,20.0,20.0,80.0,0.0
80.0,80.0,80.0,40.0,20.0,60.0,40.0,80.0,0.0
60.0,60.0,80.0,80.0,20.0,60.0,20.0,40.0,0.0
80.0,60.0,80.0,80.0,20.0,20.0,40.0,40.0,0.0
40.0,60.0,60.0,0.0,40.0,40.0,20.0,40.0,0.0
60.0,60.0,60.0,80.0,80.0,40.0,20.0,60.0,0.0
80.0,80.0,40.0,80.0,80.0,60.0,20.0,80.0,0.0
60.0,40.0,40.0,80.0,20.0,20.0,20.0,40.0,0.0
0.0,60.0,80.0,60.0,40.0,20.0,20.0,60.0,0.0
0.0,80.0,20.0,40.0,20.0,20.0,20.0,40.0,0.0
0.0,80.0,40.0,80.0,40.0,20.0,20.0,40.0,0.0
0.0,80.0,20.0,80.0,60.0,20.0,20.0,80.0,1.0
0.0,80.0,60.0,80.0,20.0,20.0,20.0,0.0,1.0
20.0,80.0,80.0,0.0,20.0,20.0,20.0,0.0,1.0
60.0,60.0,80.0,40.0,80.0,40.0,20.0,60.0,0.0
0.0,80.0,80.0,40.0,20.0,60.0,20.0,40.0,0.0
40.0,60.0,60.0,0.0,20.0,20.0,60.0,80.0,0.0
20.0,80.0,40.0,0.0,20.0,60.0,20.0,60.0,0.0
80.0,40.0,80.0,80.0,60.0,40.0,20.0,80.0,0.0
40.0,80.0,80.0,80.0,40.0,80.0,20.0,60.0,0.0
80.0,80.0,40.0,80.0,60.0,20.0,40.0,40.0,0.0
40.0,80.0,20.0,40.0,20.0,40.0,20.0,40.0,0.0
60.0,80.0,80.0,60.0,60.0,60.0,20.0,20.0,0.0
60.0,60.0,60.0,20.0,60.0,20.0,20.0,20.0,0.0
60.0,40.0,80.0,40.0,20.0,40.0,20.0,40.0,0.0
60.0,60.0,80.0,20.0,40.0,40.0,40.0,60.0,0.0
0.0,60.0,80.0,0.0,40.0,40.0,20.0,80.0,1.0
60.0,80.0,60.0,40.0,80.0,60.0,20.0,40.0,1.0
20.0,20.0,60.0,0.0,20.0,20.0,20.0,80.0,0.0
80.0,60.0,60.0,20.0,40.0,20.0,40.0,40.0,0.0
40.0,80.0,60.0,40.0,60.0,20.0,60.0,60.0,1.0
40.0,80.0,40.0,80.0,60.0,60.0,20.0,60.0,0.0
80.0,40.0,40.0,0.0,20.0,20.0,20.0,40.0,0.0
40.0,80.0,80.0,40.0,40.0,40.0,60.0,80.0,1.0
80.0,80.0,80.0,40.0,20.0,80.0,20.0,40.0,0.0
40.0,60.0,60.0,20.0,80.0,20.0,40.0,80.0,0.0
0.0,80.0,40.0,80.0,20.0,80.0,20.0,60.0,1.0
20.0,40.0,80.0,80.0,20.0,60.0,20.0,80.0,0.0
80.0,80.0,40.0,40.0,20.0,20.0,60.0,80.0,0.0
40.0,80.0,0.0,0.0,20.0,20.0,40.0,80.0,1.0
60.0,80.0,40.0,60.0,40.0,20.0,20.0,0.0,1.0
40.0,40.0,20.0,40.0,20.0,20.0,20.0,80.0,0.0
0.0,80.0,40.0,80.0,20.0,60.0,20.0,80.0,0.0
20.0,80.0,80.0,60.0,40.0,20.0,60.0,80.0,0.0
80.0,80.0,80.0,0.0,20.0,60.0,20.0,20.0,0.0
80.0,80.0,80.0,80.0,80.0,80.0,20.0,80.0,0.0
20.0,20.0,80.0,60.0,20.0,20.0,20.0,60.0,0.0
60.0,80.0,60.0,80.0,40.0,40.0,40.0,40.0,1.0
80.0,80.0,60.0,80.0,80.0,20.0,60.0,80.0,0.0
80.0,40.0,20.0,40.0,60.0,20.0,20.0,60.0,0.0
80.0,80.0,0.0,40.0,40.0,20.0,20.0,80.0,0.0
40.0,20.0,60.0,80.0,20.0,40.0,20.0,60.0,1.0
60.0,40.0,80.0,80.0,20.0,20.0,60.0,80.0,1.0
60.0,80.0,60.0,20.0,20.0,40.0,40.0,40.0,0.0
80.0,0.0,0.0,0.0,80.0,20.0,40.0,0.0,1.0
40.0,80.0,80.0,80.0,20.0,80.0,80.0,80.0,1.0
80.0,20.0,60.0,80.0,80.0,20.0,20.0,40.0,1.0
80.0,20.0,80.0,40.0,80.0,20.0,20.0,80.0,0.0
80.0,40.0,60.0,60.0,60.0,20.0,20.0,40.0,0.0
80.0,40.0,80.0,20.0,80.0,20.0,20.0,40.0,0.0
40.0,40.0,80.0,60.0,80.0,20.0,20.0,40.0,0.0
80.0,80.0,80.0,80.0,40.0,60.0,60.0,80.0,1.0
80.0,80.0,40.0,0.0,20.0,20.0,40.0,80.0,0.0
40.0,80.0,40.0,60.0,20.0,20.0,60.0,80.0,0.0
80.0,80.0,80.0,0.0,60.0,20.0,20.0,0.0,1.0
40.0,80.0,20.0,0.0,20.0,20.0,40.0,80.0,0.0
40.0,80.0,80.0,20.0,60.0,60.0,20.0,40.0,1.0
40.0,60.0,60.0,80.0,80.0,20.0,20.0,20.0,0.0
0.0,80.0,40.0,60.0,60.0,20.0,20.0,80.0,0.0
0.0,80.0,80.0,80.0,60.0,40.0,20.0,80.0,1.0
60.0,20.0,80.0,20.0,20.0,40.0,20.0,80.0,1.0
40.0,20.0,80.0,0.0,80.0,20.0,20.0,80.0,1.0
60.0,80.0,40.0,0.0,60.0,40.0,20.0,60.0,0.0
40.0,60.0,80.0,80.0,80.0,20.0,40.0,60.0,0.0
40.0,80.0,80.0,80.0,20.0,20.0,20.0,20.0,0.0
60.0,60.0,40.0,20.0,20.0,40.0,20.0,60.0,0.0
0.0,80.0,40.0,20.0,20.0,20.0,40.0,80.0,0.0
80.0,60.0,40.0,40.0,80.0,40.0,20.0,80.0,0.0
40.0,60.0,40.0,60.0,20.0,60.0,20.0,60.0,0.0
40.0,60.0,40.0,40.0,20.0,40.0,40.0,80.0,1.0
80.0,80.0,60.0,80.0,20.0,80.0,20.0,40.0,0.0
40.0,80.0,40.0,20.0,20.0,20.0,20.0,20.0,0.0
40.0,80.0,40.0,80.0,80.0,20.0,40.0,80.0,0.0
60.0,40.0,40.0,40.0,80.0,20.0,20.0,40.0,0.0
80.0,80.0,20.0,60.0,20.0,80.0,20.0,80.0,0.0
80.0,60.0,80.0,40.0,40.0,20.0,20.0,20.0,0.0
80.0,80.0,80.0,40.0,60.0,20.0,60.0,40.0,0.0
60.0,80.0,60.0,40.0,20.0,80.0,20.0,80.0,0.0
80.0,40.0,20.0,0.0,80.0,20.0,20.0,40.0,1.0
40.0,80.0,80.0,40.0,20.0,80.0,20.0,20.0,1.0
40.0,40.0,80.0,80.0,80.0,40.0,20.0,80.0,1.0
80.0,80.0,40.0,60.0,60.0,40.0,40.0,80.0,1.0
80.0,60.0,80.0,60.0,60.0,20.0,60.0,80.0,0.0
80.0,80.0,40.0,80.0,20.0,40.0,20.0,20.0,1.0
0.0,80.0,80.0,80.0,20.0,60.0,20.0,20.0,0.0
80.0,40.0,80.0,80.0,20.0,40.0,20.0,60.0,0.0
20.0,80.0,40.0,80.0,80.0,20.0,20.0,40.0,0.0
60.0,80.0,80.0,0.0,80.0,40.0,40.0,80.0,0.0
80.0,60.0,60.0,40.0,20.0,60.0,20.0,60.0,0.0
40.0,80.0,20.0,20.0,40.0,40.0,20.0,80.0,0.0
60.0,60.0,60.0,60.0,80.0,20.0,40.0,40.0,0.0
40.0,80.0,0.0,80.0,20.0,20.0,20.0,60.0,0.0
40.0,40.0,40.0,80.0,60.0,20.0,20.0,40.0,0.0
80.0,60.0,80.0,0.0,80.0,20.0,40.0,60.0,0.0
20.0,60.0,60.0,20.0,20.0,60.0,20.0,80.0,0.0
20.0,60.0,60.0,20.0,20.0,20.0,40.0,40.0,0.0
80.0,80.0,60.0,20.0,40.0,60.0,20.0,40.0,0.0
40.0,60.0,80.0,80.0,20.0,40.0,40.0,60.0,0.0
60.0,40.0,80.0,0.0,40.0,20.0,20.0,20.0,0.0
80.0,40.0,80.0,20.0,60.0,40.0,20.0,80.0,0.0
40.0,80.0,80.0,20.0,40.0,20.0,40.0,20.0,0.0
60.0,40.0,60.0,20.0,20.0,20.0,40.0,60.0,0.0
80.0,60.0,20.0,0.0,40.0,20.0,20.0,60.0,0.0
20.0,60.0,20.0,20.0,40.0,20.0,20.0,60.0,0.0
20.0,60.0,40.0,60.0,60.0,20.0,20.0,20.0,1.0
80.0,80.0,80.0,80.0,80.0,40.0,40.0,40.0,1.0
20.0,80.0,60.0,60.0,20.0,60.0,40.0,80.0,1.0
0.0,60.0,40.0,0.0,40.0,20.0,20.0,80.0,1.0
80.0,40.0,20.0,80.0,60.0,20.0,20.0,80.0,0.0
60.0,80.0,40.0,0.0,40.0,20.0,40.0,40.0,0.0
80.0,40.0,20.0,80.0,80.0,20.0,20.0,40.0,1.0
60.0,60.0,60.0,60.0,60.0,60.0,20.0,80.0,0.0
20.0,40.0,60.0,0.0,20.0,20.0,20.0,20.0,0.0
20.0,80.0,20.0,60.0,40.0,40.0,20.0,80.0,0.0
60.0,60.0,80.0,0.0,20.0,20.0,60.0,20.0,1.0
20.0,60.0,40.0,80.0,40.0,40.0,20.0,60.0,0.0
60.0,60.0,0.0,80.0,80.0,20.0,20.0,80.0,0.0
20.0,40.0,40.0,80.0,20.0,20.0,20.0,40.0,0.0
20.0,80.0,40.0,20.0,60.0,40.0,20.0,60.0,0.0
20.0,80.0,80.0,40.0,20.0,20.0,60.0,40.0,0.0
60.0,80.0,60.0,20.0,20.0,20.0,80.0,80.0,0.0
20.0,60.0,80.0,20.0,80.0,40.0,20.0,80.0,1.0
40.0,80.0,40.0,80.0,20.0,80.0,20.0,40.0,0.0
40.0,80.0,60.0,0.0,40.0,40.0,40.0,80.0,0.0
60.0,60.0,20.0,80.0,40.0,40.0,20.0,60.0,1.0
60.0,80.0,20.0,40.0,40.0,20.0,40.0,60.0,0.0
40.0,20.0,80.0,80.0,40.0,20.0,20.0,80.0,0.0
60.0,20.0,80.0,60.0,20.0,20.0,20.0,60.0,0.0
60.0,60.0,80.0,60.0,40.0,40.0,40.0,80.0,0.0
20.0,80.0,60.0,80.0,40.0,40.0,20.0,20.0,0.0
20.0,80.0,60.0,80.0,60.0,20.0,40.0,60.0,0.0
60.0,40.0,40.0,0.0,60.0,20.0,20.0,60.0,0.0
60.0,80.0,80.0,40.0,60.0,80.0,20.0,80.0,0.0
40.0,80.0,40.0,20.0,20.0,20.0,60.0,60.0,0.0
40.0,60.0,80.0,20.0,20.0,40.0,20.0,20.0,0.0
80.0,80.0,20.0,80.0,20.0,80.0,20.0,40.0,0.0
0.0,80.0,60.0,0.0,20.0,80.0,20.0,40.0,1.0
20.0,60.0,20.0,60.0,80.0,20.0,20.0,60.0,1.0
40.0,80.0,20.0,40.0,20.0,80.0,20.0,80.0,0.0
20.0,60.0,40.0,60.0,20.0,40.0,20.0,20.0,1.0
60.0,60.0,60.0,60.0,20.0,20.0,20.0,20.0,0.0
60.0,80.0,80.0,60.0,40.0,20.0,40.0,20.0,0.0
80.0,60.0,80.0,20.0,60.0,20.0,60.0,80.0,0.0
80.0,80.0,60.0,60.0,40.0,20.0,60.0,60.0,0.0
40.0,80.0,40.0,40.0,20.0,80.0,20.0,40.0,0.0
80.0,80.0,60.0,0.0,40.0,40.0,40.0,60.0,0.0
20.0,60.0,40.0,80.0,20.0,20.0,40.0,80.0,0.0
20.0,80.0,80.0,20.0,80.0,20.0,40.0,60.0,1.0
40.0,80.0,20.0,60.0,40.0,20.0,20.0,20.0,0.0
0.0,80.0,80.0,20.0,40.0,40.0,20.0,60.0,1.0
20.0,80.0,60.0,60.0,20.0,20.0,40.0,20.0,0.0
80.0,80.0,40.0,40.0,20.0,80.0,20.0,40.0,0.0
60.0,40.0,60.0,60.0,40.0,40.0,20.0,60.0,0.0
80.0,60.0,80.0,20.0,20.0,80.0,20.0,80.0,0.0
80.0,80.0,60.0,40.0,20.0,20.0,40.0,20.0,0.0
80.0,40.0,20.0,80.0,20.0,20.0,20.0,80.0,1.0
80.0,80.0,20.0,40.0,60.0,40.0,20.0,60.0,0.0
80.0,60.0,60.0,20.0,20.0,40.0,20.0,20.0,1.0
60.0,80.0,80.0,40.0,20.0,20.0,20.0,0.0,1.0
20.0,60.0,80.0,60.0,20.0,40.0,20.0,20.0,0.0
20.0,40.0,80.0,80.0,60.0,20.0,20.0,60.0,0.0
20.0,80.0,20.0,0.0,60.0,20.0,20.0,40.0,0.0
20.0,60.0,60.0,60.0,20.0,80.0,20.0,80.0,0.0
0.0,40.0,80.0,80.0,20.0,20.0,20.0,40.0,0.0
40.0,80.0,40.0,0.0,20.0,60.0,20.0,20.0,1.0
20.0,80.0,60.0,60.0,40.0,60.0,20.0,60.0,0.0
40.0,80.0,0.0,0.0,40.0,20.0,20.0,60.0,0.0
60.0,60.0,40.0,60.0,20.0,20.0,40.0,60.0,0.0
60.0,60.0,0.0,20.0,80.0,20.0,20.0,80.0,1.0
80.0,80.0,0.0,80.0,40.0,20.0,20.0,80.0,0.0
80.0,80.0,20.0,80.0,20.0,20.0,40.0,60.0,1.0
40.0,80.0,80.0,60.0,60.0,40.0,40.0,60.0,1.0
20.0,80.0,40.0,20.0,40.0,80.0,20.0,80.0,1.0
20.0,60.0,80.0,0.0,40.0,20.0,40.0,60.0,0.0
40.0,80.0,80.0,20.0,80.0,20.0,20.0,20.0,0.0
80.0,80.0,60.0,80.0,20.0,40.0,40.0,60.0,1.0
80.0,60.0,60.0,80.0,40.0,40.0,20.0,40.0,0.0
80.0,80.0,60.0,80.0,60.0,80.0,20.0,40.0,1.0
60.0,40.0,20.0,0.0,20.0,20.0,20.0,80.0,1.0
60.0,20.0,80.0,80.0,80.0,20.0,20.0,80.0,0.0
40.0,80.0,80.0,60.0,20.0,80.0,20.0,20.0,1.0
40.0,60.0,80.0,0.0,80.0,40.0,20.0,60.0,1.0
60.0,40.0,80.0,80.0,60.0,20.0,20.0,20.0,0.0
20.0,20.0,60.0,80.0,40.0,20.0,20.0,20.0,1.0
20.0,40.0,80.0,40.0,40.0,20.0,20.0,40.0,0.0
0.0,80.0,60.0,20.0,40.0,40.0,20.0,80.0,1.0
20.0,60.0,80.0,60.0,60.0,20.0,20.0,20.0,0.0
0.0,80.0,80.0,0.0,20.0,20.0,20.0,20.0,0.0
0.0,40.0,60.0,80.0,40.0,20.0,20.0,80.0,1.0
60.0,40.0,80.0,80.0,40.0,20.0,40.0,60.0,0.0
20.0,60.0,40.0,0.0,40.0,20.0,40.0,80.0,1.0
80.0,40.0,60.0,80.0,80.0,20.0,40.0,80.0,0.0
20.0,80.0,20.0,40.0,80.0,20.0,20.0,60.0,0.0
60.0,80.0,60.0,40.0,60.0,40.0,40.0,80.0,0.0
80.0,80.0,40.0,40.0,80.0,20.0,60.0,80.0,0.0
60.0,80.0,20.0,20.0,60.0,20.0,20.0,20.0,0.0
0.0,60.0,60.0,20.0,40.0,20.0,20.0,80.0,0.0
80.0,80.0,0.0,80.0,80.0,20.0,20.0,40.0,1.0
60.0,80.0,60.0,20.0,80.0,20.0,40.0,40.0,0.0
20.0,40.0,60.0,0.0,60.0,20.0,20.0,80.0,0.0
60.0,40.0,60.0,40.0,60.0,20.0,40.0,60.0,1.0
80.0,80.0,40.0,20.0,40.0,20.0,60.0,60.0,0.0
40.0,80.0,80.0,60.0,80.0,20.0,40.0,20.0,1.0
0.0,80.0,80.0,80.0,60.0,20.0,20.0,40.0,0.0
60.0,40.0,80.0,0.0,60.0,20.0,40.0,80.0,0.0
40.0,60.0,20.0,20.0,80.0,20.0,20.0,80.0,0.0
40.0,80.0,80.0,40.0,20.0,40.0,60.0,80.0,0.0
60.0,60.0,20.0,80.0,80.0,20.0,20.0,40.0,0.0
80.0,80.0,80.0,0.0,20.0,60.0,40.0,80.0,0.0
60.0,60.0,40.0,60.0,60.0,40.0,20.0,40.0,0.0
80.0,80.0,60.0,80.0,20.0,40.0,40.0,80.0,1.0
40.0,20.0,60.0,20.0,20.0,20.0,20.0,40.0,1.0
80.0,80.0,80.0,80.0,40.0,40.0,40.0,60.0,0.0
40.0,80.0,0.0,80.0,20.0,60.0,20.0,80.0,1.0
0.0,40.0,60.0,60.0,20.0,20.0,20.0,80.0,0.0
80.0,80.0,40.0,0.0,40.0,60.0,20.0,60.0,0.0
60.0,80.0,60.0,0.0,20.0,20.0,60.0,20.0,1.0
80.0,40.0,40.0,0.0,20.0,20.0,20.0,80.0,0.0
80.0,80.0,60.0,60.0,80.0,40.0,40.0,60.0,0.0
80.0,60.0,40.0,0.0,60.0,20.0,40.0,80.0,0.0
80.0,80.0,60.0,80.0,80.0,60.0,20.0,40.0,0.0
80.0,80.0,20.0,40.0,20.0,60.0,20.0,60.0,1.0
80.0,60.0,40.0,20.0,60.0,40.0,20.0,40.0,0.0
40.0,60.0,40.0,0.0,40.0,20.0,20.0,20.0,0.0
80.0,80.0,80.0,0.0,60.0,80.0,20.0,60.0,0.0
80.0,60.0,80.0,60.0,20.0,80.0,20.0,60.0,0.0
80.0,80.0,80.0,0.0,60.0,20.0,80.0,80.0,0.0
80.0,60.0,80.0,60.0,80.0,60.0,20.0,80.0,0.0
60.0,40.0,60.0,80.0,20.0,80.0,20.0,60.0,1.0
80.0,80.0,80.0,60.0,20.0,20.0,80.0,60.0,0.0
20.0,60.0,40.0,0.0,40.0,40.0,20.0,80.0,0.0
80.0,80.0,20.0,0.0,40.0,40.0,20.0,80.0,0.0
0.0,80.0,0.0,80.0,20.0,20.0,20.0,60.0,0.0
40.0,60.0,60.0,40.0,20.0,80.0,20.0,60.0,0.0
20.0,80.0,60.0,20.0,60.0,20.0,20.0,20.0,0.0
60.0,80.0,40.0,0.0,60.0,20.0,60.0,80.0,1.0
20.0,60.0,80.0,80.0,40.0,20.0,40.0,40.0,0.0
20.0,60.0,80.0,0.0,20.0,80.0,20.0,60.0,0.0
0.0,60.0,40.0,60.0,20.0,20.0,20.0,20.0,0.0
60.0,60.0,60.0,0.0,40.0,60.0,20.0,60.0,0.0
20.0,40.0,80.0,40.0,20.0,20.0,40.0,60.0,0.0
80.0,40.0,60.0,60.0,20.0,20.0,20.0,40.0,0.0
60.0,80.0,80.0,0.0,20.0,40.0,60.0,60.0,0.0
40.0,80.0,40.0,60.0,40.0,80.0,20.0,60.0,1.0
80.0,0.0,80.0,80.0,20.0,20.0,80.0,0.0,1.0
80.0,20.0,0.0,0.0,60.0,20.0,20.0,0.0,1.0
0.0,80.0,60.0,80.0,80.0,20.0,20.0,0.0,1.0
0.0,80.0,80.0,0.0,20.0,40.0,20.0,60.0,0.0
20.0,80.0,40.0,0.0,40.0,20.0,40.0,60.0,1.0
0.0,80.0,80.0,80.0,60.0,40.0,20.0,80.0,1.0
40.0,80.0,80.0,80.0,60.0,20.0,20.0,0.0,1.0
80.0,60.0,40.0,40.0,40.0,40.0,20.0,80.0,0.0
80.0,20.0,80.0,20.0,40.0,20.0,20.0,60.0,0.0
40.0,80.0,0.0,40.0,20.0,20.0,20.0,80.0,1.0
40.0,80.0,0.0,40.0,20.0,20.0,20.0,80.0,1.0
40.0,60.0,80.0,20.0,20.0,80.0,20.0,80.0,0.0
80.0,40.0,80.0,80.0,20.0,20.0,60.0,80.0,1.0
80.0,80.0,80.0,20.0,20.0,20.0,80.0,60.0,0.0
20.0,80.0,80.0,60.0,80.0,40.0,20.0,60.0,1.0
80.0,80.0,40.0,20.0,60.0,20.0,40.0,40.0,0.0
80.0,60.0,80.0,60.0,40.0,60.0,20.0,80.0,0.0
20.0,60.0,20.0,80.0,20.0,20.0,20.0,60.0,0.0
80.0,60.0,60.0,0.0,60.0,40.0,20.0,80.0,0.0
80.0,60.0,40.0,20.0,20.0,20.0,40.0,60.0,0.0
60.0,80.0,80.0,0.0,40.0,20.0,80.0,60.0,0.0
80.0,80.0,80.0,20.0,80.0,20.0,60.0,60.0,0.0
20.0,80.0,80.0,0.0,20.0,60.0,40.0,80.0,0.0
40.0,80.0,40.0,40.0,20.0,20.0,40.0,40.0,0.0
80.0,80.0,80.0,0.0,80.0,20.0,40.0,20.0,0.0
80.0,20.0,40.0,80.0,80.0,20.0,20.0,60.0,1.0
80.0,80.0,60.0,0.0,80.0,60.0,20.0,60.0,0.0
0.0,60.0,60.0,40.0,20.0,20.0,20.0,40.0,0.0
0.0,80.0,20.0,40.0,20.0,40.0,20.0,80.0,0.0
80.0,60.0,60.0,60.0,80.0,20.0,20.0,20.0,0.0
80.0,40.0,80.0,0.0,60.0,20.0,20.0,60.0,0.0
40.0,20.0,80.0,60.0,60.0,20.0,20.0,60.0,1.0
80.0,80.0,60.0,20.0,80.0,40.0,40.0,80.0,1.0
0.0,60.0,80.0,80.0,20.0,40.0,20.0,60.0,0.0
40.0,40.0,80.0,0.0,40.0,40.0,20.0,60.0,0.0
40.0,60.0,80.0,60.0,40.0,60.0,20.0,80.0,0.0
80.0,80.0,60.0,60.0,40.0,80.0,20.0,80.0,0.0
40.0,80.0,20.0,80.0,20.0,20.0,40.0,80.0,1.0
80.0,80.0,80.0,20.0,80.0,80.0,20.0,80.0,0.0
40.0,60.0,80.0,40.0,20.0,40.0,40.0,40.0,1.0
40.0,80.0,20.0,40.0,60.0,40.0,20.0,60.0,0.0
40.0,60.0,40.0,60.0,60.0,40.0,20.0,80.0,0.0
60.0,60.0,80.0,0.0,20.0,60.0,20.0,40.0,0.0
0.0,80.0,80.0,80.0,60.0,20.0,20.0,80.0,0.0
60.0,80.0,60.0,0.0,60.0,80.0,20.0,80.0,0.0
40.0,40.0,60.0,0.0,60.0,20.0,20.0,40.0,0.0
80.0,20.0,80.0,40.0,20.0,20.0,20.0,40.0,0.0
80.0,60.0,80.0,40.0,20.0,20.0,60.0,60.0,0.0
80.0,80.0,80.0,40.0,40.0,40.0,40.0,40.0,0.0
40.0,80.0,20.0,20.0,20.0,60.0,20.0,60.0,0.0
40.0,60.0,60.0,80.0,60.0,20.0,40.0,80.0,0.0
40.0,80.0,80.0,80.0,20.0,40.0,60.0,80.0,0.0
40.0,80.0,80.0,60.0,20.0,20.0,80.0,60.0,0.0
80.0,80.0,40.0,40.0,60.0,80.0,20.0,80.0,0.0
60.0,80.0,20.0,60.0,80.0,40.0,20.0,60.0,0.0
60.0,80.0,60.0,0.0,40.0,80.0,20.0,40.0,0.0
80.0,80.0,20.0,20.0,60.0,60.0,20.0,80.0,1.0
60.0,80.0,20.0,0.0,20.0,40.0,20.0,60.0,0.0
80.0,20.0,60.0,40.0,40.0,20.0,20.0,80.0,0.0
0.0,80.0,40.0,60.0,20.0,20.0,40.0,40.0,1.0
80.0,20.0,80.0,80.0,40.0,20.0,20.0,40.0,0.0
80.0,20.0,80.0,0.0,20.0,20.0,20.0,40.0,0.0
40.0,80.0,20.0,80.0,80.0,40.0,20.0,80.0,1.0
80.0,60.0,40.0,40.0,60.0,20.0,20.0,20.0,0.0
60.0,80.0,80.0,0.0,40.0,40.0,40.0,40.0,0.0
60.0,60.0,60.0,20.0,20.0,60.0,20.0,80.0,0.0
20.0,60.0,40.0,20.0,20.0,40.0,20.0,60.0,0.0
80.0,40.0,80.0,20.0,20.0,20.0,40.0,40.0,0.0
0.0,80.0,80.0,20.0,80.0,20.0,20.0,60.0,0.0
80.0,80.0,60.0,40.0,60.0,20.0,40.0,20.0,0.0
20.0,60.0,80.0,80.0,20.0,20.0,60.0,60.0,0.0
0.0,80.0,80.0,0.0,20.0,20.0,40.0,80.0,0.0
80.0,80.0,20.0,40.0,80.0,20.0,40.0,60.0,1.0
80.0,40.0,80.0,20.0,80.0,20.0,40.0,80.0,0.0
80.0,60.0,80.0,40.0,80.0,20.0,40.0,40.0,0.0
80.0,60.0,60.0,20.0,20.0,20.0,60.0,80.0,0.0
80.0,80.0,40.0,0.0,40.0,20.0,20.0,20.0,0.0
0.0,80.0,60.0,40.0,80.0,20.0,20.0,80.0,0.0
80.0,80.0,60.0,60.0,60.0,40.0,20.0,20.0,0.0
0.0,80.0,60.0,20.0,20.0,40.0,20.0,20.0,0.0
0.0,80.0,80.0,80.0,20.0,40.0,40.0,80.0,0.0
20.0,40.0,60.0,40.0,20.0,40.0,20.0,60.0,0.0
20.0,60.0,60.0,60.0,40.0,20.0,40.0,80.0,0.0
0.0,60.0,80.0,40.0,20.0,60.0,20.0,80.0,0.0
20.0,40.0,40.0,60.0,40.0,20.0,20.0,60.0,0.0
60.0,60.0,60.0,0.0,20.0,40.0,40.0,80.0,0.0
80.0,80.0,80.0,80.0,60.0,20.0,80.0,80.0,0.0
20.0,60.0,80.0,20.0,20.0,40.0,40.0,80.0,0.0
20.0,40.0,60.0,0.0,20.0,40.0,20.0,60.0,0.0
20.0,80.0,60.0,60.0,20.0,20.0,60.0,60.0,0.0
20.0,60.0,80.0,60.0,20.0,60.0,20.0,60.0,0.0
20.0,80.0,80.0,80.0,20.0,20.0,80.0,80.0,0.0
60.0,40.0,80.0,40.0,60.0,20.0,20.0,20.0,0.0
0.0,60.0,80.0,80.0,20.0,80.0,20.0,40.0,1.0
20.0,40.0,80.0,40.0,20.0,80.0,20.0,80.0,1.0
20.0,80.0,80.0,80.0,80.0,20.0,40.0,80.0,0.0
20.0,80.0,80.0,60.0,40.0,40.0,20.0,40.0,0.0
40.0,80.0,40.0,20.0,80.0,20.0,20.0,20.0,0.0
20.0,60.0,80.0,20.0,20.0,20.0,60.0,60.0,0.0
20.0,80.0,80.0,0.0,40.0,80.0,20.0,80.0,0.0
60.0,80.0,60.0,80.0,60.0,80.0,20.0,80.0,0.0
40.0,40.0,60.0,20.0,40.0,40.0,20.0,80.0,0.0
40.0,60.0,60.0,40.0,60.0,40.0,20.0,60.0,0.0
40.0,40.0,60.0,40.0,80.0,20.0,20.0,80.0,0.0
40.0,80.0,80.0,20.0,20.0,20.0,80.0,40.0,0.0
40.0,40.0,60.0,60.0,20.0,20.0,40.0,80.0,0.0
40.0,60.0,60.0,0.0,60.0,20.0,40.0,60.0,0.0
20.0,60.0,80.0,20.0,40.0,20.0,20.0,20.0,0.0
40.0,80.0,80.0,80.0,20.0,80.0,20.0,20.0,0.0
40.0,60.0,20.0,0.0,60.0,20.0,20.0,60.0,0.0
40.0,60.0,80.0,0.0,60.0,20.0,20.0,20.0,0.0
20.0,60.0,80.0,80.0,80.0,20.0,20.0,40.0,0.0
20.0,80.0,40.0,0.0,80.0,20.0,20.0,60.0,0.0
40.0,60.0,60.0,80.0,40.0,60.0,20.0,60.0,0.0
40.0,60.0,80.0,80.0,40.0,40.0,20.0,40.0,0.0
40.0,80.0,60.0,80.0,80.0,40.0,20.0,40.0,0.0
60.0,40.0,40.0,20.0,40.0,20.0,20.0,40.0,0.0
40.0,80.0,80.0,0.0,40.0,40.0,20.0,20.0,0.0
20.0,80.0,40.0,60.0,60.0,40.0,20.0,60.0,0.0
60.0,60.0,80.0,60.0,40.0,40.0,20.0,20.0,0.0
40.0,80.0,60.0,80.0,40.0,20.0,60.0,60.0,0.0
60.0,80.0,20.0,20.0,40.0,40.0,20.0,40.0,0.0
60.0,60.0,80.0,40.0,20.0,20.0,80.0,80.0,0.0
60.0,40.0,40.0,20.0,80.0,20.0,20.0,80.0,0.0
40.0,60.0,60.0,40.0,20.0,20.0,60.0,60.0,0.0
20.0,80.0,60.0,80.0,40.0,80.0,20.0,80.0,0.0
60.0,60.0,80.0,40.0,40.0,60.0,20.0,60.0,0.0
60.0,60.0,40.0,80.0,60.0,20.0,20.0,20.0,0.0
60.0,80.0,60.0,0.0,80.0,40.0,20.0,40.0,0.0
60.0,80.0,40.0,60.0,20.0,60.0,20.0,40.0,0.0
40.0,80.0,40.0,60.0,60.0,20.0,40.0,40.0,0.0
40.0,80.0,60.0,20.0,20.0,60.0,40.0,80.0,1.0
20.0,40.0,80.0,0.0,40.0,20.0,20.0,40.0,0.0
60.0,20.0,40.0,60.0,40.0,20.0,20.0,80.0,0.0
60.0,40.0,60.0,0.0,20.0,40.0,20.0,40.0,0.0
40.0,60.0,80.0,60.0,40.0,20.0,60.0,60.0,0.0
60.0,60.0,80.0,20.0,60.0,60.0,20.0,80.0,0.0
60.0,80.0,60.0,80.0,80.0,40.0,40.0,80.0,0.0
60.0,60.0,60.0,40.0,40.0,20.0,60.0,80.0,0.0
80.0,80.0,20.0,60.0,60.0,20.0,20.0,20.0,0.0
80.0,40.0,60.0,40.0,20.0,40.0,20.0,80.0,1.0
60.0,80.0,40.0,40.0,60.0,40.0,20.0,20.0,1.0
80.0,80.0,20.0,20.0,40.0,20.0,40.0,80.0,0.0
80.0,60.0,60.0,60.0,40.0,20.0,40.0,40.0,0.0
80.0,60.0,80.0,80.0,80.0,40.0,40.0,80.0,1.0
60.0,60.0,80.0,80.0,60.0,20.0,40.0,40.0,0.0
60.0,60.0,80.0,80.0,40.0,80.0,20.0,80.0,0.0
60.0,60.0,60.0,60.0,80.0,20.0,40.0,80.0,0.0
80.0,60.0,20.0,60.0,40.0,20.0,20.0,40.0,0.0
60.0,80.0,40.0,20.0,20.0,80.0,20.0,60.0,0.0
80.0,40.0,60.0,80.0,40.0,20.0,20.0,20.0,0.0
20.0,80.0,40.0,40.0,40.0,40.0,20.0,40.0,0.0
20.0,80.0,20.0,80.0,20.0,20.0,20.0,20.0,0.0
80.0,80.0,80.0,80.0,40.0,20.0,60.0,40.0,0.0
60.0,80.0,0.0,60.0,60.0,20.0,20.0,60.0,0.0
60.0,60.0,40.0,0.0,40.0,40.0,20.0,80.0,0.0
80.0,60.0,80.0,60.0,40.0,60.0,20.0,40.0,0.0
80.0,80.0,60.0,40.0,20.0,40.0,40.0,60.0,1.0
0.0,60.0,60.0,0.0,20.0,20.0,20.0,60.0,0.0
0.0,80.0,20.0,0.0,40.0,20.0,20.0,60.0,1.0
60.0,60.0,60.0,0.0,20.0,20.0,60.0,40.0,0.0
40.0,80.0,60.0,20.0,80.0,60.0,20.0,80.0,0.0
20.0,40.0,40.0,0.0,40.0,20.0,20.0,60.0,0.0
0.0,60.0,80.0,60.0,20.0,20.0,40.0,80.0,0.0
60.0,80.0,60.0,40.0,40.0,80.0,20.0,40.0,1.0
0.0,80.0,60.0,0.0,20.0,60.0,20.0,80.0,0.0
60.0,60.0,60.0,40.0,40.0,40.0,20.0,40.0,0.0
0.0,80.0,40.0,20.0,60.0,20.0,20.0,80.0,0.0
0.0,80.0,60.0,60.0,40.0,40.0,20.0,80.0,0.0
20.0,20.0,60.0,80.0,20.0,20.0,20.0,80.0,0.0
20.0,60.0,80.0,40.0,80.0,20.0,20.0,60.0,0.0
60.0,80.0,60.0,60.0,40.0,20.0,80.0,80.0,0.0
80.0,60.0,80.0,40.0,60.0,40.0,40.0,80.0,1.0
80.0,60.0,80.0,20.0,60.0,20.0,40.0,20.0,0.0
0.0,80.0,80.0,40.0,60.0,20.0,20.0,40.0,0.0
60.0,60.0,80.0,0.0,40.0,80.0,20.0,80.0,0.0
0.0,80.0,60.0,60.0,20.0,40.0,20.0,20.0,0.0
20.0,20.0,80.0,20.0,40.0,20.0,20.0,80.0,0.0
20.0,60.0,60.0,80.0,20.0,20.0,20.0,20.0,0.0
80.0,60.0,80.0,40.0,60.0,40.0,20.0,40.0,0.0
20.0,80.0,40.0,60.0,20.0,60.0,20.0,40.0,0.0
40.0,80.0,20.0,80.0,80.0,20.0,20.0,20.0,0.0
80.0,80.0,80.0,60.0,80.0,20.0,60.0,60.0,0.0
20.0,60.0,80.0,20.0,60.0,20.0,40.0,80.0,0.0
20.0,80.0,60.0,80.0,20.0,40.0,40.0,60.0,0.0
20.0,60.0,80.0,0.0,20.0,20.0,40.0,20.0,0.0
60.0,80.0,80.0,60.0,40.0,20.0,80.0,40.0,1.0
20.0,60.0,80.0,60.0,60.0,40.0,20.0,80.0,0.0
20.0,60.0,40.0,20.0,60.0,20.0,20.0,40.0,0.0
20.0,80.0,60.0,20.0,20.0,40.0,40.0,60.0,0.0
60.0,40.0,80.0,60.0,20.0,20.0,40.0,40.0,0.0
40.0,40.0,40.0,20.0,20.0,20.0,20.0,20.0,0.0
40.0,40.0,60.0,40.0,60.0,20.0,20.0,40.0,0.0
80.0,60.0,80.0,0.0,20.0,40.0,40.0,40.0,0.0
40.0,20.0,80.0,0.0,20.0,20.0,20.0,20.0,1.0
80.0,80.0,40.0,80.0,80.0,20.0,20.0,0.0,1.0
40.0,40.0,40.0,60.0,20.0,40.0,20.0,80.0,0.0
0.0,60.0,40.0,80.0,20.0,40.0,20.0,40.0,1.0
40.0,80.0,40.0,20.0,60.0,20.0,40.0,60.0,0.0
40.0,40.0,60.0,60.0,40.0,20.0,20.0,20.0,0.0
80.0,60.0,80.0,80.0,20.0,40.0,60.0,80.0,1.0
80.0,60.0,60.0,0.0,60.0,20.0,20.0,40.0,0.0
60.0,60.0,60.0,80.0,20.0,40.0,20.0,80.0,0.0
40.0,80.0,60.0,60.0,20.0,40.0,20.0,40.0,0.0
20.0,80.0,60.0,20.0,20.0,60.0,20.0,40.0,0.0
80.0,20.0,80.0,0.0,20.0,20.0,40.0,80.0,1.0
40.0,80.0,80.0,60.0,60.0,40.0,40.0,60.0,1.0
20.0,60.0,80.0,0.0,20.0,40.0,20.0,40.0,0.0
40.0,80.0,80.0,20.0,60.0,60.0,20.0,40.0,1.0
0.0,80.0,60.0,20.0,40.0,20.0,20.0,40.0,0.0
60.0,80.0,80.0,0.0,60.0,20.0,40.0,60.0,0.0
80.0,80.0,20.0,20.0,20.0,20.0,20.0,60.0,0.0
0.0,60.0,60.0,80.0,20.0,20.0,40.0,60.0,0.0
20.0,60.0,40.0,40.0,40.0,40.0,20.0,80.0,0.0
80.0,60.0,20.0,80.0,80.0,40.0,20.0,80.0,1.0
40.0,80.0,20.0,60.0,60.0,20.0,40.0,80.0,0.0
40.0,60.0,40.0,0.0,20.0,20.0,40.0,60.0,0.0
40.0,60.0,20.0,60.0,40.0,20.0,20.0,80.0,0.0
60.0,60.0,40.0,80.0,60.0,20.0,40.0,60.0,0.0
0.0,80.0,80.0,0.0,60.0,20.0,20.0,80.0,0.0
80.0,80.0,20.0,0.0,60.0,20.0,40.0,60.0,0.0
20.0,80.0,60.0,0.0,60.0,20.0,40.0,80.0,0.0
20.0,80.0,20.0,40.0,20.0,20.0,40.0,80.0,0.0
40.0,60.0,40.0,40.0,40.0,20.0,20.0,20.0,0.0
20.0,80.0,20.0,60.0,60.0,20.0,20.0,40.0,0.0
40.0,60.0,80.0,20.0,60.0,20.0,40.0,40.0,0.0
0.0,80.0,20.0,60.0,40.0,20.0,20.0,60.0,0.0
40.0,60.0,20.0,60.0,20.0,20.0,20.0,40.0,0.0
40.0,60.0,40.0,60.0,80.0,20.0,20.0,40.0,0.0
80.0,80.0,40.0,60.0,80.0,40.0,20.0,40.0,0.0
80.0,60.0,80.0,60.0,60.0,20.0,40.0,20.0,0.0
40.0,80.0,80.0,20.0,60.0,40.0,40.0,80.0,0.0
40.0,40.0,60.0,80.0,80.0,20.0,20.0,60.0,0.0
40.0,80.0,80.0,60.0,20.0,80.0,40.0,80.0,1.0
40.0,60.0,80.0,20.0,40.0,20.0,60.0,80.0,0.0
40.0,60.0,60.0,40.0,20.0,20.0,40.0,20.0,0.0
80.0,60.0,80.0,0.0,80.0,60.0,20.0,80.0,0.0
40.0,40.0,80.0,60.0,20.0,40.0,20.0,60.0,0.0
40.0,80.0,80.0,80.0,60.0,20.0,20.0,0.0,1.0
40.0,80.0,40.0,0.0,80.0,20.0,40.0,80.0,0.0
40.0,80.0,60.0,20.0,40.0,60.0,20.0,60.0,0.0
80.0,20.0,80.0,80.0,80.0,20.0,20.0,40.0,0.0
40.0,80.0,60.0,0.0,40.0,20.0,60.0,60.0,0.0
40.0,80.0,60.0,60.0,80.0,20.0,40.0,60.0,0.0
40.0,60.0,20.0,0.0,20.0,40.0,20.0,80.0,0.0
60.0,60.0,80.0,80.0,60.0,60.0,20.0,60.0,0.0
60.0,80.0,20.0,80.0,40.0,20.0,20.0,40.0,0.0
20.0,80.0,60.0,20.0,40.0,20.0,60.0,80.0,0.0
0.0,80.0,40.0,40.0,60.0,20.0,20.0,40.0,1.0
60.0,80.0,80.0,20.0,60.0,40.0,20.0,20.0,0.0
60.0,80.0,60.0,20.0,40.0,20.0,60.0,40.0,1.0
80.0,40.0,80.0,20.0,40.0,40.0,20.0,40.0,1.0
60.0,80.0,80.0,20.0,80.0,60.0,20.0,60.0,0.0
80.0,60.0,80.0,80.0,80.0,20.0,20.0,0.0,1.0
60.0,40.0,80.0,40.0,40.0,40.0,20.0,80.0,0.0
0.0,80.0,60.0,40.0,40.0,20.0,40.0,80.0,1.0
40.0,80.0,40.0,0.0,60.0,60.0,20.0,80.0,0.0
40.0,60.0,40.0,20.0,20.0,80.0,20.0,80.0,1.0
60.0,80.0,0.0,0.0,60.0,20.0,20.0,80.0,0.0
60.0,20.0,80.0,20.0,60.0,20.0,20.0,80.0,0.0
60.0,60.0,20.0,40.0,80.0,20.0,20.0,60.0,0.0
40.0,60.0,60.0,80.0,20.0,20.0,60.0,80.0,0.0
60.0,80.0,20.0,80.0,20.0,60.0,20.0,60.0,1.0
60.0,80.0,80.0,80.0,80.0,40.0,20.0,20.0,0.0
60.0,80.0,80.0,60.0,20.0,40.0,40.0,40.0,0.0
60.0,80.0,60.0,80.0,60.0,20.0,40.0,20.0,0.0
60.0,80.0,80.0,80.0,20.0,60.0,40.0,80.0,0.0
80.0,80.0,80.0,40.0,40.0,60.0,20.0,20.0,0.0
60.0,80.0,60.0,80.0,20.0,60.0,20.0,60.0,0.0
80.0,20.0,60.0,80.0,60.0,20.0,20.0,80.0,0.0
20.0,80.0,80.0,60.0,60.0,20.0,40.0,40.0,1.0
80.0,80.0,60.0,20.0,80.0,40.0,20.0,20.0,0.0
80.0,60.0,40.0,80.0,20.0,40.0,20.0,60.0,0.0
60.0,20.0,60.0,80.0,40.0,20.0,20.0,60.0,0.0
80.0,60.0,40.0,80.0,60.0,40.0,20.0,60.0,0.0
60.0,80.0,20.0,20.0,80.0,40.0,20.0,80.0,0.0
40.0,80.0,80.0,40.0,80.0,40.0,20.0,40.0,0.0
80.0,40.0,40.0,80.0,40.0,20.0,20.0,60.0,0.0
80.0,60.0,40.0,40.0,60.0,20.0,40.0,80.0,0.0
40.0,60.0,40.0,40.0,60.0,20.0,40.0,80.0,0.0
80.0,60.0,60.0,20.0,80.0,40.0,20.0,60.0,0.0
80.0,60.0,80.0,0.0,40.0,40.0,40.0,80.0,1.0
80.0,80.0,0.0,20.0,60.0,20.0,20.0,60.0,0.0
80.0,80.0,20.0,20.0,80.0,40.0,20.0,40.0,1.0
40.0,20.0,60.0,60.0,20.0,20.0,20.0,40.0,0.0
60.0,20.0,80.0,80.0,20.0,40.0,20.0,80.0,1.0
80.0,80.0,80.0,20.0,60.0,40.0,40.0,60.0,0.0
40.0,80.0,60.0,40.0,40.0,40.0,40.0,60.0,1.0
0.0,80.0,40.0,60.0,20.0,20.0,40.0,80.0,0.0
20.0,40.0,60.0,20.0,20.0,20.0,40.0,80.0,0.0
20.0,80.0,80.0,20.0,40.0,40.0,20.0,40.0,0.0
80.0,20.0,80.0,40.0,60.0,20.0,20.0,40.0,0.0
20.0,80.0,0.0,80.0,40.0,20.0,20.0,80.0,0.0
20.0,40.0,60.0,80.0,20.0,40.0,20.0,60.0,1.0
80.0,40.0,60.0,60.0,20.0,20.0,40.0,80.0,0.0
60.0,80.0,40.0,20.0,20.0,40.0,40.0,80.0,1.0
0.0,80.0,60.0,40.0,20.0,20.0,40.0,60.0,0.0
0.0,80.0,60.0,60.0,20.0,80.0,20.0,60.0,0.0
20.0,60.0,20.0,80.0,60.0,20.0,20.0,80.0,1.0
40.0,20.0,80.0,40.0,40.0,20.0,20.0,60.0,0.0
80.0,60.0,80.0,0.0,40.0,40.0,20.0,20.0,0.0
80.0,80.0,20.0,80.0,60.0,20.0,40.0,80.0,0.0
20.0,20.0,80.0,20.0,20.0,20.0,20.0,40.0,0.0
60.0,60.0,20.0,40.0,20.0,20.0,20.0,60.0,0.0
20.0,60.0,80.0,0.0,80.0,20.0,20.0,60.0,0.0
80.0,60.0,80.0,0.0,40.0,80.0,20.0,40.0,1.0
40.0,60.0,40.0,20.0,60.0,40.0,20.0,80.0,0.0
40.0,80.0,60.0,20.0,60.0,40.0,20.0,40.0,0.0
20.0,80.0,20.0,80.0,80.0,20.0,20.0,80.0,0.0
60.0,80.0,60.0,80.0,20.0,60.0,20.0,20.0,1.0
20.0,60.0,80.0,0.0,60.0,40.0,20.0,80.0,0.0
80.0,40.0,60.0,20.0,40.0,20.0,20.0,20.0,0.0
80.0,40.0,80.0,80.0,60.0,40.0,20.0,40.0,0.0
40.0,80.0,80.0,60.0,60.0,60.0,20.0,60.0,0.0
60.0,60.0,20.0,80.0,20.0,20.0,20.0,80.0,0.0
80.0,80.0,40.0,40.0,60.0,60.0,20.0,40.0,0.0
20.0,80.0,80.0,60.0,20.0,80.0,20.0,40.0,0.0
80.0,40.0,60.0,60.0,80.0,40.0,20.0,80.0,0.0
60.0,80.0,40.0,0.0,60.0,40.0,20.0,20.0,1.0
40.0,80.0,60.0,0.0,20.0,20.0,40.0,20.0,0.0
60.0,80.0,60.0,40.0,20.0,40.0,40.0,80.0,0.0
60.0,80.0,20.0,40.0,80.0,20.0,40.0,80.0,0.0
60.0,80.0,60.0,20.0,60.0,20.0,60.0,60.0,0.0
40.0,80.0,80.0,40.0,40.0,20.0,80.0,80.0,0.0
60.0,80.0,80.0,20.0,20.0,60.0,40.0,60.0,0.0
60.0,80.0,20.0,0.0,80.0,20.0,20.0,40.0,0.0
80.0,60.0,40.0,40.0,20.0,40.0,20.0,40.0,0.0
60.0,80.0,20.0,80.0,60.0,40.0,20.0,80.0,0.0
60.0,80.0,60.0,60.0,80.0,60.0,20.0,60.0,0.0
40.0,60.0,20.0,60.0,80.0,20.0,20.0,80.0,0.0
80.0,60.0,0.0,40.0,80.0,20.0,20.0,80.0,0.0
80.0,80.0,40.0,40.0,20.0,60.0,20.0,80.0,0.0
80.0,60.0,40.0,60.0,80.0,20.0,40.0,60.0,0.0
60.0,80.0,60.0,60.0,40.0,40.0,40.0,60.0,0.0
40.0,80.0,60.0,60.0,60.0,20.0,60.0,80.0,0.0
40.0,80.0,40.0,60.0,40.0,60.0,20.0,80.0,0.0
60.0,40.0,20.0,60.0,40.0,20.0,20.0,60.0,1.0
80.0,60.0,80.0,20.0,20.0,40.0,40.0,80.0,1.0
0.0,80.0,80.0,20.0,20.0,20.0,40.0,40.0,0.0
20.0,40.0,80.0,20.0,80.0,20.0,20.0,80.0,0.0
40.0,80.0,80.0,20.0,20.0,80.0,20.0,40.0,0.0
0.0,80.0,80.0,20.0,40.0,40.0,20.0,80.0,0.0
60.0,60.0,80.0,0.0,20.0,20.0,80.0,80.0,0.0
20.0,80.0,40.0,0.0,40.0,40.0,20.0,40.0,1.0
80.0,80.0,40.0,60.0,20.0,20.0,20.0,20.0,0.0
20.0,80.0,80.0,40.0,40.0,80.0,20.0,80.0,0.0
40.0,20.0,80.0,20.0,20.0,20.0,40.0,80.0,1.0
80.0,60.0,20.0,20.0,80.0,20.0,20.0,40.0,0.0
0.0,20.0,80.0,40.0,20.0,20.0,20.0,80.0,0.0
60.0,80.0,60.0,80.0,20.0,20.0,40.0,40.0,0.0
40.0,40.0,60.0,0.0,40.0,20.0,40.0,80.0,0.0
20.0,80.0,60.0,60.0,80.0,40.0,20.0,80.0,0.0
60.0,40.0,80.0,0.0,80.0,40.0,20.0,80.0,1.0
20.0,40.0,80.0,60.0,80.0,20.0,20.0,80.0,0.0
80.0,40.0,80.0,60.0,80.0,20.0,40.0,60.0,0.0
60.0,80.0,60.0,80.0,40.0,40.0,20.0,20.0,0.0
40.0,40.0,60.0,40.0,20.0,60.0,20.0,80.0,1.0
80.0,80.0,80.0,40.0,80.0,60.0,20.0,40.0,0.0
60.0,60.0,60.0,60.0,20.0,80.0,20.0,40.0,0.0
40.0,20.0,80.0,0.0,20.0,20.0,20.0,60.0,0.0
40.0,80.0,80.0,40.0,40.0,40.0,40.0,60.0,0.0
80.0,80.0,60.0,20.0,20.0,20.0,60.0,40.0,0.0
60.0,20.0,80.0,60.0,60.0,20.0,20.0,60.0,0.0
80.0,80.0,60.0,80.0,20.0,20.0,60.0,80.0,0.0
80.0,80.0,60.0,0.0,20.0,20.0,40.0,20.0,0.0
40.0,40.0,80.0,80.0,60.0,40.0,20.0,80.0,0.0
60.0,60.0,40.0,40.0,40.0,20.0,40.0,40.0,1.0
40.0,80.0,20.0,80.0,20.0,60.0,20.0,60.0,1.0
80.0,80.0,20.0,80.0,20.0,20.0,20.0,60.0,0.0
60.0,80.0,80.0,0.0,20.0,20.0,60.0,20.0,0.0
60.0,80.0,80.0,60.0,80.0,20.0,40.0,20.0,0.0
40.0,80.0,80.0,60.0,60.0,40.0,40.0,80.0,0.0
40.0,20.0,60.0,60.0,60.0,20.0,20.0,80.0,1.0
40.0,80.0,0.0,20.0,20.0,20.0,20.0,80.0,0.0
20.0,80.0,0.0,80.0,20.0,20.0,20.0,40.0,0.0
20.0,80.0,80.0,80.0,20.0,40.0,40.0,40.0,0.0
40.0,80.0,80.0,80.0,40.0,20.0,80.0,80.0,0.0
20.0,80.0,80.0,20.0,80.0,40.0,20.0,80.0,0.0
80.0,40.0,40.0,80.0,80.0,20.0,20.0,40.0,0.0
40.0,80.0,40.0,0.0,20.0,80.0,20.0,40.0,1.0
40.0,80.0,60.0,80.0,20.0,20.0,80.0,80.0,0.0
40.0,80.0,60.0,0.0,20.0,20.0,80.0,80.0,0.0
20.0,80.0,80.0,80.0,80.0,40.0,20.0,60.0,0.0
0.0,60.0,80.0,80.0,40.0,20.0,20.0,20.0,0.0
20.0,40.0,60.0,80.0,20.0,40.0,20.0,60.0,1.0
20.0,80.0,40.0,20.0,20.0,80.0,20.0,80.0,1.0
80.0,60.0,80.0,60.0,20.0,40.0,40.0,60.0,0.0
20.0,80.0,80.0,0.0,40.0,20.0,60.0,80.0,0.0
80.0,60.0,40.0,20.0,20.0,20.0,20.0,20.0,0.0
40.0,40.0,80.0,40.0,20.0,20.0,20.0,20.0,0.0
20.0,80.0,80.0,80.0,20.0,20.0,60.0,20.0,0.0
80.0,80.0,80.0,60.0,20.0,20.0,60.0,20.0,1.0
80.0,20.0,80.0,0.0,20.0,20.0,20.0,80.0,0.0
60.0,40.0,80.0,20.0,80.0,20.0,20.0,20.0,0.0
40.0,80.0,80.0,0.0,40.0,20.0,80.0,80.0,0.0
40.0,60.0,60.0,0.0,80.0,40.0,20.0,80.0,0.0
40.0,20.0,80.0,80.0,60.0,20.0,20.0,40.0,1.0
80.0,80.0,0.0,80.0,80.0,20.0,20.0,60.0,0.0
60.0,40.0,80.0,80.0,20.0,20.0,20.0,20.0,0.0
80.0,80.0,20.0,0.0,60.0,40.0,20.0,40.0,1.0
0.0,80.0,20.0,80.0,20.0,20.0,80.0,0.0,1.0
80.0,20.0,0.0,40.0,80.0,20.0,20.0,40.0,1.0
40.0,60.0,60.0,40.0,80.0,20.0,20.0,20.0,0.0
40.0,60.0,80.0,0.0,20.0,40.0,40.0,60.0,0.0
0.0,80.0,0.0,0.0,20.0,20.0,20.0,40.0,1.0
40.0,40.0,40.0,20.0,20.0,20.0,20.0,60.0,0.0
40.0,80.0,40.0,80.0,20.0,40.0,20.0,80.0,0.0
40.0,80.0,60.0,0.0,20.0,80.0,20.0,80.0,0.0
80.0,60.0,60.0,80.0,40.0,80.0,20.0,60.0,1.0
60.0,60.0,80.0,80.0,40.0,20.0,60.0,80.0,0.0
60.0,20.0,80.0,0.0,60.0,20.0,20.0,40.0,1.0
60.0,60.0,80.0,40.0,60.0,20.0,60.0,60.0,0.0
80.0,80.0,60.0,0.0,20.0,80.0,20.0,80.0,0.0
80.0,80.0,80.0,60.0,20.0,40.0,60.0,80.0,0.0
0.0,60.0,40.0,80.0,40.0,20.0,20.0,80.0,0.0
20.0,60.0,80.0,80.0,40.0,40.0,40.0,80.0,1.0
60.0,80.0,80.0,20.0,40.0,40.0,60.0,80.0,1.0
80.0,20.0,60.0,60.0,80.0,20.0,20.0,60.0,1.0
60.0,60.0,80.0,20.0,20.0,20.0,40.0,20.0,0.0
20.0,60.0,60.0,60.0,60.0,20.0,20.0,60.0,0.0
80.0,60.0,80.0,20.0,20.0,40.0,40.0,80.0,1.0
80.0,60.0,20.0,60.0,40.0,20.0,20.0,80.0,0.0
80.0,80.0,80.0,0.0,80.0,60.0,20.0,40.0,0.0
80.0,60.0,80.0,20.0,20.0,40.0,40.0,80.0,1.0
20.0,80.0,60.0,0.0,40.0,20.0,40.0,40.0,0.0
40.0,60.0,40.0,40.0,20.0,20.0,40.0,80.0,0.0
80.0,60.0,60.0,20.0,40.0,40.0,20.0,60.0,0.0
60.0,80.0,80.0,60.0,60.0,40.0,40.0,40.0,1.0
60.0,60.0,80.0,0.0,80.0,40.0,20.0,60.0,0.0
40.0,80.0,40.0,60.0,20.0,40.0,40.0,60.0,0.0
80.0,80.0,80.0,40.0,80.0,40.0,40.0,80.0,0.0
80.0,80.0,40.0,60.0,40.0,40.0,40.0,80.0,0.0
80.0,40.0,80.0,40.0,80.0,20.0,20.0,20.0,0.0
0.0,40.0,80.0,40.0,20.0,40.0,20.0,80.0,0.0
60.0,40.0,80.0,0.0,20.0,20.0,40.0,80.0,0.0
0.0,40.0,80.0,40.0,40.0,20.0,20.0,80.0,0.0
80.0,40.0,60.0,20.0,80.0,20.0,20.0,20.0,0.0
80.0,40.0,80.0,60.0,20.0,20.0,20.0,20.0,0.0
20.0,80.0,0.0,40.0,20.0,20.0,20.0,60.0,0.0
80.0,80.0,60.0,20.0,20.0,40.0,20.0,20.0,0.0
20.0,80.0,60.0,40.0,40.0,40.0,40.0,80.0,1.0
60.0,60.0,80.0,0.0,80.0,20.0,60.0,80.0,1.0
0.0,80.0,80.0,40.0,20.0,80.0,20.0,60.0,0.0
20.0,60.0,40.0,20.0,20.0,20.0,20.0,20.0,0.0
20.0,60.0,80.0,40.0,20.0,20.0,80.0,80.0,0.0
60.0,40.0,60.0,60.0,60.0,20.0,20.0,20.0,0.0
20.0,80.0,20.0,80.0,40.0,20.0,20.0,40.0,0.0
80.0,60.0,80.0,80.0,20.0,20.0,20.0,20.0,0.0
20.0,80.0,60.0,80.0,40.0,60.0,20.0,40.0,0.0
20.0,80.0,80.0,60.0,20.0,60.0,40.0,80.0,0.0
80.0,40.0,40.0,0.0,60.0,20.0,20.0,80.0,0.0
80.0,60.0,80.0,80.0,80.0,40.0,40.0,80.0,1.0
20.0,80.0,80.0,40.0,20.0,20.0,80.0,60.0,0.0
40.0,40.0,80.0,80.0,20.0,20.0,40.0,20.0,1.0
60.0,80.0,40.0,80.0,60.0,20.0,60.0,80.0,0.0
40.0,80.0,60.0,40.0,20.0,20.0,80.0,60.0,0.0
0.0,80.0,60.0,40.0,20.0,60.0,20.0,20.0,0.0
20.0,80.0,60.0,40.0,20.0,20.0,80.0,80.0,0.0
40.0,60.0,80.0,20.0,20.0,20.0,80.0,80.0,0.0
40.0,80.0,40.0,80.0,60.0,20.0,40.0,60.0,0.0
0.0,80.0,80.0,0.0,20.0,80.0,20.0,40.0,1.0
80.0,80.0,80.0,80.0,80.0,40.0,40.0,40.0,1.0
60.0,80.0,60.0,0.0,60.0,20.0,40.0,20.0,1.0
80.0,80.0,60.0,0.0,80.0,80.0,20.0,80.0,1.0
80.0,60.0,40.0,0.0,20.0,40.0,20.0,60.0,1.0
40.0,80.0,80.0,80.0,80.0,20.0,60.0,80.0,0.0
60.0,60.0,80.0,20.0,40.0,20.0,20.0,0.0,1.0
20.0,80.0,80.0,80.0,20.0,20.0,80.0,40.0,0.0
60.0,80.0,20.0,0.0,20.0,20.0,20.0,40.0,0.0
0.0,60.0,80.0,0.0,20.0,20.0,20.0,40.0,0.0
60.0,40.0,20.0,20.0,40.0,20.0,20.0,80.0,0.0
40.0,80.0,20.0,20.0,40.0,20.0,20.0,20.0,0.0
40.0,80.0,60.0,80.0,60.0,60.0,20.0,80.0,0.0
60.0,80.0,40.0,0.0,20.0,20.0,20.0,20.0,0.0
60.0,80.0,80.0,60.0,60.0,20.0,80.0,80.0,0.0
40.0,80.0,80.0,40.0,20.0,60.0,20.0,20.0,0.0
80.0,80.0,80.0,20.0,60.0,60.0,20.0,20.0,0.0
20.0,60.0,80.0,60.0,20.0,20.0,80.0,60.0,1.0
80.0,80.0,80.0,60.0,80.0,20.0,80.0,80.0,0.0
80.0,60.0,80.0,20.0,80.0,40.0,20.0,40.0,0.0
80.0,60.0,80.0,80.0,40.0,40.0,20.0,20.0,0.0
20.0,80.0,80.0,40.0,40.0,40.0,20.0,20.0,0.0
80.0,80.0,60.0,0.0,20.0,20.0,80.0,80.0,1.0
40.0,60.0,80.0,0.0,40.0,60.0,20.0,80.0,0.0
60.0,80.0,80.0,60.0,40.0,80.0,20.0,40.0,0.0
80.0,40.0,60.0,40.0,60.0,20.0,20.0,20.0,0.0
40.0,80.0,80.0,80.0,60.0,80.0,20.0,80.0,0.0
80.0,40.0,80.0,60.0,20.0,40.0,20.0,40.0,0.0
0.0,60.0,80.0,60.0,20.0,40.0,20.0,40.0,0.0
60.0,60.0,80.0,40.0,40.0,20.0,40.0,40.0,0.0
60.0,80.0,60.0,80.0,80.0,60.0,20.0,80.0,0.0
60.0,60.0,40.0,80.0,40.0,60.0,20.0,80.0,0.0
0.0,60.0,80.0,80.0,20.0,60.0,20.0,80.0,0.0
80.0,80.0,80.0,60.0,60.0,80.0,20.0,80.0,0.0
40.0,80.0,20.0,80.0,20.0,20.0,40.0,80.0,1.0
80.0,80.0,80.0,80.0,60.0,80.0,20.0,40.0,0.0
0.0,40.0,80.0,60.0,20.0,20.0,20.0,60.0,0.0
60.0,80.0,80.0,60.0,80.0,80.0,20.0,80.0,0.0
20.0,40.0,40.0,0.0,20.0,20.0,20.0,40.0,0.0
80.0,80.0,60.0,80.0,60.0,20.0,60.0,60.0,0.0
0.0,60.0,80.0,20.0,20.0,20.0,40.0,80.0,0.0
0.0,80.0,20.0,40.0,40.0,20.0,20.0,80.0,0.0
0.0,40.0,80.0,40.0,20.0,20.0,20.0,40.0,0.0
0.0,40.0,60.0,40.0,20.0,20.0,20.0,60.0,0.0
0.0,80.0,80.0,20.0,40.0,20.0,20.0,20.0,0.0
0.0,60.0,60.0,20.0,20.0,20.0,20.0,20.0,0.0
0.0,80.0,80.0,60.0,80.0,20.0,20.0,60.0,0.0
20.0,40.0,80.0,40.0,40.0,20.0,40.0,80.0,0.0
40.0,80.0,0.0,40.0,80.0,20.0,20.0,40.0,1.0
80.0,60.0,80.0,20.0,20.0,40.0,40.0,80.0,1.0
20.0,60.0,20.0,20.0,20.0,20.0,20.0,40.0,0.0
20.0,60.0,20.0,40.0,40.0,20.0,20.0,80.0,0.0
20.0,60.0,60.0,40.0,20.0,20.0,60.0,80.0,0.0
0.0,80.0,0.0,60.0,20.0,20.0,20.0,40.0,1.0
20.0,60.0,60.0,80.0,20.0,20.0,40.0,40.0,0.0
20.0,60.0,80.0,40.0,40.0,20.0,40.0,60.0,0.0
60.0,80.0,60.0,80.0,80.0,20.0,60.0,60.0,0.0
20.0,80.0,20.0,40.0,20.0,40.0,20.0,60.0,0.0
20.0,80.0,40.0,80.0,40.0,60.0,20.0,80.0,0.0
80.0,80.0,60.0,60.0,80.0,80.0,20.0,80.0,0.0
0.0,60.0,20.0,40.0,20.0,20.0,20.0,60.0,0.0
0.0,80.0,80.0,80.0,40.0,60.0,20.0,60.0,1.0
0.0,40.0,80.0,80.0,40.0,20.0,20.0,80.0,0.0
60.0,60.0,60.0,40.0,80.0,60.0,20.0,80.0,1.0
20.0,80.0,60.0,0.0,80.0,20.0,20.0,40.0,0.0
20.0,80.0,60.0,80.0,20.0,60.0,20.0,20.0,0.0
80.0,60.0,80.0,80.0,80.0,40.0,40.0,80.0,1.0
20.0,80.0,60.0,20.0,20.0,20.0,40.0,20.0,0.0
20.0,80.0,60.0,80.0,20.0,20.0,60.0,40.0,0.0
20.0,80.0,80.0,20.0,40.0,20.0,60.0,60.0,0.0
0.0,80.0,60.0,60.0,20.0,60.0,20.0,40.0,0.0
60.0,60.0,40.0,80.0,20.0,80.0,20.0,60.0,1.0
0.0,60.0,80.0,40.0,40.0,20.0,20.0,40.0,0.0
40.0,40.0,40.0,20.0,60.0,20.0,20.0,60.0,0.0
40.0,40.0,40.0,80.0,80.0,20.0,20.0,80.0,0.0
40.0,80.0,20.0,80.0,20.0,60.0,20.0,60.0,1.0
20.0,60.0,80.0,0.0,20.0,20.0,60.0,80.0,0.0
40.0,40.0,40.0,60.0,20.0,20.0,20.0,40.0,0.0
80.0,80.0,60.0,80.0,40.0,20.0,80.0,80.0,0.0
80.0,80.0,60.0,60.0,60.0,20.0,80.0,80.0,0.0
60.0,80.0,40.0,40.0,20.0,40.0,20.0,20.0,0.0
80.0,80.0,60.0,40.0,80.0,20.0,40.0,40.0,0.0
20.0,20.0,40.0,20.0,20.0,20.0,20.0,80.0,0.0
20.0,60.0,80.0,80.0,20.0,80.0,20.0,80.0,0.0
80.0,60.0,60.0,20.0,80.0,20.0,40.0,40.0,1.0
40.0,40.0,80.0,20.0,60.0,20.0,40.0,80.0,0.0
60.0,40.0,20.0,60.0,40.0,20.0,20.0,60.0,1.0
40.0,40.0,60.0,0.0,20.0,40.0,20.0,80.0,0.0
0.0,60.0,40.0,20.0,20.0,20.0,20.0,40.0,0.0
40.0,40.0,60.0,20.0,80.0,20.0,20.0,60.0,0.0
20.0,60.0,20.0,20.0,60.0,20.0,20.0,80.0,0.0
0.0,80.0,80.0,60.0,20.0,20.0,60.0,20.0,1.0
20.0,80.0,60.0,0.0,20.0,20.0,60.0,80.0,0.0
40.0,40.0,60.0,40.0,20.0,20.0,40.0,60.0,0.0
80.0,60.0,80.0,40.0,80.0,40.0,20.0,20.0,0.0
0.0,60.0,40.0,60.0,40.0,20.0,20.0,60.0,0.0
40.0,40.0,80.0,40.0,60.0,40.0,20.0,80.0,1.0
60.0,80.0,60.0,80.0,60.0,20.0,80.0,80.0,0.0
20.0,80.0,40.0,60.0,60.0,20.0,40.0,80.0,0.0
40.0,60.0,40.0,20.0,20.0,40.0,20.0,40.0,0.0
60.0,80.0,80.0,80.0,80.0,20.0,80.0,80.0,0.0
0.0,80.0,40.0,0.0,80.0,20.0,20.0,80.0,0.0
40.0,60.0,40.0,20.0,40.0,40.0,20.0,60.0,0.0
60.0,80.0,40.0,0.0,40.0,20.0,60.0,80.0,0.0
40.0,60.0,20.0,20.0,40.0,20.0,20.0,40.0,0.0
40.0,60.0,60.0,60.0,20.0,60.0,20.0,40.0,0.0
80.0,80.0,40.0,0.0,20.0,80.0,20.0,60.0,0.0
0.0,80.0,80.0,20.0,20.0,20.0,60.0,80.0,0.0
40.0,60.0,60.0,60.0,40.0,20.0,60.0,80.0,0.0
40.0,60.0,80.0,80.0,60.0,20.0,60.0,80.0,0.0
40.0,80.0,80.0,0.0,20.0,20.0,80.0,60.0,0.0
20.0,60.0,60.0,0.0,20.0,40.0,20.0,20.0,0.0
40.0,60.0,60.0,60.0,40.0,40.0,20.0,40.0,0.0
40.0,60.0,60.0,80.0,20.0,60.0,20.0,80.0,0.0
80.0,20.0,60.0,20.0,60.0,20.0,20.0,80.0,0.0
40.0,80.0,80.0,40.0,20.0,20.0,60.0,20.0,0.0
20.0,60.0,20.0,40.0,40.0,20.0,20.0,40.0,0.0
40.0,60.0,60.0,80.0,60.0,40.0,20.0,40.0,0.0
40.0,80.0,60.0,40.0,40.0,20.0,40.0,20.0,0.0
40.0,80.0,40.0,80.0,60.0,40.0,20.0,40.0,0.0
60.0,40.0,80.0,80.0,20.0,40.0,20.0,40.0,0.0
60.0,40.0,60.0,40.0,80.0,20.0,20.0,20.0,1.0
60.0,40.0,80.0,80.0,60.0,20.0,40.0,80.0,0.0
60.0,60.0,60.0,80.0,60.0,20.0,60.0,80.0,0.0
40.0,80.0,40.0,40.0,80.0,20.0,40.0,80.0,0.0
40.0,80.0,80.0,0.0,40.0,80.0,20.0,60.0,0.0
40.0,80.0,80.0,80.0,60.0,60.0,20.0,40.0,0.0
60.0,60.0,20.0,20.0,20.0,20.0,20.0,40.0,0.0
20.0,80.0,40.0,20.0,20.0,20.0,60.0,80.0,0.0
0.0,40.0,80.0,40.0,20.0,20.0,40.0,80.0,1.0
40.0,60.0,80.0,60.0,80.0,20.0,40.0,80.0,0.0
20.0,40.0,80.0,0.0,60.0,20.0,20.0,60.0,0.0
60.0,60.0,40.0,40.0,60.0,40.0,20.0,60.0,0.0
40.0,80.0,20.0,20.0,60.0,20.0,40.0,80.0,0.0
60.0,60.0,80.0,20.0,20.0,80.0,20.0,60.0,0.0
20.0,80.0,20.0,40.0,20.0,20.0,20.0,20.0,0.0
40.0,80.0,40.0,40.0,60.0,60.0,20.0,80.0,0.0
40.0,80.0,40.0,0.0,20.0,20.0,60.0,80.0,0.0
60.0,60.0,40.0,80.0,80.0,20.0,40.0,80.0,0.0
