0,0,0,0,10,10,10,0,1
90,70,40,90,30,10,20,40,0
95.54,5.54,95.54,5.54,15.54,15.54,85.54,85.54,1.0
0.02,0.02,0.02,90.02,90.02,10.02,90.02,0.02,1.0
84.3,4.3,14.3,4.3,94.3,14.3,94.3,4.3,1.0
0.04,90.04,0.04,0.04,10.04,90.04,10.04,0.04,1.0
96.92,6.92,6.92,6.92,16.92,16.92,96.92,6.92,1.0
8.82,8.82,8.82,98.82,18.82,18.82,98.82,8.82,1.0
0.06,80.06,0.06,0.06,10.06,10.06,10.06,0.06,1.0
95.1,5.1000000000000005,5.1000000000000005,5.1000000000000005,95.1,35.1,15.100000000000001,5.1000000000000005,1.0
70.08,0.08,0.08,0.08,90.08,10.08,10.08,0.08,1.0
96.1,6.1000000000000005,6.1000000000000005,6.1000000000000005,16.1,26.1,26.1,6.1000000000000005,1.0
70.1,0.1,0.1,0.1,10.1,10.1,10.1,0.1,1.0
7.48,87.48,87.48,97.48,17.48,17.48,17.48,7.48,0.0
58.06,8.06,98.06,98.06,18.060000000000002,18.060000000000002,68.06,8.06,1.0
20.12,50.12,10.12,90.12,10.12,10.12,90.12,0.12,1.0
59.4,9.4,99.4,99.4,19.4,19.4,19.4,9.4,1.0
20.14,20.14,30.14,60.14,10.14,10.14,10.14,0.14,1.0
44.54,94.54,94.54,94.54,14.54,14.54,14.54,74.54,0.0
94.72,94.72,64.72,14.719999999999999,14.719999999999999,14.719999999999999,14.719999999999999,94.72,0.0
0.16,80.16,20.16,20.16,10.16,10.16,10.16,60.16,0.0
95.3,95.3,65.3,85.3,15.3,15.3,95.3,95.3,0.0
80.18,0.18,90.18,60.18,10.18,10.18,10.18,90.18,1.0
5.86,95.86,95.86,5.86,15.86,15.86,35.86,95.86,0.0
40.2,70.2,90.2,10.2,10.2,10.2,10.2,20.2,0.0
6.44,96.44,96.44,76.44,16.44,16.44,86.44,96.44,0.0
36.68,96.68,16.68,86.68,16.68,16.68,46.68,96.68,1.0
50.22,20.22,80.22,40.22,10.22,10.22,10.22,90.22,0.0
97.24,97.24,97.24,67.24,67.24,17.240000000000002,17.240000000000002,97.24,0.0
70.24,90.24,90.24,10.24,10.24,10.24,90.24,90.24,1.0
97.82,37.82,97.82,97.82,17.82,17.82,37.82,97.82,0.0
0.26,90.26,70.26,40.26,10.26,10.26,70.26,30.26,0.0
38.24,98.24,38.24,58.24,18.240000000000002,18.240000000000002,48.24,98.24,0.0
8.58,98.58,88.58,48.58,58.58,18.58,18.58,48.58,0.0
50.28,50.28,80.28,90.28,10.28,10.28,80.28,50.28,0.0
99.06,99.06,99.06,99.06,29.060000000000002,19.060000000000002,59.06,39.06,0.0
70.3,90.3,90.3,90.3,90.3,10.3,10.3,30.3,0.0
9.620000000000001,99.62,99.62,99.62,79.62,19.62,19.62,99.62,0.0
59.96,99.96000000000001,99.96000000000001,99.96000000000001,69.96000000000001,19.96,79.96000000000001,99.96000000000001,0.0
50.32,90.32,90.32,0.32,90.32,10.32,10.32,90.32,0.0
64.4,94.4,94.4,34.4,34.4,14.4,74.4,64.4,0.0
0.34,90.34,90.34,90.34,70.34,10.34,80.34,0.34,1.0
94.62,94.62,94.62,24.62,54.62,14.620000000000001,14.620000000000001,34.62,0.0
0.36,30.36,60.36,60.36,10.36,10.36,10.36,30.36,0.0
64.86,44.86,94.86,74.86,14.86,14.86,14.86,4.86,1.0
64.96,84.96,34.96,34.96,64.96,14.96,14.96,64.96,0.0
0.38,90.38,70.38,60.38,10.38,60.38,10.38,90.38,0.0
5.2,45.2,95.2,75.2,35.2,15.2,35.2,95.2,0.0
0.4,40.4,70.4,10.4,50.4,10.4,10.4,70.4,0.0
15.440000000000001,95.44,95.44,25.44,85.44,15.440000000000001,75.44,95.44,1.0
60.42,50.42,20.42,0.42,10.42,10.42,10.42,90.42,0.0
55.68,55.68,55.68,95.68,55.68,15.68,15.68,95.68,0.0
65.78,95.78,95.78,45.78,15.780000000000001,65.78,15.780000000000001,95.78,0.0
90.44,90.44,0.44,60.44,10.44,10.44,10.44,90.44,0.0
26.0,96.0,76.0,96.0,56.0,16.0,66.0,36.0,0.0
20.46,90.46,30.46,90.46,10.46,10.46,10.46,50.46,0.0
96.2,96.2,36.2,96.2,96.2,16.2,16.2,96.2,0.0
16.34,96.34,96.34,36.34,76.34,16.34,66.34,96.34,0.0
0.48,80.48,90.48,90.48,90.48,10.48,10.48,0.48,0.0
6.58,96.58,36.58,56.58,76.58,16.58,16.58,96.58,0.0
80.5,90.5,90.5,70.5,10.5,20.5,10.5,0.5,1.0
96.78,96.78,56.78,96.78,16.78,46.78,16.78,96.78,0.0
50.52,40.52,90.52,50.52,60.52,10.52,10.52,40.52,0.0
57.0,97.0,87.0,97.0,67.0,67.0,17.0,97.0,0.0
7.1000000000000005,97.1,97.1,47.1,77.1,67.1,17.1,97.1,0.0
0.54,90.54,90.54,30.54,10.54,70.54,10.54,20.54,0.0
57.34,97.34,97.34,97.34,17.34,67.34,67.34,87.34,1.0
90.56,40.56,0.56,20.56,40.56,10.56,10.56,40.56,0.0
97.58,47.58,97.58,17.58,57.58,17.58,17.58,97.58,0.0
7.68,97.68,97.68,97.68,47.68,67.68,17.68,47.68,0.0
90.58,90.58,50.58,70.58,70.58,10.58,70.58,60.58,0.0
97.92,37.92,37.92,47.92,37.92,17.92,17.92,97.92,0.0
30.6,90.6,40.6,0.6,10.6,60.6,10.6,90.6,0.0
98.16,98.16,8.16,8.16,98.16,18.16,28.16,98.16,0.0
90.62,40.62,20.62,70.62,90.62,10.62,10.62,40.62,0.0
98.4,48.4,98.4,98.4,88.4,18.4,38.4,68.4,0.0
38.480000000000004,48.480000000000004,98.48,58.480000000000004,98.48,18.48,18.48,98.48,0.0
0.64,90.64,40.64,50.64,40.64,10.64,10.64,0.64,1.0
8.72,98.72,98.72,98.72,18.72,78.72,58.72,98.72,0.0
50.66,40.66,30.66,50.66,10.66,10.66,50.66,60.66,1.0
98.96000000000001,98.96000000000001,78.96000000000001,18.96,98.96000000000001,18.96,58.96,98.96000000000001,0.0
90.68,30.68,30.68,0.68,90.68,10.68,10.68,80.68,0.0
19.16,49.16,99.16,19.16,29.16,59.16,19.16,99.16,0.0
99.3,99.3,99.3,9.3,69.3,59.3,19.3,99.3,0.0
40.7,80.7,90.7,0.7000000000000001,90.7,10.7,10.7,20.7,0.0
99.48,99.48,19.48,29.48,39.480000000000004,19.48,59.480000000000004,99.48,1.0
90.72,70.72,30.72,0.72,90.72,10.72,10.72,10.72,0.0
79.72,99.72,99.72,99.72,99.72,19.72,79.72,39.72,0.0
99.86,99.86,29.86,99.86,99.86,19.86,19.86,19.86,0.0
40.74,80.74,40.74,60.74,60.74,10.74,10.74,0.74,1.0
44.24,94.24,94.24,4.24,54.24,64.24,14.24,54.24,0.0
40.76,40.76,40.76,0.76,50.76,10.76,10.76,20.76,0.0
34.34,54.34,94.34,94.34,14.34,84.34,14.34,94.34,0.0
90.78,50.78,60.78,60.78,90.78,50.78,10.78,90.78,0.0
74.44,94.44,94.44,54.44,94.44,64.44,14.440000000000001,54.44,0.0
54.480000000000004,94.48,44.480000000000004,14.48,94.48,64.48,14.48,94.48,0.0
50.8,80.8,30.8,60.8,40.8,70.8,10.8,90.8,0.0
94.58,54.58,94.58,54.58,64.58,14.58,84.58,94.58,0.0
50.82,10.82,90.82,0.8200000000000001,90.82,10.82,10.82,80.82,0.0
94.68,54.68,74.68,44.68,94.68,14.68,44.68,24.68,1.0
30.84,30.84,20.84,50.84,40.84,10.84,10.84,70.84,0.0
14.780000000000001,54.78,54.78,84.78,94.78,14.780000000000001,14.780000000000001,54.78,0.0
94.82,4.82,14.82,94.82,74.82,14.82,14.82,94.82,1.0
10.86,40.86,80.86,90.86,80.86,70.86,10.86,90.86,1.0
4.92,94.92,44.92,4.92,94.92,14.92,14.92,54.92,0.0
30.88,60.88,0.88,10.88,90.88,10.88,10.88,90.88,0.0
95.0,55.0,15.0,55.0,95.0,15.0,55.0,95.0,1.0
45.06,45.06,75.06,15.06,55.06,15.06,55.06,95.06,1.0
50.9,60.9,70.9,60.9,10.9,50.9,10.9,40.9,0.0
85.16,95.16,95.16,95.16,15.16,95.16,15.16,65.16,0.0
90.92,50.92,90.92,50.92,10.92,10.92,40.92,50.92,0.0
95.24,95.24,45.24,85.24,95.24,95.24,15.24,95.24,0.0
90.94,90.94,20.94,0.9400000000000001,40.94,60.94,10.94,80.94,0.0
95.34,45.34,75.34,95.34,55.34,95.34,15.34,95.34,1.0
45.4,95.4,45.4,95.4,65.4,45.4,15.4,45.4,0.0
90.96,80.96,0.96,50.96,90.96,60.96,10.96,70.96,1.0
55.480000000000004,55.480000000000004,5.48,75.48,95.48,25.48,15.48,95.48,0.0
80.98,40.98,80.98,0.98,10.98,60.98,10.98,90.98,0.0
95.58,95.58,95.58,5.58,15.58,95.58,15.58,55.58,0.0
45.62,25.62,95.62,95.62,15.620000000000001,15.620000000000001,15.620000000000001,55.62,0.0
1.0,91.0,51.0,91.0,61.0,91.0,11.0,91.0,0.0
35.72,95.72,45.72,95.72,95.72,25.72,55.72,85.72,1.0
1.02,41.02,41.02,91.02,11.02,31.02,11.02,91.02,0.0
95.82,85.82,55.82,45.82,45.82,65.82,15.82,45.82,0.0
1.04,71.04,91.04,91.04,11.04,11.04,91.04,1.04,1.0
95.92,35.92,95.92,15.92,95.92,15.92,15.92,35.92,0.0
55.96,35.96,65.96,95.96,95.96,15.96,15.96,5.96,1.0
91.06,91.06,71.06,1.06,91.06,61.06,11.06,21.06,0.0
66.06,96.06,96.06,36.06,96.06,16.060000000000002,56.06,46.06,0.0
21.08,41.08,61.08,1.08,11.08,61.08,11.08,41.08,0.0
6.16,96.16,96.16,6.16,16.16,96.16,46.16,96.16,0.0
1.1,71.1,41.1,21.1,61.1,71.1,11.1,61.1,1.0
96.24,66.24,96.24,56.24,56.24,96.24,16.240000000000002,86.24,0.0
56.3,76.3,86.3,6.3,16.3,86.3,16.3,6.3,1.0
1.12,81.12,41.12,31.12,51.12,61.12,11.120000000000001,51.12,1.0
46.4,56.4,66.4,16.4,46.4,16.4,46.4,96.4,0.0
91.14,61.14,51.14,1.1400000000000001,11.14,31.14,11.14,41.14,0.0
96.48,86.48,86.48,86.48,96.48,56.480000000000004,56.480000000000004,96.48,1.0
66.54,76.54,66.54,6.54,46.54,96.54,16.54,96.54,0.0
1.16,91.16,1.16,41.16,11.16,91.16,11.16,91.16,0.0
96.62,86.62,96.62,6.62,16.62,56.62,56.62,96.62,1.0
1.18,61.18,51.18,91.18,11.18,91.18,11.18,51.18,0.0
46.72,96.72,56.72,26.72,16.72,96.72,16.72,46.72,0.0
11.2,31.2,41.2,41.2,11.2,81.2,11.2,91.2,0.0
6.82,96.82,16.82,96.82,16.82,56.82,16.82,96.82,0.0
96.86,96.86,6.86,86.86,16.86,96.86,16.86,96.86,1.0
1.22,1.22,91.22,61.22,11.22,51.22,11.22,91.22,1.0
66.96,46.96,96.96,6.96,96.96,66.96,16.96,96.96,1.0
31.24,61.24,41.24,71.24,51.24,11.24,11.24,11.24,0.0
47.06,97.06,47.06,97.06,97.06,17.060000000000002,57.06,97.06,0.0
71.26,91.26,91.26,81.26,11.26,11.26,11.26,11.26,0.0
47.16,97.16,47.16,7.16,17.16,17.16,37.16,47.16,0.0
97.2,97.2,7.2,57.2,67.2,47.2,17.2,97.2,0.0
61.28,91.28,91.28,1.28,11.28,71.28,11.28,1.28,1.0
97.3,97.3,97.3,77.3,37.3,57.3,57.3,97.3,0.0
1.3,91.3,51.3,1.3,41.3,11.3,11.3,11.3,0.0
37.4,57.4,97.4,97.4,87.4,17.4,57.4,67.4,1.0
97.44,97.44,77.44,97.44,97.44,47.44,57.44,87.44,1.0
1.32,91.32,21.32,11.32,11.32,71.32,11.32,31.32,0.0
17.54,97.54,97.54,47.54,17.54,57.54,57.54,57.54,1.0
81.34,11.34,91.34,71.34,61.34,11.34,11.34,91.34,0.0
47.62,97.62,7.62,97.62,47.62,17.62,17.62,97.62,0.0
1.36,31.36,91.36,61.36,11.36,61.36,11.36,61.36,0.0
97.72,97.72,37.72,47.72,17.72,97.72,17.72,97.72,0.0
77.78,67.78,97.78,97.78,47.78,47.78,17.78,47.78,0.0
91.38,41.38,61.38,71.38,11.38,71.38,11.38,91.38,0.0
37.86,97.86,7.86,7.86,37.86,17.86,27.86,97.86,0.0
41.4,91.4,1.4000000000000001,71.4,91.4,11.4,11.4,41.4,0.0
37.96,97.96,47.96,97.96,17.96,97.96,37.96,87.96,1.0
8.0,98.0,58.0,8.0,58.0,48.0,38.0,98.0,1.0
91.42,11.42,61.42,1.42,31.42,11.42,11.42,71.42,0.0
8.1,98.1,58.1,98.1,48.1,38.1,48.1,88.1,1.0
1.44,71.44,51.44,91.44,11.44,11.44,61.44,71.44,0.0
18.2,48.2,98.2,28.2,18.2,18.2,48.2,58.2,0.0
1.46,11.46,91.46,1.46,11.46,11.46,11.46,21.46,0.0
48.3,48.3,98.3,28.3,18.3,98.3,18.3,58.3,0.0
58.34,58.34,98.34,58.34,18.34,38.34,58.34,98.34,0.0
31.48,1.48,81.48,1.48,11.48,91.48,11.48,91.48,1.0
8.44,58.44,98.44,8.44,98.44,38.44,18.439999999999998,68.44,0.0
1.5,1.5,91.5,1.5,11.5,11.5,31.5,91.5,1.0
48.54,98.54,98.54,8.540000000000001,98.54,98.54,18.54,88.54,0.0
11.52,51.52,91.52,91.52,71.52,61.52,11.52,91.52,0.0
98.62,98.62,88.62,98.62,98.62,48.620000000000005,48.620000000000005,88.62,0.0
98.68,58.68,8.68,98.68,48.68,18.68,28.68,98.68,1.0
1.54,51.54,91.54,31.54,51.54,11.54,11.54,1.54,1.0
8.78,98.78,48.78,28.78,48.78,98.78,18.78,98.78,1.0
91.56,61.56,61.56,1.56,71.56,11.56,51.56,61.56,0.0
98.86,98.86,58.86,18.86,88.86,98.86,18.86,68.86,0.0
98.92,98.92,8.92,38.92,98.92,18.92,28.92,38.92,0.0
1.58,41.58,41.58,41.58,11.58,91.58,11.58,11.58,1.0
99.0,89.0,69.0,49.0,99.0,19.0,29.0,9.0,0.0
81.6,51.6,81.6,1.6,91.6,61.6,11.6,71.6,0.0
29.1,99.1,99.1,59.1,19.1,49.1,49.1,59.1,0.0
91.62,51.62,51.62,41.62,51.62,11.620000000000001,11.620000000000001,11.620000000000001,0.0
49.2,99.2,59.2,99.2,19.200000000000003,99.2,29.200000000000003,99.2,0.0
49.24,99.24,99.24,59.24,49.24,99.24,19.240000000000002,49.24,0.0
1.6400000000000001,1.6400000000000001,91.64,1.6400000000000001,11.64,11.64,11.64,91.64,1.0
39.34,99.34,29.34,79.34,99.34,59.34,19.34,99.34,0.0
21.66,51.66,51.66,31.66,71.66,51.66,11.66,91.66,0.0
99.44,69.44,99.44,9.44,19.439999999999998,29.439999999999998,59.44,99.44,0.0
41.68,91.68,1.68,1.68,71.68,11.68,11.68,31.68,0.0
99.54,19.54,9.540000000000001,99.54,49.54,59.54,99.54,99.54,1.0
99.58,89.58,19.58,19.58,39.58,19.58,59.58,99.58,1.0
91.7,1.7,1.7,1.7,91.7,11.7,11.7,1.7,1.0
49.68,99.68,69.68,49.68,59.68,69.68,59.68,99.68,1.0
91.72,11.72,91.72,91.72,91.72,11.72,11.72,1.72,1.0
59.78,99.78,69.78,39.78,59.78,49.78,49.78,99.78,1.0
39.82,99.82,59.82,49.82,99.82,19.82,19.82,19.82,0.0
11.74,11.74,31.74,1.74,11.74,11.74,11.74,51.74,0.0
9.92,99.92,99.92,99.92,99.92,99.92,19.92,99.92,0.0
51.76,91.76,91.76,51.76,51.76,11.76,41.76,11.76,0.0
60.0,100.0,100.0,50.0,100.0,50.0,50.0,100.0,0.0
91.78,31.78,91.78,91.78,71.78,11.78,11.78,11.78,0.0
74.26,94.26,4.26,34.26,14.26,14.26,14.26,34.26,0.0
64.28,24.28,94.28,44.28,54.28,64.28,14.280000000000001,94.28,1.0
51.8,91.8,1.8,91.8,11.8,11.8,11.8,1.8,1.0
4.32,84.32,34.32,54.32,44.32,54.32,14.32,54.32,1.0
71.82,51.82,41.82,81.82,11.82,11.82,61.82,91.82,1.0
94.36,24.36,34.36,94.36,94.36,14.36,14.36,94.36,0.0
64.38,44.38,94.38,4.38,44.38,44.38,14.379999999999999,34.38,0.0
61.84,71.84,31.84,1.84,51.84,61.84,11.84,31.84,0.0
4.42,44.42,94.42,94.42,54.42,14.42,14.42,34.42,0.0
1.86,51.86,61.86,31.86,81.86,11.86,11.86,21.86,0.0
24.46,94.46,94.46,4.46,44.46,14.46,54.46,34.46,0.0
61.88,21.88,61.88,31.88,11.88,11.88,11.88,31.88,0.0
4.5,64.5,94.5,4.5,54.5,44.5,14.5,24.5,1.0
44.52,34.52,34.52,34.52,94.52,14.52,14.52,54.52,0.0
51.9,91.9,91.9,1.9000000000000001,11.9,51.9,51.9,81.9,0.0
4.5600000000000005,64.56,44.56,64.56,44.56,44.56,14.56,54.56,1.0
81.92,91.92,91.92,1.92,11.92,11.92,51.92,21.92,0.0
94.6,94.6,4.6000000000000005,4.6000000000000005,14.600000000000001,14.600000000000001,34.6,84.6,0.0
51.94,91.94,41.94,1.94,91.94,11.94,51.94,91.94,0.0
94.64,64.64,4.64,4.64,84.64,44.64,14.64,54.64,1.0
84.66,94.66,54.66,54.66,14.66,24.66,44.66,64.66,0.0
41.96,61.96,91.96,71.96,71.96,11.96,61.96,71.96,0.0
54.7,94.7,94.7,74.7,14.7,14.7,84.7,14.7,1.0
1.98,41.98,1.98,61.98,91.98,11.98,11.98,71.98,1.0
34.74,94.74,94.74,94.74,94.74,44.74,34.74,54.74,1.0
4.76,94.76,64.76,4.76,54.76,44.76,24.759999999999998,84.76,1.0
82.0,82.0,92.0,2.0,82.0,12.0,52.0,2.0,1.0
64.8,44.8,94.8,14.8,94.8,14.8,54.8,94.8,0.0
32.02,12.02,92.02,2.02,72.02,12.02,12.02,22.02,1.0
14.84,64.84,24.84,54.84,14.84,54.84,14.84,54.84,0.0
22.04,12.04,62.04,72.04,72.04,12.04,12.04,92.04,0.0
84.88,64.88,34.88,44.88,94.88,14.879999999999999,44.88,94.88,0.0
54.9,34.9,94.9,64.9,44.9,54.9,14.9,84.9,0.0
72.06,82.06,42.06,82.06,12.06,92.06,12.06,42.06,0.0
94.94,74.94,24.94,84.94,44.94,14.940000000000001,44.94,94.94,0.0
82.08,92.08,82.08,2.08,32.08,62.08,12.08,12.08,0.0
24.98,84.98,84.98,84.98,14.98,94.98,14.98,14.98,1.0
42.1,12.1,42.1,2.1,52.1,12.1,12.1,92.1,0.0
35.02,65.02,55.02,55.02,35.02,15.02,45.02,55.02,0.0
95.04,95.04,35.04,15.04,45.04,15.04,45.04,35.04,0.0
12.120000000000001,92.12,92.12,2.12,12.120000000000001,12.120000000000001,92.12,72.12,0.0
5.08,65.08,85.08,55.08,45.08,95.08,15.08,75.08,1.0
52.14,92.14,2.14,32.14,12.14,82.14,12.14,62.14,0.0
95.12,95.12,35.12,5.12,25.12,95.12,15.120000000000001,35.12,0.0
95.14,55.14,95.14,45.14,65.14,15.14,55.14,35.14,0.0
2.16,92.16,52.16,2.16,52.16,32.16,22.16,92.16,0.0
65.18,95.18,5.18,95.18,15.18,95.18,15.18,95.18,0.0
2.18,72.18,2.18,72.18,32.18,12.18,12.18,92.18,0.0
95.22,95.22,95.22,5.22,65.22,45.22,55.22,55.22,1.0
2.2,92.2,42.2,2.2,12.2,12.2,62.2,82.2,0.0
25.259999999999998,95.26,65.26,95.26,45.26,35.26,45.26,85.26,0.0
95.28,95.28,95.28,95.28,75.28,95.28,15.280000000000001,45.28,0.0
2.22,52.22,52.22,32.22,12.22,22.22,32.22,92.22,0.0
95.32,75.32,35.32,95.32,65.32,55.32,15.32,65.32,0.0
42.24,72.24,92.24,92.24,12.24,92.24,12.24,32.24,0.0
95.36,85.36,55.36,35.36,55.36,45.36,35.36,95.36,0.0
35.38,95.38,95.38,95.38,95.38,45.38,25.38,55.38,0.0
92.26,42.26,32.26,2.2600000000000002,12.26,82.26,12.26,62.26,0.0
55.42,95.42,95.42,95.42,15.42,35.42,85.42,75.42,0.0
92.28,52.28,22.28,52.28,12.280000000000001,52.28,12.280000000000001,42.28,0.0
95.46,85.46,65.46,95.46,65.46,15.46,45.46,15.46,0.0
82.3,62.3,92.3,22.3,62.3,92.3,12.3,32.3,0.0
95.5,75.5,95.5,55.5,15.5,95.5,15.5,25.5,0.0
95.52,95.52,55.52,45.52,15.52,25.52,15.52,15.52,0.0
92.32,2.32,62.32,52.32,92.32,12.32,12.32,52.32,1.0
5.5600000000000005,15.56,55.56,15.56,95.56,15.56,15.56,95.56,1.0
2.34,42.34,92.34,82.34,12.34,12.34,52.34,42.34,0.0
15.600000000000001,95.6,5.6000000000000005,85.6,15.600000000000001,95.6,15.600000000000001,55.6,0.0
92.36,92.36,2.36,52.36,52.36,92.36,12.36,62.36,1.0
5.64,85.64,55.64,25.64,35.64,95.64,15.64,95.64,0.0
55.66,55.66,95.66,95.66,45.66,15.66,55.66,15.66,0.0
92.38,32.38,92.38,42.38,22.38,62.38,12.379999999999999,52.38,0.0
95.7,55.7,95.7,95.7,35.7,15.7,85.7,65.7,0.0
32.4,52.4,2.4,2.4,12.4,92.4,12.4,92.4,1.0
25.740000000000002,95.74,45.74,35.74,55.74,55.74,15.74,55.74,0.0
5.76,85.76,95.76,85.76,15.76,15.76,95.76,35.76,0.0
12.42,12.42,92.42,2.42,12.42,12.42,32.42,92.42,0.0
95.8,95.8,95.8,65.8,55.8,45.8,15.8,5.8,1.0
2.44,92.44,22.44,42.44,62.44,12.44,12.44,32.44,0.0
95.84,95.84,5.84,85.84,15.84,55.84,15.84,65.84,0.0
92.46,92.46,2.46,72.46,52.46,12.46,12.46,12.46,0.0
5.88,75.88,5.88,95.88,95.88,15.879999999999999,15.879999999999999,85.88,0.0
5.9,95.9,15.9,15.9,95.9,45.9,15.9,95.9,1.0
72.48,42.48,42.48,12.48,52.48,52.48,12.48,82.48,0.0
25.94,95.94,55.94,45.94,15.940000000000001,15.940000000000001,15.940000000000001,15.940000000000001,0.0
2.5,52.5,52.5,2.5,12.5,12.5,42.5,32.5,0.0
55.980000000000004,55.980000000000004,5.98,95.98,55.980000000000004,15.98,15.98,55.980000000000004,0.0
32.52,52.52,12.52,32.52,12.52,12.52,12.52,22.52,0.0
46.02,36.02,96.02,96.02,96.02,16.02,16.02,36.02,0.0
96.04,36.04,96.04,6.04,56.04,96.04,16.04,96.04,1.0
92.54,22.54,62.54,82.54,12.54,12.54,12.54,62.54,0.0
36.08,36.08,36.08,96.08,16.08,16.08,16.08,46.08,0.0
62.56,92.56,52.56,2.56,42.56,12.56,12.56,2.56,0.0
46.12,96.12,66.12,56.12,86.12,96.12,16.12,96.12,0.0
66.14,66.14,46.14,96.14,96.14,16.14,36.14,46.14,0.0
82.58,32.58,92.58,92.58,12.58,92.58,12.58,52.58,0.0
96.18,56.18,96.18,26.18,16.18,16.18,16.18,6.18,1.0
2.6,62.6,92.6,52.6,12.6,52.6,62.6,92.6,1.0
26.22,56.22,26.22,96.22,16.22,96.22,16.22,96.22,0.0
42.62,22.62,52.62,92.62,12.620000000000001,72.62,12.620000000000001,62.62,0.0
86.26,56.26,96.26,96.26,96.26,76.26,16.259999999999998,96.26,0.0
16.28,56.28,96.28,46.28,56.28,56.28,16.28,46.28,1.0
52.64,92.64,42.64,92.64,12.64,12.64,62.64,42.64,0.0
46.32,56.32,76.32,36.32,96.32,46.32,16.32,46.32,1.0
42.66,2.66,82.66,62.66,12.66,92.66,12.66,92.66,1.0
76.36,96.36,36.36,56.36,96.36,56.36,16.36,56.36,0.0
96.38,56.38,96.38,96.38,16.38,86.38,46.38,96.38,1.0
62.68,52.68,52.68,82.68,12.68,12.68,52.68,92.68,0.0
66.42,26.42,96.42,6.42,16.42,16.42,56.42,86.42,0.0
2.7,92.7,72.7,2.7,12.7,52.7,42.7,52.7,0.0
6.46,26.46,96.46,96.46,96.46,16.46,26.46,76.46,1.0
92.72,92.72,2.72,12.72,52.72,42.72,12.72,2.72,1.0
96.5,76.5,56.5,96.5,36.5,96.5,16.5,96.5,0.0
96.52,96.52,96.52,26.52,16.52,46.52,46.52,56.52,0.0
52.74,42.74,42.74,42.74,12.74,92.74,12.74,52.74,0.0
76.56,96.56,6.5600000000000005,86.56,86.56,16.560000000000002,46.56,66.56,0.0
62.76,22.76,52.76,92.76,62.76,12.76,12.76,42.76,0.0
96.6,16.6,56.6,46.6,66.6,16.6,16.6,56.6,0.0
92.78,72.78,22.78,2.7800000000000002,92.78,52.78,12.780000000000001,62.78,0.0
96.64,26.64,86.64,56.64,96.64,16.64,46.64,96.64,1.0
96.66,96.66,76.66,86.66,16.66,56.66,16.66,26.66,0.0
62.8,92.8,22.8,82.8,12.8,42.8,12.8,22.8,0.0
66.7,16.7,56.7,46.7,96.7,16.7,16.7,96.7,0.0
2.82,92.82,32.82,92.82,62.82,12.82,32.82,52.82,0.0
6.74,26.740000000000002,96.74,26.740000000000002,76.74,16.740000000000002,36.74,96.74,1.0
6.76,66.76,96.76,46.76,36.76,16.759999999999998,16.759999999999998,6.76,0.0
2.84,32.84,12.84,92.84,62.84,12.84,12.84,42.84,1.0
56.8,96.8,36.8,66.8,56.8,16.8,46.8,26.8,1.0
12.86,52.86,52.86,2.86,92.86,12.86,32.86,92.86,1.0
6.84,46.84,96.84,96.84,16.84,56.84,16.84,16.84,1.0
92.88,42.88,12.879999999999999,92.88,12.879999999999999,12.879999999999999,12.879999999999999,82.88,0.0
6.88,76.88,96.88,56.88,16.88,96.88,26.88,56.88,0.0
46.9,96.9,96.9,6.9,66.9,46.9,46.9,96.9,0.0
2.9,62.9,92.9,2.9,42.9,42.9,12.9,32.9,0.0
46.94,66.94,6.94,96.94,16.94,56.94,16.94,66.94,1.0
2.92,52.92,12.92,2.92,12.92,92.92,12.92,72.92,1.0
6.98,56.980000000000004,56.980000000000004,96.98,46.980000000000004,46.980000000000004,16.98,56.980000000000004,1.0
2.94,2.94,82.94,92.94,12.94,12.94,12.94,82.94,1.0
97.02,97.02,97.02,67.02,97.02,17.02,97.02,87.02,0.0
97.04,27.04,97.04,37.04,17.04,97.04,17.04,97.04,1.0
22.96,62.96,62.96,32.96,92.96,12.96,42.96,82.96,0.0
97.08,57.08,77.08,97.08,57.08,47.08,37.08,97.08,0.0
52.98,52.98,92.98,42.98,92.98,72.98,12.98,92.98,0.0
37.12,77.12,97.12,47.12,47.12,97.12,27.12,97.12,0.0
47.14,97.14,7.140000000000001,47.14,97.14,17.14,37.14,97.14,0.0
23.0,63.0,93.0,53.0,63.0,63.0,13.0,53.0,0.0
37.18,57.18,97.18,97.18,17.18,47.18,47.18,67.18,1.0
23.02,43.02,63.02,63.02,13.02,93.02,13.02,13.02,1.0
97.22,67.22,97.22,47.22,97.22,37.22,47.22,77.22,0.0
3.04,23.04,93.04,43.04,93.04,13.04,13.04,63.04,0.0
97.26,67.26,97.26,17.259999999999998,17.259999999999998,97.26,37.26,97.26,1.0
7.28,97.28,67.28,37.28,17.28,47.28,57.28,97.28,0.0
63.06,63.06,63.06,33.06,83.06,43.06,13.06,33.06,0.0
97.32,97.32,97.32,67.32,67.32,47.32,17.32,17.32,0.0
63.08,93.08,53.08,3.08,93.08,13.08,43.08,33.08,0.0
7.36,27.36,97.36,97.36,97.36,17.36,17.36,77.36,1.0
47.38,97.38,37.38,97.38,17.38,57.38,27.38,67.38,0.0
63.1,93.1,53.1,13.1,13.1,13.1,63.1,93.1,1.0
97.42,47.42,97.42,97.42,17.42,17.42,27.42,27.42,0.0
23.12,23.12,93.12,3.12,73.12,13.120000000000001,13.120000000000001,33.12,0.0
67.46,97.46,87.46,77.46,57.46,37.46,57.46,57.46,0.0
3.14,73.14,83.14,3.14,33.14,93.14,13.14,53.14,1.0
87.5,97.5,97.5,67.5,97.5,97.5,27.5,97.5,0.0
37.52,97.52,7.5200000000000005,57.52,37.52,27.52,17.52,57.52,0.0
43.16,93.16,23.16,3.16,53.16,93.16,13.16,73.16,0.0
97.56,17.560000000000002,97.56,47.56,17.560000000000002,27.560000000000002,17.560000000000002,97.56,0.0
63.18,53.18,53.18,63.18,13.18,13.18,43.18,13.18,1.0
97.6,67.6,97.6,17.6,97.6,97.6,17.6,97.6,0.0
93.2,53.2,73.2,3.2,13.2,93.2,13.2,23.2,0.0
77.64,57.64,7.640000000000001,7.640000000000001,57.64,17.64,27.64,97.64,0.0
77.66,97.66,27.66,37.66,67.66,97.66,17.66,97.66,1.0
3.22,93.22,63.22,73.22,13.22,53.22,23.22,33.22,0.0
97.7,97.7,97.7,17.7,67.7,67.7,37.7,47.7,1.0
93.24,83.24,3.24,3.24,43.24,13.24,13.24,3.24,1.0
37.74,17.740000000000002,97.74,37.74,57.74,17.740000000000002,27.740000000000002,97.74,1.0
97.76,37.76,97.76,97.76,37.76,87.76,17.759999999999998,97.76,0.0
33.26,63.26,83.26,43.26,13.26,13.26,93.26,83.26,0.0
97.8,67.8,57.8,97.8,97.8,17.8,57.8,97.8,0.0
73.28,23.28,3.2800000000000002,43.28,73.28,13.280000000000001,13.280000000000001,83.28,0.0
17.84,97.84,97.84,7.84,97.84,17.84,47.84,57.84,1.0
93.3,53.3,93.3,13.3,13.3,13.3,13.3,13.3,0.0
77.88,57.88,97.88,27.88,47.88,57.88,37.88,77.88,1.0
67.9,87.9,97.9,97.9,47.9,17.9,97.9,27.9,0.0
53.32,43.32,33.32,43.32,13.32,43.32,13.32,93.32,0.0
57.94,97.94,57.94,47.94,67.94,17.94,67.94,97.94,0.0
13.34,43.34,93.34,93.34,13.34,13.34,83.34,93.34,0.0
97.98,97.98,97.98,57.980000000000004,67.98,17.98,87.98,37.980000000000004,0.0
13.36,13.36,93.36,53.36,33.36,13.36,13.36,63.36,0.0
98.02,8.02,8.02,18.02,98.02,18.02,48.019999999999996,8.02,1.0
18.04,98.04,18.04,98.04,18.04,68.04,98.04,98.04,1.0
93.38,13.379999999999999,3.38,23.38,93.38,13.379999999999999,13.379999999999999,3.38,1.0
98.08,98.08,8.08,28.08,78.08,98.08,18.08,98.08,1.0
53.4,23.4,93.4,3.4,43.4,33.4,13.4,93.4,0.0
38.120000000000005,98.12,98.12,98.12,98.12,18.12,48.120000000000005,8.120000000000001,1.0
98.14,8.14,98.14,28.14,98.14,18.14,18.14,88.14,1.0
3.42,93.42,3.42,53.42,13.42,13.42,13.42,3.42,1.0
98.18,58.18,68.18,88.18,98.18,58.18,18.18,28.18,1.0
43.44,73.44,93.44,3.44,13.44,93.44,13.44,13.44,1.0
98.22,98.22,98.22,8.22,18.22,78.22,48.22,98.22,1.0
3.46,63.46,93.46,3.46,13.46,93.46,13.46,63.46,0.0
98.26,78.26,78.26,98.26,98.26,48.26,18.259999999999998,48.26,0.0
98.28,98.28,68.28,8.28,18.28,68.28,28.28,98.28,0.0
83.48,93.48,63.48,3.48,43.48,13.48,63.48,93.48,0.0
18.32,58.32,68.32,98.32,38.32,48.32,18.32,58.32,0.0
43.5,43.5,93.5,53.5,13.5,13.5,43.5,13.5,1.0
28.36,68.36,98.36,48.36,98.36,18.36,28.36,38.36,0.0
98.38,98.38,98.38,8.38,68.38,38.38,58.38,58.38,0.0
53.52,53.52,73.52,93.52,93.52,43.52,13.52,73.52,0.0
78.42,48.42,68.42,78.42,48.42,18.42,48.42,58.42,0.0
23.54,63.54,23.54,3.54,53.54,23.54,13.54,63.54,0.0
8.46,58.46,98.46000000000001,8.46,38.46,18.46,68.46000000000001,98.46000000000001,1.0
63.56,73.56,33.56,53.56,73.56,13.56,43.56,23.56,0.0
28.5,98.5,78.5,28.5,98.5,48.5,18.5,58.5,0.0
8.52,98.52,18.52,38.519999999999996,38.519999999999996,48.519999999999996,18.52,98.52,0.0
93.58,33.58,53.58,83.58,43.58,53.58,13.58,43.58,1.0
8.56,38.56,98.56,98.56,98.56,18.560000000000002,18.560000000000002,78.56,1.0
3.6,83.6,63.6,73.6,93.6,53.6,13.6,73.6,1.0
68.6,68.6,98.6,38.6,48.6,48.6,38.6,68.6,0.0
93.62,83.62,93.62,3.62,93.62,13.620000000000001,13.620000000000001,3.62,0.0
98.64,58.64,68.64,28.64,18.64,98.64,18.64,78.64,1.0
48.66,98.66,98.66,38.66,18.66,48.66,18.66,18.66,0.0
93.64,93.64,3.64,33.64,63.64,13.64,53.64,73.64,0.0
58.7,68.7,78.7,98.7,18.700000000000003,48.7,38.7,78.7,0.0
3.66,53.66,43.66,83.66,63.66,33.66,13.66,93.66,0.0
38.74,98.74,98.74,98.74,58.74,28.740000000000002,18.740000000000002,8.74,0.0
68.76,98.76,38.76,98.76,58.76,48.76,38.76,98.76,1.0
3.68,93.68,93.68,33.68,83.68,13.68,13.68,3.68,0.0
98.8,18.8,78.8,8.8,98.8,18.8,18.8,98.8,0.0
53.7,53.7,73.7,63.7,93.7,13.7,13.7,3.7,0.0
98.84,98.84,98.84,48.84,38.84,18.84,98.84,98.84,0.0
3.72,63.72,93.72,3.72,63.72,13.72,43.72,93.72,0.0
48.88,98.88,98.88,98.88,18.880000000000003,28.880000000000003,48.88,28.880000000000003,0.0
58.9,98.9,98.9,8.9,18.9,98.9,38.9,98.9,0.0
53.74,13.74,43.74,83.74,23.740000000000002,13.74,13.74,93.74,0.0
58.94,38.94,98.94,98.94,68.94,18.939999999999998,38.94,98.94,0.0
93.76,93.76,3.7600000000000002,53.76,13.76,83.76,13.76,23.76,0.0
78.98,98.98,58.980000000000004,98.98,58.980000000000004,38.980000000000004,58.980000000000004,98.98,0.0
63.78,63.78,3.7800000000000002,3.7800000000000002,13.780000000000001,93.78,13.780000000000001,23.78,1.0
79.02,29.02,99.02,59.019999999999996,99.02,29.02,19.02,59.019999999999996,1.0
9.040000000000001,49.04,99.04,99.04,99.04,19.04,19.04,79.04,0.0
33.8,93.8,53.8,93.8,13.8,13.8,93.8,93.8,0.0
9.08,39.08,89.08,49.08,19.08,99.08,19.08,99.08,1.0
43.82,53.82,93.82,13.82,63.82,13.82,43.82,53.82,0.0
99.12,39.120000000000005,99.12,59.120000000000005,69.12,39.120000000000005,19.12,59.120000000000005,0.0
79.14,99.14,99.14,9.14,99.14,99.14,19.14,39.14,1.0
93.84,13.84,3.84,13.84,23.84,13.84,13.84,93.84,1.0
99.18,99.18,89.18,99.18,59.18,29.18,99.18,69.18,0.0
3.86,93.86,53.86,93.86,93.86,43.86,13.86,73.86,0.0
39.22,79.22,99.22,69.22,59.22,49.22,49.22,99.22,1.0
93.88,53.88,33.88,43.88,33.88,13.879999999999999,43.88,53.88,0.0
49.26,49.26,59.26,59.26,19.259999999999998,99.26,19.259999999999998,99.26,1.0
99.28,49.28,59.28,99.28,19.28,59.28,19.28,49.28,1.0
53.9,93.9,3.9,3.9,73.9,43.9,13.9,73.9,0.0
9.32,99.32,39.32,69.32,19.32,99.32,29.32,99.32,1.0
63.92,63.92,63.92,23.92,33.92,13.92,43.92,23.92,0.0
99.36,99.36,59.36,9.36,99.36,39.36,39.36,59.36,0.0
9.38,99.38,19.380000000000003,9.38,99.38,29.380000000000003,19.380000000000003,99.38,1.0
93.94,93.94,3.94,23.94,53.94,43.94,13.94,33.94,0.0
99.42,49.42,99.42,9.42,49.42,79.42,19.42,79.42,0.0
13.96,33.96,43.96,3.96,93.96,13.96,13.96,93.96,0.0
19.46,99.46000000000001,59.46,99.46000000000001,99.46000000000001,19.46,19.46,29.46,0.0
63.98,43.98,63.98,73.98,13.98,13.98,33.98,23.98,0.0
79.5,99.5,99.5,19.5,59.5,99.5,29.5,69.5,0.0
29.52,99.52,59.519999999999996,59.519999999999996,79.52,19.52,49.519999999999996,59.519999999999996,0.0
4.0,94.0,94.0,4.0,14.0,34.0,34.0,4.0,1.0
99.56,49.56,69.56,49.56,19.560000000000002,19.560000000000002,59.56,99.56,1.0
64.02,64.02,4.0200000000000005,4.0200000000000005,14.02,44.02,14.02,54.02,1.0
89.6,99.6,49.6,59.6,99.6,49.6,39.6,99.6,1.0
94.04,14.04,94.04,54.04,34.04,14.04,14.04,34.04,0.0
99.64,89.64,39.64,39.64,99.64,69.64,19.64,99.64,0.0
99.66,99.66,99.66,99.66,99.66,29.66,39.66,9.66,1.0
34.06,94.06,14.06,54.06,14.06,84.06,14.06,14.06,1.0
9.700000000000001,79.7,99.7,99.7,49.7,99.7,19.700000000000003,99.7,0.0
64.08,44.08,44.08,64.08,54.08,44.08,14.08,64.08,0.0
99.74,79.74,49.74,99.74,29.740000000000002,19.740000000000002,69.74,59.74,1.0
29.759999999999998,19.759999999999998,89.76,99.76,19.759999999999998,39.76,19.759999999999998,99.76,0.0
44.1,4.1,94.1,4.1,14.1,14.1,14.1,54.1,1.0
99.8,49.8,39.8,29.8,99.8,19.8,29.8,49.8,0.0
64.12,64.12,84.12,94.12,54.12,94.12,14.120000000000001,64.12,0.0
99.84,59.84,59.84,99.84,19.84,49.84,19.84,59.84,0.0
34.14,84.14,64.14,4.14,14.14,54.14,14.14,14.14,0.0
79.88,59.88,99.88,49.88,39.88,39.88,19.880000000000003,19.880000000000003,0.0
99.9,99.9,89.9,59.9,19.9,99.9,29.9,99.9,0.0
54.16,64.16,14.16,54.16,44.16,14.16,34.16,94.16,0.0
99.94,99.94,49.94,99.94,29.939999999999998,19.939999999999998,59.94,59.94,0.0
34.18,94.18,4.18,4.18,24.18,34.18,14.18,34.18,0.0
39.980000000000004,79.98,99.98,89.98,99.98,29.98,49.980000000000004,99.98,0.0
