0,0,0,0,10,10,10,0,1
90,70,40,90,30,10,20,40,0
5.54,5.54,95.54,15.54,95.54,95.54,95.54,15.54,1.0
0.02,0.02,90.02,10.02,40.02,90.02,90.02,0.02,1.0
4.3,84.3,94.3,24.3,94.3,94.3,94.3,4.3,1.0
0.04,0.04,80.04,20.04,10.04,90.04,90.04,0.04,1.0
6.92,6.92,96.92,96.92,96.92,96.92,86.92,6.92,1.0
8.82,88.82,98.82,88.82,88.82,98.82,98.82,98.82,1.0
0.06,20.06,90.06,40.06,10.06,90.06,90.06,0.06,1.0
5.1000000000000005,15.100000000000001,95.1,65.1,15.100000000000001,95.1,95.1,5.1000000000000005,1.0
0.08,0.08,90.08,70.08,10.08,80.08,90.08,0.08,1.0
6.1000000000000005,66.1,96.1,96.1,16.1,76.1,96.1,6.1000000000000005,1.0
0.1,10.1,90.1,90.1,10.1,90.1,10.1,0.1,1.0
17.48,7.48,97.48,97.48,17.48,17.48,87.48,7.48,1.0
98.06,8.06,98.06,98.06,18.060000000000002,48.06,98.06,8.06,1.0
0.12,0.12,90.12,90.12,10.12,50.12,10.12,0.12,1.0
19.4,99.4,99.4,99.4,19.4,19.4,99.4,9.4,1.0
0.14,0.14,90.14,80.14,10.14,10.14,10.14,0.14,1.0
4.54,24.54,94.54,94.54,14.54,14.54,34.54,4.54,1.0
4.72,44.72,94.72,94.72,14.719999999999999,24.72,14.719999999999999,4.72,1.0
90.16,0.16,20.16,0.16,10.16,10.16,70.16,70.16,1.0
75.3,5.3,95.3,95.3,15.3,15.3,55.3,5.3,1.0
40.18,40.18,20.18,50.18,10.18,20.18,20.18,20.18,1.0
75.86,65.86,65.86,95.86,15.86,15.86,25.86,45.86,0.0
50.2,30.2,30.2,50.2,10.2,10.2,10.2,20.2,0.0
96.44,96.44,96.44,96.44,16.44,16.44,36.44,96.44,0.0
96.68,36.68,66.68,46.68,16.68,16.68,16.68,76.68,0.0
90.22,10.22,90.22,80.22,10.22,10.22,10.22,0.22,1.0
57.24,97.24,27.240000000000002,67.24,17.240000000000002,17.240000000000002,17.240000000000002,97.24,0.0
90.24,80.24,20.24,90.24,10.24,90.24,10.24,70.24,0.0
97.82,97.82,67.82,47.82,77.82,17.82,17.82,87.82,0.0
90.26,70.26,0.26,0.26,50.26,10.26,10.26,60.26,0.0
98.24,98.24,98.24,88.24,58.24,98.24,18.240000000000002,88.24,0.0
98.58,28.58,68.58,8.58,88.58,18.58,18.58,28.58,0.0
90.28,80.28,40.28,10.28,80.28,90.28,10.28,50.28,0.0
99.06,99.06,9.06,89.06,99.06,79.06,19.060000000000002,99.06,1.0
90.3,90.3,90.3,70.3,90.3,60.3,10.3,20.3,0.0
99.62,99.62,9.620000000000001,69.62,89.62,79.62,19.62,99.62,1.0
99.96000000000001,99.96000000000001,99.96000000000001,9.96,99.96000000000001,79.96000000000001,29.96,99.96000000000001,1.0
50.32,80.32,60.32,30.32,60.32,10.32,10.32,30.32,0.0
94.4,54.4,24.4,34.4,14.4,74.4,14.4,24.4,1.0
90.34,90.34,0.34,60.34,70.34,50.34,10.34,70.34,0.0
94.62,34.62,24.62,44.62,54.62,54.62,14.620000000000001,24.62,1.0
10.36,90.36,70.36,70.36,10.36,10.36,10.36,50.36,0.0
34.86,94.86,84.86,94.86,14.86,64.86,14.86,94.86,0.0
44.96,94.96,94.96,94.96,74.96,14.96,14.96,64.96,0.0
40.38,90.38,50.38,30.38,60.38,60.38,10.38,90.38,0.0
45.2,95.2,55.2,95.2,35.2,75.2,15.2,25.2,0.0
60.4,60.4,90.4,0.4,90.4,10.4,10.4,80.4,0.0
85.44,95.44,95.44,15.440000000000001,95.44,75.44,15.440000000000001,95.44,0.0
90.42,40.42,90.42,70.42,60.42,10.42,10.42,10.42,0.0
95.68,95.68,55.68,5.68,15.68,15.68,15.68,95.68,0.0
95.78,95.78,75.78,45.78,25.78,55.78,15.780000000000001,45.78,0.0
30.44,60.44,30.44,10.44,20.44,10.44,10.44,70.44,0.0
96.0,96.0,96.0,6.0,96.0,16.0,16.0,26.0,0.0
20.46,80.46,10.46,60.46,10.46,50.46,10.46,50.46,0.0
46.2,76.2,96.2,36.2,26.2,16.2,16.2,96.2,0.0
96.34,96.34,26.34,26.34,96.34,16.34,36.34,36.34,0.0
0.48,50.48,50.48,90.48,10.48,50.48,10.48,0.48,1.0
96.58,96.58,36.58,46.58,16.58,16.58,76.58,86.58,0.0
60.5,0.5,70.5,0.5,30.5,10.5,10.5,50.5,1.0
96.78,96.78,56.78,96.78,46.78,56.78,56.78,66.78,1.0
50.52,40.52,10.52,0.52,60.52,10.52,10.52,10.52,0.0
57.0,97.0,17.0,7.0,97.0,17.0,27.0,97.0,0.0
37.1,97.1,67.1,97.1,17.1,17.1,67.1,87.1,0.0
0.54,90.54,40.54,40.54,10.54,30.54,50.54,90.54,0.0
57.34,97.34,7.34,17.34,17.34,17.34,57.34,37.34,1.0
90.56,90.56,0.56,20.56,10.56,60.56,10.56,90.56,0.0
97.58,37.58,7.58,7.58,17.58,17.58,57.58,97.58,1.0
97.68,97.68,97.68,97.68,87.68,17.68,67.68,57.68,0.0
10.58,90.58,90.58,90.58,60.58,10.58,10.58,0.58,0.0
97.92,97.92,37.92,97.92,97.92,17.92,17.92,37.92,0.0
0.6,90.6,90.6,40.6,90.6,20.6,10.6,90.6,0.0
98.16,58.16,98.16,98.16,98.16,38.16,18.16,98.16,0.0
10.62,90.62,30.62,70.62,70.62,10.62,10.62,70.62,0.0
48.4,88.4,98.4,48.4,98.4,18.4,68.4,98.4,0.0
98.48,88.48,28.48,98.48,58.480000000000004,18.48,48.480000000000004,98.48,0.0
0.64,60.64,40.64,0.64,90.64,10.64,10.64,60.64,0.0
58.72,98.72,48.72,98.72,88.72,58.72,18.72,98.72,0.0
30.66,30.66,90.66,60.66,90.66,10.66,10.66,50.66,0.0
28.96,98.96000000000001,48.96,68.96000000000001,98.96000000000001,48.96,18.96,18.96,1.0
80.68,40.68,30.68,60.68,90.68,10.68,10.68,60.68,0.0
9.16,99.16,9.16,99.16,19.16,59.16,39.16,99.16,1.0
99.3,49.3,39.3,9.3,79.3,39.3,19.3,99.3,0.0
20.7,20.7,90.7,90.7,10.7,10.7,10.7,30.7,0.0
49.480000000000004,39.480000000000004,99.48,99.48,39.480000000000004,19.48,19.48,99.48,0.0
90.72,40.72,20.72,0.72,10.72,10.72,50.72,90.72,1.0
99.72,19.72,99.72,39.72,79.72,19.72,19.72,99.72,0.0
9.86,49.86,99.86,99.86,99.86,29.86,19.86,99.86,0.0
0.74,30.74,70.74,50.74,40.74,10.74,10.74,90.74,0.0
94.24,4.24,94.24,94.24,94.24,14.24,24.240000000000002,54.24,1.0
0.76,50.76,20.76,90.76,10.76,10.76,10.76,90.76,0.0
94.34,54.34,54.34,84.34,64.34,64.34,14.34,64.34,0.0
90.78,50.78,30.78,40.78,60.78,50.78,10.78,10.78,1.0
4.44,94.44,94.44,94.44,74.44,24.44,64.44,94.44,1.0
64.48,94.48,24.48,14.48,14.48,44.480000000000004,14.48,34.480000000000004,0.0
0.8,80.8,40.8,50.8,90.8,10.8,10.8,0.8,1.0
54.58,94.58,4.58,4.58,14.58,14.58,54.58,94.58,1.0
50.82,10.82,70.82,10.82,50.82,10.82,10.82,60.82,0.0
64.68,94.68,94.68,34.68,14.68,84.68,14.68,94.68,0.0
30.84,90.84,0.84,80.84,10.84,10.84,60.84,60.84,1.0
94.78,94.78,64.78,84.78,14.780000000000001,74.78,54.78,94.78,1.0
4.82,94.82,94.82,84.82,74.82,74.82,14.82,94.82,0.0
90.86,50.86,90.86,90.86,10.86,70.86,10.86,90.86,0.0
94.92,44.92,24.92,94.92,14.92,34.92,14.92,94.92,0.0
70.88,20.88,0.88,40.88,20.88,10.88,10.88,90.88,1.0
35.0,95.0,55.0,85.0,95.0,45.0,15.0,25.0,0.0
55.06,55.06,55.06,45.06,65.06,15.06,45.06,95.06,0.0
0.9,50.9,40.9,60.9,50.9,10.9,10.9,20.9,0.0
95.16,75.16,75.16,5.16,95.16,15.16,65.16,95.16,0.0
50.92,50.92,90.92,50.92,90.92,60.92,10.92,90.92,0.0
25.240000000000002,55.24,55.24,95.24,45.24,45.24,15.24,65.24,1.0
0.9400000000000001,90.94,50.94,40.94,10.94,90.94,10.94,90.94,0.0
5.34,15.34,95.34,5.34,95.34,15.34,15.34,95.34,1.0
35.4,95.4,35.4,85.4,15.4,75.4,55.4,75.4,1.0
30.96,90.96,0.96,0.96,30.96,90.96,10.96,70.96,1.0
5.48,95.48,25.48,95.48,35.480000000000004,55.480000000000004,15.48,95.48,0.0
0.98,90.98,90.98,0.98,20.98,50.98,10.98,90.98,0.0
5.58,95.58,15.58,95.58,15.58,15.58,15.58,5.58,1.0
5.62,95.62,95.62,35.62,45.62,15.620000000000001,65.62,95.62,0.0
91.0,51.0,1.0,41.0,11.0,11.0,41.0,81.0,1.0
5.72,95.72,5.72,15.719999999999999,55.72,25.72,25.72,95.72,1.0
41.02,41.02,61.02,51.02,11.02,61.02,11.02,81.02,0.0
85.82,45.82,95.82,5.82,35.82,55.82,15.82,95.82,0.0
81.04,31.04,31.04,1.04,11.04,51.04,11.04,91.04,0.0
95.92,95.92,35.92,55.92,95.92,95.92,15.92,95.92,0.0
5.96,95.96,35.96,25.96,15.96,15.96,15.96,15.96,0.0
11.06,1.06,51.06,1.06,11.06,31.06,11.06,91.06,1.0
96.06,86.06,66.06,6.0600000000000005,46.06,16.060000000000002,46.06,46.06,0.0
61.08,41.08,71.08,1.08,11.08,11.08,51.08,91.08,0.0
86.16,96.16,96.16,16.16,26.16,26.16,66.16,96.16,0.0
51.1,81.1,71.1,41.1,11.1,11.1,61.1,51.1,0.0
96.24,56.24,26.240000000000002,36.24,56.24,46.24,16.240000000000002,26.240000000000002,1.0
96.3,96.3,56.3,6.3,46.3,76.3,36.3,96.3,1.0
41.12,91.12,21.12,1.12,91.12,51.12,11.120000000000001,41.12,1.0
96.4,96.4,86.4,66.4,96.4,66.4,56.4,96.4,1.0
41.14,91.14,41.14,91.14,11.14,11.14,11.14,1.1400000000000001,1.0
76.48,96.48,96.48,96.48,56.480000000000004,16.48,26.48,6.48,0.0
96.54,56.54,96.54,46.54,96.54,26.54,46.54,56.54,0.0
1.16,61.16,91.16,11.16,11.16,11.16,11.16,41.16,0.0
6.62,96.62,96.62,46.62,16.62,66.62,16.62,36.62,0.0
1.18,91.18,91.18,11.18,91.18,11.18,11.18,21.18,0.0
26.72,96.72,96.72,96.72,16.72,16.72,56.72,26.72,0.0
1.2,51.2,81.2,91.2,41.2,51.2,11.2,61.2,0.0
56.82,96.82,96.82,6.82,16.82,26.82,16.82,36.82,0.0
6.86,96.86,6.86,16.86,56.86,16.86,16.86,96.86,0.0
51.22,91.22,81.22,61.22,11.22,31.22,11.22,1.22,1.0
46.96,96.96,96.96,46.96,96.96,16.96,46.96,26.96,0.0
1.24,21.24,91.24,11.24,91.24,11.24,11.24,91.24,0.0
7.0600000000000005,97.06,97.06,57.06,27.060000000000002,77.06,57.06,97.06,1.0
91.26,11.26,81.26,91.26,91.26,11.26,11.26,61.26,0.0
47.16,97.16,77.16,7.16,97.16,57.16,17.16,47.16,0.0
7.2,97.2,87.2,7.2,97.2,77.2,17.2,97.2,0.0
51.28,31.28,51.28,51.28,91.28,11.28,11.28,1.28,1.0
57.3,97.3,47.3,77.3,67.3,17.3,57.3,57.3,0.0
91.3,31.3,41.3,1.3,21.3,21.3,11.3,31.3,0.0
47.4,97.4,97.4,97.4,97.4,97.4,17.4,57.4,0.0
97.44,97.44,57.44,77.44,17.44,67.44,47.44,97.44,1.0
21.32,91.32,71.32,1.32,71.32,11.32,61.32,51.32,0.0
7.54,97.54,97.54,97.54,67.54,17.54,57.54,97.54,0.0
1.34,91.34,51.34,1.34,51.34,61.34,11.34,41.34,1.0
57.62,57.62,97.62,67.62,47.62,47.62,17.62,47.62,0.0
81.36,1.36,91.36,91.36,11.36,11.36,11.36,61.36,1.0
7.72,97.72,97.72,97.72,37.72,97.72,17.72,47.72,0.0
87.78,97.78,57.78,97.78,27.78,67.78,37.78,97.78,0.0
41.38,41.38,41.38,91.38,51.38,21.38,11.38,71.38,0.0
47.86,97.86,47.86,7.86,37.86,17.86,57.86,97.86,0.0
81.4,41.4,1.4000000000000001,41.4,11.4,11.4,11.4,71.4,0.0
97.96,97.96,47.96,17.96,47.96,67.96,27.96,97.96,0.0
8.0,58.0,98.0,48.0,38.0,78.0,18.0,98.0,0.0
1.42,61.42,51.42,71.42,11.42,91.42,11.42,31.42,0.0
98.1,98.1,58.1,98.1,88.1,98.1,18.1,48.1,0.0
1.44,91.44,41.44,1.44,31.44,61.44,11.44,51.44,0.0
68.2,98.2,98.2,98.2,98.2,58.2,58.2,98.2,1.0
1.46,41.46,51.46,1.46,41.46,51.46,11.46,91.46,1.0
68.3,88.3,98.3,68.3,58.3,48.3,38.3,98.3,0.0
98.34,98.34,98.34,58.34,38.34,18.34,58.34,48.34,0.0
51.48,21.48,31.48,1.48,91.48,11.48,11.48,91.48,0.0
88.44,98.44,98.44,88.44,28.439999999999998,98.44,18.439999999999998,28.439999999999998,0.0
51.5,91.5,71.5,1.5,11.5,91.5,11.5,41.5,0.0
38.54,98.54,78.54,48.54,58.54,98.54,18.54,48.54,1.0
1.52,51.52,51.52,51.52,91.52,51.52,11.52,71.52,1.0
98.62,48.620000000000005,68.62,38.620000000000005,18.62,98.62,18.62,88.62,1.0
58.68,98.68,28.68,48.68,18.68,98.68,28.68,98.68,1.0
1.54,41.54,91.54,1.54,31.54,11.54,51.54,91.54,1.0
98.78,58.78,38.78,38.78,58.78,38.78,18.78,28.78,1.0
91.56,1.56,91.56,1.56,11.56,11.56,11.56,91.56,1.0
58.86,78.86,8.86,78.86,98.86,18.86,18.86,98.86,0.0
98.92,98.92,78.92,58.92,68.92,18.92,78.92,98.92,0.0
1.58,81.58,71.58,1.58,11.58,11.58,71.58,61.58,0.0
59.0,99.0,29.0,49.0,19.0,99.0,19.0,99.0,0.0
31.6,31.6,81.6,1.6,91.6,11.6,11.6,21.6,0.0
69.1,59.1,79.1,99.1,99.1,19.1,29.1,29.1,0.0
51.62,71.62,1.62,51.62,51.62,11.620000000000001,11.620000000000001,41.62,0.0
9.200000000000001,99.2,19.200000000000003,89.2,19.200000000000003,19.200000000000003,49.2,59.2,0.0
9.24,99.24,49.24,19.240000000000002,99.24,19.240000000000002,49.24,99.24,1.0
1.6400000000000001,31.64,31.64,1.6400000000000001,11.64,11.64,11.64,21.64,0.0
39.34,99.34,99.34,9.34,49.34,59.34,49.34,99.34,1.0
11.66,21.66,91.66,1.6600000000000001,11.66,31.66,11.66,91.66,0.0
69.44,99.44,99.44,9.44,69.44,19.439999999999998,89.44,59.44,0.0
51.68,91.68,41.68,1.68,21.68,11.68,61.68,11.68,1.0
39.54,99.54,89.54,9.540000000000001,49.54,79.54,69.54,99.54,1.0
99.58,49.58,19.58,9.58,19.58,19.58,59.58,99.58,1.0
1.7,91.7,61.7,91.7,11.7,91.7,81.7,81.7,1.0
99.68,99.68,99.68,9.68,69.68,89.68,19.68,29.68,0.0
81.72,71.72,51.72,21.72,91.72,51.72,11.72,1.72,1.0
9.78,99.78,59.78,79.78,19.78,69.78,59.78,59.78,1.0
39.82,99.82,99.82,9.82,59.82,49.82,39.82,89.82,0.0
91.74,61.74,61.74,11.74,51.74,61.74,11.74,1.74,1.0
49.92,99.92,89.92,49.92,19.92,49.92,49.92,9.92,1.0
81.76,51.76,41.76,41.76,71.76,51.76,11.76,21.76,1.0
100.0,90.0,10.0,30.0,60.0,20.0,40.0,100.0,0.0
41.78,71.78,91.78,71.78,11.78,11.78,11.78,1.78,1.0
24.259999999999998,54.26,84.26,14.26,54.26,44.26,14.26,64.26,0.0
84.28,94.28,34.28,54.28,14.280000000000001,94.28,14.280000000000001,14.280000000000001,0.0
91.8,61.8,51.8,31.8,61.8,51.8,11.8,11.8,1.0
54.32,94.32,54.32,64.32,14.32,14.32,14.32,4.32,1.0
51.82,91.82,81.82,41.82,41.82,61.82,11.82,1.82,1.0
64.36,84.36,74.36,54.36,64.36,94.36,14.36,54.36,0.0
84.38,64.38,64.38,4.38,54.38,54.38,14.379999999999999,14.379999999999999,1.0
31.84,91.84,51.84,41.84,11.84,71.84,21.84,1.84,1.0
4.42,64.42,94.42,74.42,14.42,14.42,44.42,94.42,0.0
61.86,61.86,21.86,1.86,91.86,41.86,11.86,51.86,0.0
94.46,64.46,34.46,34.46,54.46,44.46,14.46,34.46,0.0
51.88,41.88,91.88,41.88,11.88,11.88,11.88,31.88,0.0
34.5,94.5,34.5,94.5,44.5,14.5,14.5,24.5,0.0
4.5200000000000005,74.52,94.52,54.52,64.52,14.52,34.52,44.52,0.0
91.9,51.9,91.9,11.9,41.9,41.9,11.9,31.9,0.0
4.5600000000000005,94.56,94.56,54.56,14.56,14.56,94.56,44.56,0.0
91.92,51.92,91.92,81.92,51.92,11.92,51.92,81.92,0.0
44.6,94.6,94.6,84.6,54.6,14.600000000000001,94.6,54.6,0.0
31.94,51.94,81.94,1.94,11.94,91.94,11.94,91.94,0.0
34.64,74.64,24.64,4.64,14.64,64.64,14.64,94.64,0.0
94.66,54.66,54.66,44.66,14.66,94.66,14.66,94.66,0.0
41.96,51.96,91.96,91.96,11.96,91.96,11.96,51.96,0.0
94.7,94.7,74.7,94.7,14.7,14.7,94.7,84.7,1.0
21.98,91.98,31.98,1.98,91.98,11.98,11.98,11.98,0.0
14.74,44.74,54.74,54.74,94.74,14.74,14.74,94.74,0.0
44.76,94.76,64.76,34.76,44.76,64.76,14.76,14.76,0.0
72.0,92.0,2.0,12.0,12.0,12.0,42.0,82.0,0.0
74.8,44.8,94.8,34.8,14.8,84.8,14.8,54.8,0.0
92.02,32.02,92.02,2.02,62.02,12.02,52.02,72.02,0.0
94.84,94.84,4.84,54.84,14.84,24.84,14.84,54.84,0.0
2.04,72.04,92.04,92.04,12.04,42.04,12.04,12.04,0.0
64.88,94.88,94.88,94.88,54.88,64.88,54.88,44.88,1.0
74.9,94.9,94.9,64.9,14.9,14.9,94.9,84.9,0.0
2.06,62.06,62.06,52.06,12.06,12.06,52.06,22.06,0.0
84.94,74.94,54.94,54.94,94.94,14.940000000000001,14.940000000000001,4.94,0.0
52.08,52.08,62.08,32.08,92.08,12.08,52.08,42.08,1.0
54.980000000000004,54.980000000000004,74.98,94.98,94.98,14.98,44.980000000000004,84.98,0.0
42.1,32.1,12.1,42.1,52.1,12.1,12.1,92.1,0.0
95.02,95.02,15.02,5.0200000000000005,95.02,65.02,15.02,95.02,0.0
65.04,95.04,95.04,85.04,15.04,55.04,45.04,55.04,0.0
2.12,32.12,92.12,42.12,12.120000000000001,62.12,12.120000000000001,42.12,0.0
35.08,95.08,95.08,5.08,15.08,25.08,95.08,95.08,0.0
82.14,42.14,42.14,72.14,12.14,62.14,12.14,42.14,0.0
25.12,85.12,95.12,5.12,55.12,95.12,15.120000000000001,65.12,0.0
75.14,15.14,95.14,85.14,25.14,15.14,15.14,55.14,0.0
42.16,52.16,2.16,92.16,12.16,12.16,22.16,52.16,0.0
95.18,35.18,5.18,95.18,75.18,15.18,15.18,95.18,0.0
12.18,92.18,92.18,52.18,82.18,72.18,12.18,42.18,1.0
5.22,95.22,85.22,5.22,25.22,15.219999999999999,45.22,5.22,1.0
42.2,42.2,62.2,2.2,12.2,52.2,12.2,32.2,0.0
5.26,55.26,55.26,95.26,95.26,15.26,15.26,45.26,0.0
5.28,5.28,95.28,95.28,65.28,15.280000000000001,15.280000000000001,75.28,1.0
52.22,62.22,2.22,72.22,42.22,52.22,12.22,92.22,1.0
15.32,95.32,75.32,95.32,95.32,15.32,55.32,45.32,1.0
2.24,42.24,72.24,92.24,12.24,92.24,12.24,92.24,0.0
45.36,55.36,95.36,95.36,55.36,85.36,15.36,95.36,0.0
55.38,95.38,5.38,95.38,35.38,55.38,15.379999999999999,65.38,0.0
52.26,22.26,52.26,82.26,72.26,12.26,12.26,22.26,0.0
95.42,55.42,95.42,45.42,65.42,95.42,15.42,95.42,0.0
62.28,52.28,52.28,72.28,12.280000000000001,12.280000000000001,52.28,92.28,0.0
5.46,85.46,45.46,65.46,95.46,55.46,15.46,95.46,1.0
92.3,12.3,32.3,82.3,42.3,12.3,12.3,62.3,0.0
45.5,95.5,45.5,95.5,45.5,95.5,15.5,85.5,0.0
25.52,95.52,45.52,95.52,95.52,15.52,45.52,95.52,0.0
42.32,52.32,2.32,92.32,92.32,12.32,12.32,42.32,0.0
5.5600000000000005,65.56,55.56,15.56,55.56,15.56,35.56,95.56,0.0
32.34,22.34,32.34,32.34,92.34,12.34,12.34,42.34,1.0
55.6,55.6,95.6,35.6,55.6,15.600000000000001,55.6,35.6,0.0
2.36,92.36,22.36,62.36,92.36,12.36,12.36,12.36,0.0
35.64,95.64,65.64,55.64,95.64,95.64,15.64,95.64,0.0
5.66,75.66,95.66,5.66,95.66,15.66,55.66,95.66,1.0
42.38,42.38,92.38,82.38,22.38,12.379999999999999,62.38,52.38,0.0
95.7,55.7,5.7,95.7,75.7,35.7,15.7,35.7,1.0
62.4,22.4,62.4,22.4,52.4,12.4,12.4,2.4,1.0
75.74,95.74,45.74,55.74,95.74,55.74,25.740000000000002,55.74,1.0
25.759999999999998,95.76,85.76,45.76,15.76,55.76,45.76,85.76,0.0
92.42,92.42,92.42,42.42,42.42,12.42,12.42,12.42,0.0
45.8,95.8,15.8,5.8,55.8,15.8,35.8,55.8,0.0
2.44,92.44,82.44,2.44,22.44,42.44,12.44,2.44,1.0
95.84,95.84,35.84,55.84,95.84,65.84,15.84,35.84,0.0
12.46,82.46,92.46,52.46,92.46,62.46,12.46,52.46,1.0
55.88,15.879999999999999,95.88,45.88,35.88,15.879999999999999,15.879999999999999,95.88,0.0
95.9,45.9,95.9,35.9,15.9,15.9,65.9,75.9,1.0
92.48,62.48,2.48,82.48,72.48,12.48,12.48,22.48,0.0
15.940000000000001,95.94,65.94,65.94,55.94,55.94,15.940000000000001,55.94,0.0
92.5,92.5,52.5,2.5,62.5,12.5,12.5,2.5,0.0
45.980000000000004,95.98,15.98,45.980000000000004,95.98,35.980000000000004,15.98,55.980000000000004,0.0
52.52,92.52,82.52,72.52,12.52,32.52,12.52,12.52,0.0
96.02,96.02,96.02,26.02,16.02,96.02,16.02,16.02,0.0
36.04,76.04,6.04,96.04,46.04,16.04,36.04,96.04,0.0
92.54,22.54,12.54,2.54,82.54,12.54,12.54,52.54,0.0
96.08,66.08,56.08,6.08,26.08,76.08,16.08,56.08,0.0
62.56,92.56,62.56,2.56,92.56,12.56,52.56,12.56,1.0
46.12,96.12,16.12,46.12,16.12,16.12,46.12,46.12,0.0
96.14,96.14,6.140000000000001,86.14,16.14,46.14,36.14,96.14,1.0
62.58,92.58,2.58,42.58,92.58,12.58,12.58,2.58,1.0
96.18,66.18,96.18,56.18,16.18,46.18,46.18,86.18,1.0
62.6,2.6,92.6,2.6,92.6,12.6,12.6,92.6,1.0
36.22,96.22,36.22,46.22,16.22,96.22,16.22,46.22,0.0
42.62,92.62,62.62,52.62,52.62,12.620000000000001,92.62,92.62,0.0
6.26,96.26,96.26,6.26,96.26,16.259999999999998,56.26,96.26,0.0
26.28,56.28,56.28,6.28,96.28,46.28,16.28,96.28,1.0
32.64,62.64,42.64,2.64,32.64,12.64,42.64,22.64,0.0
6.32,96.32,46.32,46.32,46.32,16.32,66.32,46.32,1.0
2.66,62.66,92.66,2.66,12.66,92.66,12.66,32.66,0.0
96.36,96.36,66.36,36.36,96.36,16.36,86.36,46.36,0.0
96.38,76.38,36.38,56.38,96.38,16.38,56.38,76.38,0.0
92.68,92.68,2.68,32.68,42.68,92.68,12.68,52.68,1.0
96.42,96.42,96.42,26.42,76.42,56.42,56.42,66.42,1.0
92.7,62.7,42.7,2.7,42.7,12.7,62.7,92.7,0.0
66.46,56.46,56.46,16.46,96.46,16.46,46.46,56.46,1.0
92.72,42.72,92.72,92.72,32.72,82.72,12.72,32.72,0.0
6.5,56.5,56.5,96.5,16.5,16.5,46.5,56.5,0.0
76.52,56.52,26.52,46.52,36.52,46.52,16.52,96.52,0.0
92.74,62.74,82.74,2.74,92.74,12.74,62.74,22.740000000000002,1.0
6.5600000000000005,96.56,86.56,96.56,96.56,16.560000000000002,46.56,46.56,1.0
2.7600000000000002,12.76,92.76,92.76,62.76,12.76,12.76,72.76,1.0
6.6000000000000005,96.6,36.6,36.6,96.6,36.6,26.6,96.6,1.0
2.7800000000000002,32.78,42.78,52.78,12.780000000000001,32.78,12.780000000000001,52.78,0.0
6.640000000000001,96.64,96.64,96.64,16.64,56.64,56.64,66.64,0.0
66.66,96.66,66.66,96.66,96.66,16.66,86.66,96.66,0.0
32.8,42.8,2.8000000000000003,32.8,92.8,12.8,12.8,52.8,0.0
6.7,96.7,46.7,46.7,46.7,16.7,46.7,46.7,1.0
42.82,92.82,92.82,2.82,12.82,12.82,92.82,32.82,0.0
76.74,96.74,76.74,96.74,66.74,56.74,36.74,56.74,0.0
16.759999999999998,96.76,46.76,36.76,96.76,16.759999999999998,46.76,96.76,1.0
92.84,2.84,2.84,92.84,92.84,12.84,12.84,42.84,1.0
46.8,56.8,36.8,96.8,16.8,66.8,16.8,96.8,0.0
92.86,92.86,62.86,2.86,12.86,12.86,92.86,62.86,0.0
96.84,96.84,16.84,96.84,56.84,86.84,16.84,96.84,1.0
92.88,2.88,82.88,42.88,52.88,12.879999999999999,12.879999999999999,42.88,1.0
96.88,66.88,16.88,96.88,96.88,56.88,16.88,96.88,1.0
96.9,96.9,56.9,96.9,16.9,56.9,16.9,26.9,0.0
32.9,52.9,42.9,92.9,12.9,42.9,12.9,22.9,0.0
96.94,96.94,96.94,6.94,46.94,56.94,36.94,66.94,0.0
92.92,12.92,92.92,2.92,12.92,12.92,12.92,92.92,0.0
66.98,76.98,66.98,6.98,96.98,16.98,46.980000000000004,46.980000000000004,0.0
2.94,42.94,2.94,92.94,72.94,12.94,12.94,82.94,1.0
97.02,97.02,7.0200000000000005,87.02,17.02,47.02,27.02,97.02,1.0
97.04,67.04,97.04,47.04,17.04,47.04,37.04,87.04,0.0
52.96,92.96,12.96,92.96,92.96,12.96,12.96,2.96,1.0
47.08,57.08,97.08,7.08,57.08,17.08,57.08,97.08,0.0
2.98,92.98,52.98,92.98,12.98,92.98,32.98,72.98,0.0
7.12,97.12,97.12,17.12,17.12,97.12,37.12,97.12,0.0
7.140000000000001,97.14,37.14,37.14,97.14,37.14,17.14,97.14,0.0
83.0,53.0,73.0,33.0,93.0,63.0,13.0,43.0,0.0
57.18,97.18,67.18,57.18,97.18,47.18,27.18,67.18,0.0
63.02,93.02,43.02,23.02,53.02,13.02,83.02,43.02,0.0
7.22,97.22,97.22,97.22,97.22,47.22,17.22,47.22,0.0
33.04,13.04,93.04,93.04,13.04,53.04,13.04,73.04,1.0
7.26,97.26,97.26,77.26,27.259999999999998,27.259999999999998,97.26,97.26,1.0
37.28,47.28,97.28,97.28,57.28,17.28,27.28,17.28,0.0
53.06,73.06,73.06,3.06,13.06,53.06,33.06,73.06,1.0
7.32,97.32,97.32,27.32,17.32,17.32,47.32,27.32,0.0
13.08,53.08,3.08,43.08,13.08,33.08,13.08,93.08,0.0
87.36,57.36,27.36,7.36,97.36,17.36,17.36,7.36,1.0
7.38,97.38,97.38,77.38,17.38,17.38,97.38,97.38,0.0
93.1,43.1,93.1,3.1,93.1,53.1,13.1,93.1,0.0
97.42,97.42,57.42,97.42,27.42,17.42,67.42,67.42,0.0
23.12,83.12,93.12,3.12,43.12,13.120000000000001,13.120000000000001,3.12,0.0
47.46,27.46,97.46,57.46,17.46,97.46,17.46,97.46,1.0
93.14,63.14,3.14,3.14,93.14,13.14,13.14,13.14,0.0
67.5,47.5,97.5,37.5,97.5,17.5,17.5,17.5,0.0
17.52,67.52,67.52,77.52,57.52,37.52,37.52,97.52,1.0
63.16,43.16,33.16,23.16,53.16,13.16,33.16,53.16,0.0
97.56,97.56,97.56,67.56,97.56,67.56,37.56,77.56,1.0
93.18,23.18,73.18,83.18,53.18,33.18,13.18,93.18,0.0
47.6,47.6,97.6,47.6,17.6,17.6,67.6,97.6,0.0
63.2,13.2,63.2,3.2,53.2,13.2,13.2,3.2,1.0
17.64,97.64,57.64,37.64,97.64,17.64,27.64,47.64,0.0
67.66,97.66,47.66,37.66,17.66,47.66,37.66,77.66,0.0
3.22,53.22,93.22,53.22,93.22,13.22,13.22,3.22,1.0
87.7,67.7,97.7,77.7,97.7,77.7,17.7,67.7,0.0
3.24,73.24,13.24,23.240000000000002,53.24,13.24,13.24,43.24,0.0
97.74,97.74,97.74,97.74,47.74,47.74,77.74,87.74,0.0
97.76,97.76,7.76,97.76,97.76,57.76,17.759999999999998,97.76,1.0
53.26,13.26,33.26,73.26,13.26,13.26,13.26,93.26,1.0
97.8,97.8,27.8,47.8,47.8,97.8,17.8,67.8,1.0
63.28,63.28,73.28,63.28,13.280000000000001,83.28,13.280000000000001,13.280000000000001,0.0
67.84,97.84,17.84,97.84,17.84,17.84,67.84,97.84,1.0
3.3000000000000003,63.3,3.3000000000000003,93.3,53.3,23.3,13.3,43.3,1.0
17.88,47.88,97.88,67.88,67.88,17.88,47.88,87.88,1.0
97.9,57.9,57.9,57.9,97.9,47.9,17.9,97.9,0.0
63.32,63.32,73.32,3.3200000000000003,63.32,93.32,13.32,93.32,0.0
57.94,97.94,87.94,37.94,47.94,47.94,47.94,47.94,0.0
43.34,53.34,53.34,3.34,93.34,53.34,13.34,93.34,0.0
7.98,67.98,57.980000000000004,97.98,67.98,37.980000000000004,17.98,97.98,0.0
43.36,3.36,43.36,93.36,13.36,13.36,13.36,43.36,1.0
98.02,8.02,68.02,8.02,48.019999999999996,98.02,98.02,98.02,1.0
98.04,18.04,98.04,8.040000000000001,18.04,48.04,78.04,98.04,1.0
23.38,93.38,93.38,93.38,13.379999999999999,83.38,53.38,3.38,1.0
88.08,98.08,98.08,98.08,18.08,38.08,98.08,28.08,1.0
3.4,53.4,53.4,13.4,63.4,93.4,13.4,93.4,1.0
98.12,98.12,98.12,18.12,28.12,48.120000000000005,58.120000000000005,18.12,1.0
98.14,98.14,8.14,98.14,98.14,68.14,18.14,98.14,1.0
23.42,53.42,93.42,3.42,13.42,53.42,53.42,93.42,1.0
98.18,48.18,98.18,98.18,68.18,38.18,18.18,48.18,0.0
93.44,93.44,83.44,23.44,13.44,43.44,63.44,13.44,1.0
98.22,98.22,8.22,98.22,98.22,58.22,18.22,98.22,1.0
33.46,83.46,53.46,63.46,13.46,53.46,43.46,43.46,0.0
38.26,98.26,98.26,98.26,98.26,58.26,48.26,98.26,1.0
8.28,98.28,98.28,8.28,48.28,38.28,98.28,58.28,1.0
3.48,53.48,93.48,33.48,13.48,33.48,53.48,63.48,1.0
48.32,98.32,98.32,98.32,38.32,98.32,48.32,78.32,1.0
73.5,73.5,53.5,43.5,13.5,13.5,23.5,23.5,0.0
98.36,98.36,8.36,98.36,18.36,38.36,18.36,98.36,0.0
48.38,78.38,98.38,98.38,98.38,58.38,28.380000000000003,98.38,0.0
93.52,63.52,13.52,3.52,93.52,13.52,43.52,73.52,1.0
98.42,98.42,98.42,98.42,98.42,58.42,48.42,88.42,1.0
93.54,3.54,93.54,33.54,53.54,13.54,13.54,43.54,1.0
98.46000000000001,98.46000000000001,58.46,98.46000000000001,98.46000000000001,38.46,48.46,88.46000000000001,0.0
43.56,93.56,23.56,63.56,13.56,13.56,73.56,93.56,1.0
98.5,48.5,48.5,98.5,78.5,18.5,38.5,68.5,0.0
98.52,98.52,8.52,98.52,98.52,48.519999999999996,18.52,98.52,0.0
93.58,93.58,23.58,3.58,13.58,13.58,53.58,23.58,1.0
98.56,98.56,98.56,48.56,98.56,48.56,48.56,88.56,0.0
93.6,93.6,63.6,3.6,43.6,63.6,13.6,13.6,0.0
18.6,98.6,58.6,58.6,58.6,28.6,38.6,98.6,0.0
3.62,63.62,3.62,93.62,53.62,13.620000000000001,13.620000000000001,43.62,0.0
98.64,98.64,58.64,8.64,98.64,48.64,38.64,68.64,1.0
68.66,88.66,98.66,98.66,18.66,98.66,38.66,98.66,0.0
53.64,63.64,13.64,3.64,53.64,33.64,13.64,93.64,0.0
98.7,98.7,58.7,8.700000000000001,98.7,48.7,28.700000000000003,68.7,0.0
63.66,93.66,13.66,3.66,53.66,93.66,13.66,93.66,1.0
78.74,78.74,98.74,98.74,18.740000000000002,18.740000000000002,78.74,38.74,0.0
38.76,98.76,98.76,58.76,18.759999999999998,98.76,38.76,58.76,0.0
93.68,13.68,43.68,3.68,43.68,13.68,13.68,83.68,0.0
48.8,98.8,98.8,98.8,68.8,68.8,18.8,18.8,0.0
3.7,13.7,93.7,3.7,43.7,13.7,13.7,43.7,1.0
28.84,98.84,8.84,48.84,28.84,58.84,18.84,98.84,0.0
3.72,23.72,93.72,93.72,13.72,13.72,13.72,83.72,0.0
48.88,98.88,68.88,8.88,98.88,28.880000000000003,38.88,98.88,0.0
8.9,98.9,68.9,98.9,48.9,18.9,38.9,58.9,0.0
93.74,63.74,63.74,63.74,63.74,13.74,43.74,33.74,0.0
98.94,58.94,98.94,88.94,98.94,18.939999999999998,68.94,98.94,0.0
93.76,53.76,93.76,33.76,13.76,13.76,43.76,43.76,0.0
88.98,18.98,98.98,38.980000000000004,58.980000000000004,18.98,18.98,48.980000000000004,0.0
43.78,53.78,53.78,53.78,73.78,43.78,13.780000000000001,53.78,0.0
69.02,19.02,69.02,29.02,99.02,19.02,19.02,69.02,1.0
9.040000000000001,49.04,99.04,29.04,29.04,19.04,49.04,69.04,0.0
93.8,53.8,93.8,33.8,53.8,13.8,83.8,93.8,0.0
99.08,99.08,99.08,19.08,49.08,99.08,29.08,99.08,0.0
63.82,43.82,63.82,3.8200000000000003,53.82,13.82,13.82,3.8200000000000003,1.0
9.120000000000001,89.12,99.12,9.120000000000001,49.120000000000005,19.12,99.12,59.120000000000005,1.0
49.14,69.14,99.14,99.14,49.14,19.14,69.14,99.14,0.0
73.84,73.84,53.84,93.84,63.84,43.84,13.84,13.84,0.0
59.18,49.18,99.18,59.18,19.18,99.18,19.18,99.18,0.0
63.86,23.86,63.86,33.86,53.86,13.86,13.86,13.86,0.0
99.22,99.22,29.22,99.22,59.22,59.22,19.22,49.22,0.0
3.88,93.88,43.88,73.88,13.879999999999999,53.88,13.879999999999999,3.88,1.0
29.259999999999998,99.26,89.26,9.26,69.26,19.259999999999998,99.26,99.26,1.0
99.28,79.28,99.28,59.28,19.28,99.28,29.28,69.28,0.0
3.9,53.9,43.9,43.9,43.9,53.9,13.9,93.9,1.0
19.32,59.32,99.32,59.32,69.32,19.32,39.32,99.32,1.0
53.92,53.92,13.92,53.92,13.92,83.92,13.92,73.92,0.0
89.36,99.36,99.36,9.36,19.36,19.36,69.36,19.36,0.0
39.38,99.38,99.38,99.38,99.38,19.380000000000003,29.380000000000003,9.38,0.0
43.94,13.94,3.94,3.94,13.94,13.94,13.94,93.94,1.0
99.42,99.42,99.42,59.42,99.42,19.42,39.42,9.42,0.0
3.96,63.96,3.96,93.96,93.96,13.96,13.96,93.96,0.0
99.46000000000001,99.46000000000001,99.46000000000001,9.46,99.46000000000001,39.46,59.46,49.46,1.0
93.98,13.98,63.98,3.98,93.98,13.98,23.98,83.98,1.0
99.5,99.5,49.5,59.5,39.5,99.5,19.5,69.5,0.0
9.52,99.52,99.52,79.52,29.52,99.52,39.519999999999996,99.52,0.0
14.0,94.0,54.0,54.0,44.0,14.0,64.0,54.0,0.0
99.56,99.56,29.560000000000002,49.56,49.56,19.560000000000002,49.56,49.56,0.0
74.02,94.02,44.02,4.0200000000000005,14.02,14.02,54.02,14.02,1.0
69.6,99.6,99.6,49.6,19.6,19.6,99.6,29.6,0.0
24.04,74.04,74.04,54.04,94.04,14.04,14.04,4.04,0.0
89.64,69.64,49.64,99.64,39.64,99.64,19.64,29.64,1.0
39.66,99.66,19.66,99.66,99.66,29.66,19.66,59.66,0.0
54.06,74.06,84.06,4.0600000000000005,14.06,54.06,34.06,74.06,0.0
19.700000000000003,89.7,99.7,19.700000000000003,49.7,19.700000000000003,99.7,59.7,1.0
94.08,94.08,14.08,4.08,24.08,14.08,44.08,34.08,0.0
99.74,99.74,69.74,9.74,59.74,19.740000000000002,99.74,99.74,0.0
19.759999999999998,59.76,99.76,59.76,59.76,29.759999999999998,29.759999999999998,99.76,0.0
24.1,54.1,64.1,34.1,34.1,94.1,14.1,54.1,0.0
99.8,99.8,79.8,39.8,99.8,99.8,19.8,59.8,1.0
64.12,24.12,44.12,94.12,94.12,24.12,14.120000000000001,94.12,0.0
19.84,59.84,99.84,9.84,99.84,39.84,19.84,99.84,0.0
24.14,94.14,4.14,84.14,14.14,94.14,14.14,74.14,0.0
29.880000000000003,99.88,99.88,9.88,69.88,19.880000000000003,99.88,99.88,1.0
99.9,69.9,99.9,79.9,19.9,39.9,19.9,19.9,0.0
4.16,94.16,54.16,4.16,54.16,94.16,14.16,94.16,1.0
19.939999999999998,99.94,99.94,19.939999999999998,49.94,19.939999999999998,99.94,59.94,1.0
94.18,34.18,4.18,34.18,64.18,14.18,14.18,94.18,0.0
49.980000000000004,99.98,99.98,49.980000000000004,59.980000000000004,99.98,29.98,99.98,0.0
