0,0,0,0,10,10,10,0,1
90,70,40,90,30,10,20,40,0
90.4,90.4,20.4,90.4,10.4,10.4,50.4,60.4,0.0
5.0,5.0,95.0,5.0,75.0,95.0,95.0,5.0,1.0
2.5,92.5,82.5,2.5,92.5,92.5,92.5,2.5,1.0
7.5,97.5,97.5,17.5,97.5,97.5,97.5,77.5,1.0
1.25,11.25,91.25,1.25,11.25,91.25,91.25,1.25,1.0
6.25,6.25,96.25,76.25,96.25,96.25,96.25,86.25,1.0
3.75,3.75,93.75,33.75,63.75,93.75,93.75,3.75,1.0
8.75,38.75,98.75,98.75,98.75,98.75,98.75,98.75,1.0
0.625,0.625,80.625,20.625,10.625,90.625,90.625,0.625,1.0
5.625,5.625,95.625,45.625,15.625,95.625,95.625,5.625,1.0
3.125,93.125,93.125,73.125,93.125,93.125,93.125,13.125,1.0
8.125,98.125,98.125,98.125,88.125,98.125,98.125,58.125,1.0
1.875,1.875,91.875,71.875,21.875,91.875,91.875,1.875,1.0
6.875,16.875,96.875,96.875,16.875,86.875,96.875,6.875,1.0
4.375,94.375,94.375,94.375,14.375,94.375,94.375,4.375,1.0
9.375,19.375,99.375,99.375,19.375,39.375,99.375,9.375,1.0
0.3125,0.3125,90.3125,80.3125,10.3125,50.3125,10.3125,0.3125,1.0
45.3125,15.3125,95.3125,95.3125,15.3125,15.3125,95.3125,5.3125,1.0
2.8125,12.8125,92.8125,92.8125,12.8125,12.8125,22.8125,2.8125,1.0
97.8125,87.8125,67.8125,97.8125,17.8125,97.8125,87.8125,17.8125,1.0
91.5625,1.5625,91.5625,91.5625,11.5625,11.5625,71.5625,1.5625,1.0
6.5625,96.5625,86.5625,96.5625,16.5625,16.5625,56.5625,6.5625,1.0
44.0625,44.0625,14.0625,44.0625,14.0625,14.0625,14.0625,34.0625,0.0
99.0625,99.0625,79.0625,99.0625,19.0625,19.0625,19.0625,99.0625,0.0
90.9375,30.9375,30.9375,0.9375,10.9375,20.9375,70.9375,90.9375,1.0
95.9375,15.9375,95.9375,95.9375,15.9375,15.9375,25.9375,5.9375,1.0
13.4375,93.4375,63.4375,93.4375,13.4375,33.4375,13.4375,63.4375,0.0
98.4375,98.4375,38.4375,98.4375,18.4375,98.4375,18.4375,58.4375,0.0
22.1875,92.1875,32.1875,92.1875,12.1875,92.1875,82.1875,92.1875,1.0
97.1875,97.1875,27.1875,27.1875,57.1875,27.1875,17.1875,97.1875,0.0
44.6875,94.6875,34.6875,94.6875,14.6875,74.6875,64.6875,94.6875,1.0
99.6875,99.6875,89.6875,69.6875,89.6875,19.6875,19.6875,49.6875,0.0
90.15625,40.15625,60.15625,0.15625,70.15625,10.15625,10.15625,40.15625,0.0
95.15625,95.15625,95.15625,75.15625,65.15625,85.15625,15.15625,95.15625,0.0
52.65625,72.65625,92.65625,32.65625,32.65625,12.65625,12.65625,82.65625,0.0
97.65625,67.65625,97.65625,7.65625,97.65625,37.65625,37.65625,97.65625,0.0
91.40625,71.40625,31.40625,31.40625,41.40625,71.40625,11.40625,31.40625,0.0
96.40625,96.40625,46.40625,6.40625,96.40625,96.40625,16.40625,76.40625,0.0
83.90625,93.90625,93.90625,93.90625,63.90625,83.90625,13.90625,3.90625,1.0
98.90625,98.90625,8.90625,78.90625,88.90625,88.90625,18.90625,98.90625,1.0
90.78125,30.78125,40.78125,20.78125,10.78125,10.78125,10.78125,90.78125,0.0
95.78125,55.78125,95.78125,75.78125,25.78125,65.78125,15.78125,35.78125,0.0
63.28125,63.28125,43.28125,63.28125,23.28125,63.28125,13.28125,93.28125,0.0
38.28125,98.28125,98.28125,98.28125,78.28125,18.28125,18.28125,98.28125,0.0
92.03125,22.03125,92.03125,42.03125,52.03125,52.03125,12.03125,92.03125,0.0
37.03125,87.03125,97.03125,97.03125,17.03125,97.03125,17.03125,97.03125,0.0
94.53125,84.53125,94.53125,14.53125,14.53125,74.53125,14.53125,94.53125,0.0
99.53125,99.53125,99.53125,39.53125,39.53125,19.53125,69.53125,99.53125,0.0
60.46875,10.46875,90.46875,50.46875,20.46875,10.46875,10.46875,30.46875,0.0
65.46875,95.46875,95.46875,95.46875,15.46875,15.46875,75.46875,55.46875,0.0
32.96875,82.96875,72.96875,32.96875,82.96875,72.96875,12.96875,92.96875,0.0
97.96875,97.96875,47.96875,87.96875,67.96875,57.96875,67.96875,67.96875,1.0
31.71875,91.71875,91.71875,31.71875,91.71875,11.71875,11.71875,31.71875,0.0
96.71875,96.71875,96.71875,6.71875,66.71875,56.71875,16.71875,36.71875,0.0
94.21875,94.21875,54.21875,4.21875,14.21875,14.21875,24.21875,44.21875,0.0
99.21875,99.21875,29.21875,99.21875,69.21875,49.21875,29.21875,89.21875,0.0
1.09375,51.09375,91.09375,81.09375,11.09375,11.09375,11.09375,1.09375,1.0
96.09375,26.09375,96.09375,66.09375,86.09375,26.09375,16.09375,16.09375,1.0
93.59375,93.59375,83.59375,93.59375,13.59375,83.59375,73.59375,93.59375,1.0
98.59375,98.59375,28.59375,18.59375,98.59375,28.59375,28.59375,28.59375,0.0
22.34375,82.34375,22.34375,2.34375,42.34375,12.34375,12.34375,82.34375,0.0
27.34375,47.34375,97.34375,7.34375,97.34375,17.34375,17.34375,97.34375,0.0
44.84375,94.84375,64.84375,4.84375,74.84375,14.84375,64.84375,94.84375,0.0
9.84375,99.84375,89.84375,49.84375,19.84375,19.84375,69.84375,99.84375,0.0
90.078125,20.078125,90.078125,0.078125,40.078125,10.078125,70.078125,90.078125,1.0
5.078125,95.078125,85.078125,15.078125,15.078125,65.078125,15.078125,95.078125,0.0
32.578125,92.578125,2.578125,72.578125,22.578125,12.578125,22.578125,92.578125,0.0
47.578125,37.578125,97.578125,97.578125,17.578125,27.578125,17.578125,87.578125,0.0
11.328125,21.328125,61.328125,11.328125,41.328125,11.328125,11.328125,61.328125,0.0
96.328125,96.328125,96.328125,96.328125,96.328125,26.328125,76.328125,96.328125,0.0
73.828125,53.828125,53.828125,73.828125,93.828125,13.828125,13.828125,93.828125,0.0
98.828125,98.828125,38.828125,48.828125,98.828125,18.828125,78.828125,78.828125,0.0
20.703125,50.703125,90.703125,90.703125,60.703125,10.703125,10.703125,30.703125,0.0
15.703125,95.703125,35.703125,55.703125,95.703125,15.703125,15.703125,85.703125,0.0
83.203125,33.203125,83.203125,3.203125,43.203125,13.203125,63.203125,93.203125,0.0
98.203125,28.203125,98.203125,98.203125,68.203125,18.203125,28.203125,58.203125,1.0
61.953125,41.953125,31.953125,1.953125,71.953125,51.953125,11.953125,91.953125,0.0
6.953125,96.953125,96.953125,96.953125,86.953125,86.953125,16.953125,96.953125,0.0
4.453125,34.453125,94.453125,74.453125,74.453125,44.453125,14.453125,94.453125,1.0
99.453125,99.453125,59.453125,69.453125,89.453125,89.453125,19.453125,29.453125,1.0
0.390625,90.390625,50.390625,30.390625,30.390625,20.390625,10.390625,20.390625,0.0
55.390625,95.390625,95.390625,95.390625,15.390625,15.390625,15.390625,5.390625,0.0
2.890625,92.890625,2.890625,92.890625,12.890625,12.890625,12.890625,22.890625,0.0
47.890625,97.890625,37.890625,57.890625,57.890625,17.890625,57.890625,47.890625,0.0
31.640625,71.640625,21.640625,1.640625,91.640625,11.640625,11.640625,21.640625,0.0
46.640625,96.640625,26.640625,6.640625,36.640625,86.640625,16.640625,96.640625,0.0
14.140625,94.140625,44.140625,54.140625,14.140625,94.140625,14.140625,54.140625,0.0
9.140625,99.140625,9.140625,99.140625,29.140625,79.140625,19.140625,99.140625,1.0
71.015625,91.015625,1.015625,21.015625,11.015625,11.015625,61.015625,71.015625,1.0
56.015625,96.015625,86.015625,56.015625,36.015625,76.015625,66.015625,96.015625,1.0
43.515625,93.515625,73.515625,73.515625,63.515625,63.515625,13.515625,33.515625,0.0
98.515625,28.515625,98.515625,58.515625,98.515625,18.515625,18.515625,38.515625,0.0
2.265625,52.265625,82.265625,62.265625,62.265625,22.265625,32.265625,92.265625,1.0
97.265625,47.265625,97.265625,87.265625,57.265625,17.265625,47.265625,77.265625,0.0
4.765625,44.765625,84.765625,64.765625,64.765625,14.765625,14.765625,94.765625,0.0
39.765625,99.765625,99.765625,99.765625,99.765625,19.765625,39.765625,29.765625,0.0
50.234375,50.234375,50.234375,0.234375,10.234375,60.234375,10.234375,60.234375,0.0
65.234375,95.234375,75.234375,45.234375,15.234375,55.234375,45.234375,55.234375,0.0
82.734375,82.734375,72.734375,42.734375,52.734375,12.734375,12.734375,2.734375,0.0
47.734375,97.734375,7.734375,7.734375,97.734375,37.734375,37.734375,87.734375,1.0
91.484375,1.484375,81.484375,1.484375,91.484375,11.484375,21.484375,91.484375,1.0
6.484375,96.484375,46.484375,76.484375,86.484375,16.484375,16.484375,16.484375,0.0
93.984375,3.984375,93.984375,3.984375,93.984375,13.984375,13.984375,83.984375,1.0
48.984375,98.984375,58.984375,98.984375,38.984375,48.984375,58.984375,98.984375,1.0
0.859375,30.859375,50.859375,70.859375,10.859375,10.859375,10.859375,0.859375,1.0
95.859375,95.859375,85.859375,5.859375,95.859375,15.859375,65.859375,45.859375,0.0
53.359375,93.359375,3.359375,3.359375,93.359375,13.359375,43.359375,73.359375,1.0
98.359375,98.359375,38.359375,38.359375,18.359375,88.359375,48.359375,98.359375,1.0
82.109375,92.109375,2.109375,32.109375,42.109375,12.109375,12.109375,22.109375,0.0
57.109375,97.109375,17.109375,77.109375,17.109375,57.109375,17.109375,27.109375,0.0
74.609375,94.609375,4.609375,64.609375,94.609375,14.609375,14.609375,64.609375,0.0
99.609375,99.609375,99.609375,19.609375,69.609375,89.609375,59.609375,99.609375,1.0
0.546875,50.546875,40.546875,50.546875,10.546875,40.546875,10.546875,90.546875,0.0
5.546875,95.546875,95.546875,45.546875,95.546875,25.546875,45.546875,95.546875,0.0
93.046875,93.046875,73.046875,83.046875,73.046875,13.046875,83.046875,33.046875,0.0
98.046875,98.046875,68.046875,98.046875,58.046875,48.046875,28.046875,8.046875,1.0
91.796875,21.796875,31.796875,1.796875,11.796875,21.796875,11.796875,21.796875,1.0
66.796875,76.796875,46.796875,26.796875,16.796875,16.796875,56.796875,96.796875,0.0
54.296875,74.296875,54.296875,94.296875,44.296875,14.296875,44.296875,94.296875,0.0
99.296875,99.296875,29.296875,49.296875,49.296875,99.296875,19.296875,99.296875,1.0
61.171875,1.171875,91.171875,1.171875,21.171875,11.171875,11.171875,91.171875,1.0
16.171875,96.171875,36.171875,86.171875,56.171875,66.171875,16.171875,96.171875,0.0
43.671875,93.671875,53.671875,3.671875,63.671875,53.671875,13.671875,43.671875,0.0
98.671875,58.671875,58.671875,38.671875,48.671875,18.671875,58.671875,48.671875,1.0
2.421875,52.421875,92.421875,52.421875,12.421875,12.421875,22.421875,52.421875,0.0
67.421875,67.421875,97.421875,97.421875,97.421875,57.421875,17.421875,67.421875,0.0
54.921875,94.921875,4.921875,4.921875,94.921875,14.921875,34.921875,84.921875,0.0
49.921875,99.921875,99.921875,79.921875,49.921875,59.921875,59.921875,99.921875,1.0
0.0390625,60.0390625,60.0390625,90.0390625,10.0390625,10.0390625,10.0390625,0.0390625,1.0
95.0390625,95.0390625,45.0390625,65.0390625,95.0390625,75.0390625,15.0390625,45.0390625,0.0
42.5390625,52.5390625,32.5390625,52.5390625,72.5390625,42.5390625,12.5390625,52.5390625,0.0
7.5390625,97.5390625,97.5390625,97.5390625,47.5390625,17.5390625,57.5390625,57.5390625,0.0
91.2890625,11.2890625,91.2890625,1.2890625,91.2890625,11.2890625,11.2890625,91.2890625,0.0
96.2890625,36.2890625,96.2890625,6.2890625,16.2890625,26.2890625,16.2890625,56.2890625,0.0
53.7890625,63.7890625,93.7890625,53.7890625,93.7890625,13.7890625,53.7890625,63.7890625,0.0
98.7890625,98.7890625,48.7890625,48.7890625,18.7890625,98.7890625,38.7890625,98.7890625,1.0
0.6640625,90.6640625,20.6640625,0.6640625,90.6640625,60.6640625,10.6640625,90.6640625,0.0
55.6640625,95.6640625,95.6640625,5.6640625,25.6640625,95.6640625,15.6640625,45.6640625,0.0
73.1640625,43.1640625,93.1640625,3.1640625,93.1640625,93.1640625,13.1640625,73.1640625,1.0
68.1640625,98.1640625,98.1640625,8.1640625,58.1640625,68.1640625,58.1640625,98.1640625,1.0
61.9140625,41.9140625,91.9140625,11.9140625,91.9140625,61.9140625,11.9140625,51.9140625,1.0
96.9140625,56.9140625,6.9140625,76.9140625,36.9140625,16.9140625,16.9140625,96.9140625,0.0
44.4140625,94.4140625,94.4140625,4.4140625,24.4140625,14.4140625,14.4140625,24.4140625,0.0
59.4140625,99.4140625,49.4140625,89.4140625,99.4140625,99.4140625,19.4140625,99.4140625,0.0
0.3515625,90.3515625,0.3515625,10.3515625,10.3515625,60.3515625,10.3515625,50.3515625,0.0
5.3515625,45.3515625,95.3515625,55.3515625,35.3515625,75.3515625,15.3515625,95.3515625,0.0
2.8515625,92.8515625,92.8515625,62.8515625,12.8515625,62.8515625,12.8515625,12.8515625,0.0
7.8515625,97.8515625,97.8515625,7.8515625,57.8515625,37.8515625,37.8515625,57.8515625,1.0
31.6015625,91.6015625,41.6015625,1.6015625,11.6015625,91.6015625,11.6015625,1.6015625,1.0
96.6015625,96.6015625,76.6015625,46.6015625,16.6015625,96.6015625,16.6015625,6.6015625,1.0
4.1015625,54.1015625,84.1015625,14.1015625,14.1015625,94.1015625,14.1015625,44.1015625,0.0
49.1015625,99.1015625,99.1015625,39.1015625,39.1015625,99.1015625,39.1015625,99.1015625,0.0
0.9765625,90.9765625,60.9765625,60.9765625,10.9765625,10.9765625,70.9765625,30.9765625,0.0
95.9765625,95.9765625,35.9765625,95.9765625,85.9765625,15.9765625,15.9765625,15.9765625,0.0
3.4765625,83.4765625,63.4765625,3.4765625,13.4765625,13.4765625,53.4765625,63.4765625,0.0
98.4765625,98.4765625,78.4765625,98.4765625,38.4765625,58.4765625,48.4765625,58.4765625,0.0
92.2265625,42.2265625,2.2265625,32.2265625,72.2265625,12.2265625,12.2265625,62.2265625,0.0
97.2265625,97.2265625,7.2265625,97.2265625,77.2265625,17.2265625,67.2265625,47.2265625,1.0
44.7265625,84.7265625,94.7265625,4.7265625,14.7265625,54.7265625,64.7265625,94.7265625,1.0
99.7265625,59.7265625,49.7265625,39.7265625,59.7265625,29.7265625,49.7265625,59.7265625,1.0
0.1953125,90.1953125,40.1953125,10.1953125,10.1953125,90.1953125,10.1953125,0.1953125,1.0
5.1953125,95.1953125,85.1953125,85.1953125,15.1953125,75.1953125,65.1953125,75.1953125,1.0
32.6953125,22.6953125,2.6953125,2.6953125,12.6953125,12.6953125,12.6953125,92.6953125,1.0
37.6953125,27.6953125,97.6953125,7.6953125,17.6953125,47.6953125,17.6953125,97.6953125,0.0
1.4453125,51.4453125,61.4453125,1.4453125,91.4453125,41.4453125,11.4453125,51.4453125,1.0
6.4453125,96.4453125,96.4453125,66.4453125,16.4453125,76.4453125,56.4453125,66.4453125,1.0
93.9453125,43.9453125,83.9453125,93.9453125,23.9453125,93.9453125,13.9453125,93.9453125,0.0
98.9453125,98.9453125,8.9453125,38.9453125,18.9453125,78.9453125,18.9453125,98.9453125,0.0
90.8203125,30.8203125,10.8203125,90.8203125,10.8203125,60.8203125,10.8203125,50.8203125,1.0
95.8203125,55.8203125,95.8203125,25.8203125,85.8203125,95.8203125,15.8203125,95.8203125,0.0
43.3203125,43.3203125,53.3203125,93.3203125,13.3203125,43.3203125,13.3203125,33.3203125,0.0
48.3203125,98.3203125,48.3203125,98.3203125,98.3203125,38.3203125,38.3203125,68.3203125,1.0
92.0703125,22.0703125,42.0703125,52.0703125,12.0703125,42.0703125,12.0703125,42.0703125,1.0
97.0703125,97.0703125,97.0703125,47.0703125,17.0703125,17.0703125,57.0703125,17.0703125,1.0
64.5703125,94.5703125,64.5703125,54.5703125,14.5703125,94.5703125,14.5703125,14.5703125,0.0
99.5703125,59.5703125,99.5703125,99.5703125,59.5703125,19.5703125,19.5703125,9.5703125,0.0
90.5078125,70.5078125,0.5078125,0.5078125,10.5078125,40.5078125,10.5078125,70.5078125,0.0
95.5078125,65.5078125,55.5078125,45.5078125,65.5078125,35.5078125,45.5078125,55.5078125,1.0
3.0078125,43.0078125,53.0078125,3.0078125,53.0078125,63.0078125,13.0078125,93.0078125,1.0
98.0078125,98.0078125,48.0078125,88.0078125,38.0078125,18.0078125,88.0078125,98.0078125,0.0
1.7578125,41.7578125,61.7578125,91.7578125,11.7578125,91.7578125,11.7578125,61.7578125,0.0
96.7578125,56.7578125,46.7578125,56.7578125,76.7578125,16.7578125,46.7578125,46.7578125,1.0
54.2578125,94.2578125,14.2578125,44.2578125,94.2578125,64.2578125,14.2578125,94.2578125,0.0
49.2578125,49.2578125,99.2578125,89.2578125,69.2578125,99.2578125,19.2578125,99.2578125,1.0
61.1328125,51.1328125,91.1328125,21.1328125,91.1328125,51.1328125,11.1328125,51.1328125,0.0
56.1328125,46.1328125,96.1328125,46.1328125,16.1328125,96.1328125,16.1328125,66.1328125,0.0
73.6328125,43.6328125,93.6328125,93.6328125,13.6328125,13.6328125,43.6328125,33.6328125,0.0
98.6328125,68.6328125,58.6328125,38.6328125,58.6328125,28.6328125,48.6328125,58.6328125,0.0
52.3828125,92.3828125,2.3828125,92.3828125,52.3828125,12.3828125,12.3828125,2.3828125,1.0
97.3828125,97.3828125,97.3828125,97.3828125,77.3828125,87.3828125,17.3828125,27.3828125,0.0
44.8828125,94.8828125,94.8828125,74.8828125,64.8828125,14.8828125,94.8828125,84.8828125,0.0
99.8828125,99.8828125,99.8828125,19.8828125,99.8828125,19.8828125,99.8828125,99.8828125,0.0
0.1171875,70.1171875,60.1171875,0.1171875,90.1171875,10.1171875,40.1171875,60.1171875,0.0
45.1171875,85.1171875,95.1171875,55.1171875,45.1171875,15.1171875,55.1171875,25.1171875,0.0
92.6171875,22.6171875,82.6171875,2.6171875,12.6171875,92.6171875,12.6171875,92.6171875,1.0
27.6171875,97.6171875,7.6171875,97.6171875,67.6171875,27.6171875,17.6171875,57.6171875,0.0
91.3671875,21.3671875,51.3671875,91.3671875,11.3671875,31.3671875,11.3671875,81.3671875,0.0
86.3671875,66.3671875,96.3671875,6.3671875,96.3671875,16.3671875,26.3671875,6.3671875,1.0
83.8671875,23.8671875,93.8671875,53.8671875,13.8671875,13.8671875,43.8671875,93.8671875,0.0
98.8671875,28.8671875,28.8671875,8.8671875,18.8671875,98.8671875,88.8671875,98.8671875,1.0
90.7421875,0.7421875,0.7421875,0.7421875,10.7421875,10.7421875,90.7421875,80.7421875,1.0
95.7421875,15.7421875,25.7421875,5.7421875,15.7421875,15.7421875,15.7421875,25.7421875,1.0
3.2421875,93.2421875,53.2421875,93.2421875,13.2421875,73.2421875,73.2421875,53.2421875,1.0
68.2421875,98.2421875,98.2421875,48.2421875,98.2421875,68.2421875,58.2421875,88.2421875,1.0
1.9921875,21.9921875,51.9921875,61.9921875,11.9921875,11.9921875,11.9921875,1.9921875,1.0
16.9921875,96.9921875,16.9921875,96.9921875,16.9921875,16.9921875,66.9921875,56.9921875,0.0
4.4921875,74.4921875,94.4921875,24.4921875,54.4921875,44.4921875,14.4921875,54.4921875,0.0
79.4921875,99.4921875,69.4921875,49.4921875,99.4921875,59.4921875,49.4921875,99.4921875,1.0
40.4296875,30.4296875,0.4296875,0.4296875,10.4296875,10.4296875,10.4296875,90.4296875,0.0
75.4296875,95.4296875,95.4296875,45.4296875,95.4296875,65.4296875,45.4296875,65.4296875,1.0
92.9296875,22.9296875,42.9296875,32.9296875,22.9296875,32.9296875,12.9296875,32.9296875,1.0
47.9296875,97.9296875,97.9296875,97.9296875,17.9296875,67.9296875,47.9296875,27.9296875,1.0
91.6796875,51.6796875,51.6796875,91.6796875,61.6796875,61.6796875,11.6796875,61.6796875,0.0
36.6796875,96.6796875,16.6796875,6.6796875,16.6796875,16.6796875,46.6796875,36.6796875,0.0
84.1796875,94.1796875,4.1796875,94.1796875,14.1796875,64.1796875,44.1796875,94.1796875,1.0
69.1796875,99.1796875,69.1796875,59.1796875,79.1796875,49.1796875,49.1796875,99.1796875,0.0
91.0546875,51.0546875,41.0546875,1.0546875,91.0546875,11.0546875,51.0546875,91.0546875,0.0
96.0546875,56.0546875,46.0546875,6.0546875,36.0546875,96.0546875,16.0546875,96.0546875,1.0
3.5546875,93.5546875,23.5546875,43.5546875,13.5546875,13.5546875,83.5546875,93.5546875,0.0
18.5546875,98.5546875,78.5546875,18.5546875,48.5546875,18.5546875,98.5546875,58.5546875,1.0
2.3046875,62.3046875,2.3046875,2.3046875,12.3046875,12.3046875,12.3046875,12.3046875,0.0
47.3046875,97.3046875,97.3046875,7.3046875,27.3046875,47.3046875,57.3046875,97.3046875,0.0
44.8046875,54.8046875,54.8046875,14.8046875,44.8046875,14.8046875,34.8046875,24.8046875,0.0
59.8046875,99.8046875,9.8046875,99.8046875,19.8046875,69.8046875,29.8046875,89.8046875,1.0
0.2734375,70.2734375,0.2734375,50.2734375,50.2734375,10.2734375,10.2734375,50.2734375,0.0
45.2734375,95.2734375,25.2734375,5.2734375,15.2734375,65.2734375,15.2734375,5.2734375,1.0
2.7734375,92.7734375,62.7734375,32.7734375,62.7734375,12.7734375,92.7734375,62.7734375,1.0
57.7734375,57.7734375,67.7734375,67.7734375,97.7734375,17.7734375,17.7734375,17.7734375,0.0
1.5234375,81.5234375,1.5234375,81.5234375,11.5234375,61.5234375,11.5234375,71.5234375,0.0
66.5234375,96.5234375,96.5234375,46.5234375,96.5234375,96.5234375,16.5234375,56.5234375,0.0
54.0234375,94.0234375,44.0234375,24.0234375,14.0234375,44.0234375,14.0234375,4.0234375,1.0
39.0234375,89.0234375,99.0234375,99.0234375,29.0234375,49.0234375,59.0234375,99.0234375,0.0
30.8984375,90.8984375,40.8984375,10.8984375,10.8984375,70.8984375,10.8984375,10.8984375,1.0
95.8984375,55.8984375,45.8984375,55.8984375,95.8984375,75.8984375,15.8984375,95.8984375,1.0
33.3984375,43.3984375,93.3984375,23.3984375,13.3984375,13.3984375,63.3984375,83.3984375,0.0
68.3984375,98.3984375,8.3984375,98.3984375,18.3984375,58.3984375,28.3984375,98.3984375,1.0
2.1484375,32.1484375,52.1484375,42.1484375,12.1484375,52.1484375,12.1484375,32.1484375,1.0
77.1484375,97.1484375,7.1484375,97.1484375,17.1484375,57.1484375,17.1484375,87.1484375,0.0
4.6484375,94.6484375,94.6484375,64.6484375,14.6484375,74.6484375,44.6484375,74.6484375,0.0
99.6484375,99.6484375,99.6484375,49.6484375,29.6484375,99.6484375,29.6484375,49.6484375,0.0
0.5859375,60.5859375,0.5859375,0.5859375,10.5859375,10.5859375,60.5859375,80.5859375,1.0
95.5859375,95.5859375,65.5859375,95.5859375,15.5859375,55.5859375,15.5859375,5.5859375,1.0
43.0859375,53.0859375,93.0859375,33.0859375,13.0859375,53.0859375,13.0859375,23.0859375,0.0
38.0859375,98.0859375,58.0859375,88.0859375,18.0859375,18.0859375,98.0859375,98.0859375,0.0
91.8359375,41.8359375,1.8359375,1.8359375,91.8359375,21.8359375,11.8359375,1.8359375,1.0
96.8359375,66.8359375,46.8359375,6.8359375,46.8359375,86.8359375,16.8359375,96.8359375,0.0
44.3359375,54.3359375,54.3359375,64.3359375,14.3359375,14.3359375,54.3359375,54.3359375,0.0
99.3359375,69.3359375,99.3359375,19.3359375,99.3359375,19.3359375,19.3359375,9.3359375,0.0
81.2109375,91.2109375,1.2109375,1.2109375,71.2109375,61.2109375,11.2109375,61.2109375,1.0
96.2109375,96.2109375,66.2109375,46.2109375,16.2109375,16.2109375,86.2109375,56.2109375,0.0
43.7109375,93.7109375,33.7109375,93.7109375,43.7109375,13.7109375,13.7109375,3.7109375,0.0
98.7109375,98.7109375,98.7109375,98.7109375,18.7109375,48.7109375,88.7109375,98.7109375,1.0
2.4609375,92.4609375,2.4609375,52.4609375,12.4609375,12.4609375,62.4609375,2.4609375,1.0
47.4609375,97.4609375,97.4609375,97.4609375,17.4609375,87.4609375,27.4609375,37.4609375,0.0
4.9609375,74.9609375,74.9609375,84.9609375,94.9609375,44.9609375,14.9609375,64.9609375,1.0
9.9609375,69.9609375,99.9609375,99.9609375,49.9609375,59.9609375,19.9609375,59.9609375,1.0
0.01953125,70.01953125,70.01953125,90.01953125,10.01953125,10.01953125,10.01953125,10.01953125,0.0
75.01953125,95.01953125,95.01953125,5.01953125,35.01953125,15.01953125,65.01953125,45.01953125,0.0
2.51953125,52.51953125,52.51953125,2.51953125,52.51953125,52.51953125,12.51953125,92.51953125,1.0
67.51953125,97.51953125,47.51953125,97.51953125,97.51953125,17.51953125,57.51953125,67.51953125,0.0
1.26953125,91.26953125,51.26953125,71.26953125,61.26953125,11.26953125,61.26953125,91.26953125,1.0
6.26953125,86.26953125,96.26953125,76.26953125,96.26953125,46.26953125,16.26953125,56.26953125,1.0
93.76953125,43.76953125,53.76953125,33.76953125,13.76953125,13.76953125,13.76953125,23.76953125,0.0
98.76953125,58.76953125,48.76953125,38.76953125,98.76953125,58.76953125,18.76953125,98.76953125,0.0
0.64453125,60.64453125,30.64453125,90.64453125,50.64453125,10.64453125,10.64453125,90.64453125,0.0
45.64453125,35.64453125,45.64453125,45.64453125,45.64453125,15.64453125,15.64453125,95.64453125,0.0
53.14453125,93.14453125,43.14453125,3.14453125,83.14453125,13.14453125,63.14453125,33.14453125,1.0
78.14453125,58.14453125,98.14453125,78.14453125,18.14453125,18.14453125,88.14453125,98.14453125,1.0
41.89453125,51.89453125,71.89453125,91.89453125,61.89453125,81.89453125,11.89453125,91.89453125,0.0
96.89453125,96.89453125,66.89453125,86.89453125,36.89453125,46.89453125,16.89453125,6.89453125,1.0
4.39453125,94.39453125,54.39453125,4.39453125,44.39453125,94.39453125,14.39453125,64.39453125,1.0
99.39453125,99.39453125,69.39453125,59.39453125,19.39453125,79.39453125,49.39453125,99.39453125,1.0
0.33203125,30.33203125,50.33203125,30.33203125,10.33203125,10.33203125,10.33203125,10.33203125,0.0
35.33203125,95.33203125,65.33203125,25.33203125,35.33203125,15.33203125,95.33203125,65.33203125,0.0
12.83203125,42.83203125,12.83203125,2.83203125,92.83203125,12.83203125,12.83203125,82.83203125,0.0
7.83203125,97.83203125,97.83203125,97.83203125,57.83203125,37.83203125,17.83203125,7.83203125,0.0
81.58203125,91.58203125,21.58203125,1.58203125,51.58203125,11.58203125,61.58203125,61.58203125,0.0
66.58203125,66.58203125,96.58203125,56.58203125,16.58203125,16.58203125,96.58203125,86.58203125,0.0
34.08203125,24.08203125,84.08203125,54.08203125,54.08203125,44.08203125,14.08203125,54.08203125,1.0
79.08203125,99.08203125,49.08203125,49.08203125,49.08203125,99.08203125,19.08203125,69.08203125,0.0
50.95703125,40.95703125,0.95703125,90.95703125,10.95703125,30.95703125,10.95703125,70.95703125,0.0
55.95703125,65.95703125,5.95703125,95.95703125,95.95703125,45.95703125,15.95703125,95.95703125,1.0
93.45703125,13.45703125,53.45703125,53.45703125,53.45703125,13.45703125,13.45703125,63.45703125,0.0
18.45703125,98.45703125,38.45703125,38.45703125,18.45703125,48.45703125,38.45703125,98.45703125,0.0
92.20703125,52.20703125,82.20703125,12.20703125,12.20703125,82.20703125,12.20703125,32.20703125,0.0
97.20703125,97.20703125,57.20703125,7.20703125,57.20703125,17.20703125,97.20703125,97.20703125,0.0
44.70703125,34.70703125,94.70703125,64.70703125,54.70703125,54.70703125,14.70703125,54.70703125,1.0
99.70703125,99.70703125,79.70703125,99.70703125,19.70703125,99.70703125,39.70703125,99.70703125,0.0
0.17578125,40.17578125,50.17578125,20.17578125,80.17578125,70.17578125,10.17578125,70.17578125,1.0
35.17578125,55.17578125,75.17578125,5.17578125,35.17578125,95.17578125,15.17578125,95.17578125,0.0
12.67578125,52.67578125,92.67578125,32.67578125,52.67578125,12.67578125,12.67578125,2.67578125,0.0
7.67578125,97.67578125,17.67578125,27.67578125,67.67578125,17.67578125,57.67578125,97.67578125,1.0
61.42578125,61.42578125,1.42578125,91.42578125,71.42578125,51.42578125,11.42578125,91.42578125,1.0
76.42578125,96.42578125,96.42578125,56.42578125,96.42578125,56.42578125,16.42578125,6.42578125,1.0
3.92578125,93.92578125,93.92578125,73.92578125,93.92578125,43.92578125,13.92578125,53.92578125,0.0
8.92578125,98.92578125,98.92578125,8.92578125,58.92578125,98.92578125,18.92578125,68.92578125,1.0
0.80078125,50.80078125,40.80078125,40.80078125,60.80078125,90.80078125,10.80078125,70.80078125,1.0
5.80078125,85.80078125,95.80078125,25.80078125,65.80078125,15.80078125,95.80078125,95.80078125,1.0
93.30078125,53.30078125,13.30078125,43.30078125,23.30078125,13.30078125,43.30078125,53.30078125,1.0
8.30078125,58.30078125,58.30078125,18.30078125,58.30078125,38.30078125,28.30078125,98.30078125,1.0
72.05078125,12.05078125,22.05078125,2.05078125,32.05078125,12.05078125,12.05078125,42.05078125,0.0
97.05078125,97.05078125,97.05078125,37.05078125,17.05078125,47.05078125,17.05078125,17.05078125,0.0
4.55078125,94.55078125,34.55078125,94.55078125,34.55078125,64.55078125,14.55078125,24.55078125,0.0
99.55078125,39.55078125,99.55078125,69.55078125,99.55078125,39.55078125,19.55078125,99.55078125,0.0
10.48828125,40.48828125,20.48828125,50.48828125,10.48828125,70.48828125,10.48828125,30.48828125,1.0
45.48828125,85.48828125,35.48828125,95.48828125,45.48828125,95.48828125,15.48828125,55.48828125,0.0
2.98828125,62.98828125,72.98828125,92.98828125,12.98828125,12.98828125,52.98828125,92.98828125,0.0
7.98828125,97.98828125,47.98828125,67.98828125,57.98828125,17.98828125,57.98828125,97.98828125,0.0
1.73828125,61.73828125,51.73828125,51.73828125,61.73828125,81.73828125,11.73828125,61.73828125,1.0
96.73828125,96.73828125,66.73828125,6.73828125,36.73828125,56.73828125,56.73828125,86.73828125,1.0
94.23828125,44.23828125,24.23828125,84.23828125,94.23828125,14.23828125,14.23828125,44.23828125,0.0
89.23828125,69.23828125,99.23828125,69.23828125,19.23828125,59.23828125,49.23828125,99.23828125,1.0
91.11328125,51.11328125,1.11328125,1.11328125,91.11328125,11.11328125,11.11328125,11.11328125,1.0
56.11328125,96.11328125,6.11328125,36.11328125,36.11328125,46.11328125,16.11328125,66.11328125,0.0
3.61328125,73.61328125,93.61328125,3.61328125,53.61328125,23.61328125,53.61328125,93.61328125,1.0
98.61328125,98.61328125,88.61328125,78.61328125,28.61328125,18.61328125,48.61328125,18.61328125,0.0
62.36328125,92.36328125,52.36328125,2.36328125,12.36328125,62.36328125,12.36328125,12.36328125,0.0
97.36328125,97.36328125,57.36328125,77.36328125,47.36328125,57.36328125,17.36328125,17.36328125,0.0
54.86328125,74.86328125,44.86328125,14.86328125,94.86328125,14.86328125,54.86328125,44.86328125,1.0
99.86328125,99.86328125,99.86328125,99.86328125,19.86328125,39.86328125,79.86328125,99.86328125,0.0
40.09765625,50.09765625,0.09765625,90.09765625,90.09765625,10.09765625,10.09765625,90.09765625,0.0
25.09765625,55.09765625,55.09765625,95.09765625,95.09765625,15.09765625,15.09765625,65.09765625,0.0
2.59765625,92.59765625,92.59765625,2.59765625,12.59765625,52.59765625,12.59765625,2.59765625,1.0
57.59765625,37.59765625,87.59765625,67.59765625,57.59765625,37.59765625,17.59765625,57.59765625,0.0
91.34765625,1.34765625,1.34765625,61.34765625,11.34765625,11.34765625,11.34765625,81.34765625,1.0
56.34765625,26.34765625,56.34765625,26.34765625,96.34765625,16.34765625,16.34765625,76.34765625,0.0
93.84765625,33.84765625,93.84765625,3.84765625,33.84765625,93.84765625,13.84765625,83.84765625,0.0
48.84765625,98.84765625,98.84765625,8.84765625,98.84765625,48.84765625,38.84765625,68.84765625,1.0
0.72265625,30.72265625,20.72265625,90.72265625,10.72265625,10.72265625,10.72265625,40.72265625,0.0
5.72265625,75.72265625,95.72265625,95.72265625,45.72265625,65.72265625,15.72265625,55.72265625,0.0
3.22265625,93.22265625,83.22265625,13.22265625,13.22265625,13.22265625,53.22265625,3.22265625,1.0
98.22265625,58.22265625,8.22265625,98.22265625,98.22265625,18.22265625,28.22265625,98.22265625,0.0
91.97265625,91.97265625,1.97265625,91.97265625,11.97265625,11.97265625,11.97265625,1.97265625,1.0
56.97265625,16.97265625,96.97265625,6.97265625,56.97265625,16.97265625,16.97265625,56.97265625,0.0
84.47265625,44.47265625,94.47265625,34.47265625,54.47265625,14.47265625,44.47265625,24.47265625,0.0
99.47265625,99.47265625,59.47265625,59.47265625,19.47265625,49.47265625,49.47265625,99.47265625,1.0
30.41015625,50.41015625,30.41015625,40.41015625,10.41015625,70.41015625,10.41015625,20.41015625,0.0
45.41015625,95.41015625,55.41015625,95.41015625,15.41015625,45.41015625,55.41015625,35.41015625,1.0
42.91015625,92.91015625,2.91015625,62.91015625,12.91015625,92.91015625,12.91015625,92.91015625,0.0
47.91015625,37.91015625,97.91015625,97.91015625,87.91015625,17.91015625,17.91015625,97.91015625,0.0
41.66015625,91.66015625,1.66015625,1.66015625,11.66015625,11.66015625,71.66015625,91.66015625,1.0
96.66015625,16.66015625,36.66015625,96.66015625,66.66015625,26.66015625,16.66015625,96.66015625,1.0
74.16015625,94.16015625,4.16015625,64.16015625,54.16015625,14.16015625,54.16015625,94.16015625,1.0
49.16015625,99.16015625,99.16015625,9.16015625,99.16015625,39.16015625,39.16015625,69.16015625,0.0
1.03515625,61.03515625,31.03515625,11.03515625,11.03515625,91.03515625,11.03515625,91.03515625,0.0
96.03515625,96.03515625,76.03515625,6.03515625,56.03515625,56.03515625,46.03515625,86.03515625,0.0
3.53515625,53.53515625,23.53515625,33.53515625,13.53515625,13.53515625,53.53515625,43.53515625,1.0
48.53515625,98.53515625,48.53515625,18.53515625,98.53515625,18.53515625,48.53515625,38.53515625,1.0
2.28515625,22.28515625,62.28515625,92.28515625,12.28515625,12.28515625,12.28515625,82.28515625,0.0
27.28515625,97.28515625,7.28515625,37.28515625,57.28515625,17.28515625,17.28515625,7.28515625,1.0
54.78515625,54.78515625,4.78515625,94.78515625,54.78515625,14.78515625,14.78515625,34.78515625,0.0
99.78515625,69.78515625,79.78515625,59.78515625,19.78515625,49.78515625,39.78515625,99.78515625,0.0
0.25390625,60.25390625,0.25390625,30.25390625,10.25390625,10.25390625,40.25390625,80.25390625,0.0
5.25390625,75.25390625,95.25390625,5.25390625,55.25390625,15.25390625,45.25390625,95.25390625,0.0
62.75390625,92.75390625,42.75390625,52.75390625,12.75390625,12.75390625,32.75390625,12.75390625,0.0
7.75390625,57.75390625,57.75390625,7.75390625,57.75390625,47.75390625,17.75390625,97.75390625,1.0
91.50390625,51.50390625,91.50390625,61.50390625,81.50390625,81.50390625,11.50390625,41.50390625,0.0
46.50390625,96.50390625,46.50390625,16.50390625,96.50390625,16.50390625,46.50390625,46.50390625,0.0
4.00390625,64.00390625,54.00390625,54.00390625,54.00390625,14.00390625,34.00390625,54.00390625,1.0
49.00390625,79.00390625,29.00390625,99.00390625,99.00390625,49.00390625,19.00390625,99.00390625,0.0
90.87890625,60.87890625,0.87890625,0.87890625,80.87890625,10.87890625,10.87890625,10.87890625,1.0
95.87890625,95.87890625,5.87890625,45.87890625,25.87890625,15.87890625,65.87890625,95.87890625,1.0
3.37890625,53.37890625,43.37890625,33.37890625,73.37890625,43.37890625,13.37890625,93.37890625,1.0
48.37890625,88.37890625,58.37890625,98.37890625,28.37890625,38.37890625,48.37890625,38.37890625,1.0
42.12890625,92.12890625,2.12890625,2.12890625,12.12890625,12.12890625,62.12890625,92.12890625,1.0
67.12890625,97.12890625,97.12890625,7.12890625,87.12890625,87.12890625,37.12890625,97.12890625,1.0
54.62890625,94.62890625,54.62890625,94.62890625,14.62890625,64.62890625,44.62890625,74.62890625,0.0
59.62890625,99.62890625,19.62890625,59.62890625,69.62890625,19.62890625,49.62890625,99.62890625,0.0
90.56640625,50.56640625,60.56640625,90.56640625,10.56640625,10.56640625,70.56640625,80.56640625,1.0
5.56640625,55.56640625,55.56640625,15.56640625,65.56640625,35.56640625,15.56640625,95.56640625,1.0
63.06640625,93.06640625,63.06640625,3.06640625,93.06640625,13.06640625,13.06640625,3.06640625,0.0
78.06640625,88.06640625,88.06640625,38.06640625,68.06640625,18.06640625,98.06640625,58.06640625,0.0
81.81640625,81.81640625,1.81640625,81.81640625,61.81640625,61.81640625,11.81640625,51.81640625,1.0
76.81640625,96.81640625,96.81640625,56.81640625,86.81640625,46.81640625,16.81640625,6.81640625,1.0
44.31640625,54.31640625,94.31640625,54.31640625,14.31640625,54.31640625,44.31640625,94.31640625,1.0
59.31640625,79.31640625,69.31640625,99.31640625,59.31640625,19.31640625,39.31640625,29.31640625,0.0
51.19140625,31.19140625,91.19140625,21.19140625,91.19140625,11.19140625,11.19140625,11.19140625,0.0
26.19140625,46.19140625,46.19140625,6.19140625,16.19140625,26.19140625,36.19140625,96.19140625,1.0
23.69140625,3.69140625,93.69140625,3.69140625,13.69140625,13.69140625,13.69140625,23.69140625,1.0
68.69140625,98.69140625,98.69140625,48.69140625,98.69140625,18.69140625,48.69140625,18.69140625,0.0
92.44140625,92.44140625,2.44140625,2.44140625,92.44140625,52.44140625,12.44140625,72.44140625,0.0
7.44140625,97.44140625,37.44140625,47.44140625,57.44140625,47.44140625,17.44140625,57.44140625,1.0
14.94140625,94.94140625,54.94140625,4.94140625,14.94140625,64.94140625,24.94140625,44.94140625,0.0
49.94140625,89.94140625,99.94140625,99.94140625,69.94140625,99.94140625,19.94140625,59.94140625,0.0
0.05859375,40.05859375,50.05859375,40.05859375,90.05859375,10.05859375,10.05859375,40.05859375,0.0
95.05859375,95.05859375,55.05859375,5.05859375,15.05859375,85.05859375,25.05859375,55.05859375,0.0
2.55859375,92.55859375,62.55859375,2.55859375,72.55859375,12.55859375,32.55859375,2.55859375,1.0
97.55859375,57.55859375,77.55859375,47.55859375,87.55859375,17.55859375,67.55859375,97.55859375,0.0
91.30859375,1.30859375,91.30859375,91.30859375,51.30859375,11.30859375,11.30859375,91.30859375,1.0
36.30859375,96.30859375,6.30859375,6.30859375,16.30859375,16.30859375,56.30859375,96.30859375,1.0
23.80859375,23.80859375,93.80859375,3.80859375,13.80859375,13.80859375,13.80859375,23.80859375,0.0
98.80859375,38.80859375,88.80859375,8.80859375,88.80859375,18.80859375,58.80859375,58.80859375,1.0
40.68359375,50.68359375,0.68359375,30.68359375,10.68359375,60.68359375,10.68359375,90.68359375,0.0
25.68359375,25.68359375,95.68359375,45.68359375,95.68359375,15.68359375,15.68359375,55.68359375,0.0
13.18359375,63.18359375,93.18359375,63.18359375,13.18359375,13.18359375,93.18359375,63.18359375,0.0
8.18359375,68.18359375,28.18359375,98.18359375,18.18359375,98.18359375,18.18359375,98.18359375,0.0
1.93359375,91.93359375,1.93359375,51.93359375,11.93359375,51.93359375,11.93359375,1.93359375,1.0
96.93359375,56.93359375,56.93359375,36.93359375,96.93359375,46.93359375,16.93359375,26.93359375,1.0
94.43359375,94.43359375,4.43359375,34.43359375,14.43359375,14.43359375,44.43359375,74.43359375,1.0
9.43359375,9.43359375,99.43359375,99.43359375,19.43359375,39.43359375,29.43359375,9.43359375,1.0
90.37109375,40.37109375,0.37109375,0.37109375,10.37109375,10.37109375,60.37109375,90.37109375,1.0
95.37109375,55.37109375,55.37109375,15.37109375,85.37109375,55.37109375,15.37109375,5.37109375,1.0
12.87109375,2.87109375,92.87109375,92.87109375,12.87109375,12.87109375,12.87109375,22.87109375,1.0
97.87109375,57.87109375,47.87109375,7.87109375,97.87109375,67.87109375,17.87109375,37.87109375,1.0
41.62109375,11.62109375,41.62109375,91.62109375,51.62109375,11.62109375,11.62109375,61.62109375,0.0
16.62109375,6.62109375,96.62109375,96.62109375,16.62109375,16.62109375,16.62109375,36.62109375,1.0
94.12109375,64.12109375,54.12109375,4.12109375,94.12109375,64.12109375,14.12109375,24.12109375,1.0
9.12109375,99.12109375,89.12109375,99.12109375,99.12109375,19.12109375,69.12109375,89.12109375,1.0
90.99609375,0.99609375,90.99609375,0.99609375,50.99609375,10.99609375,10.99609375,0.99609375,1.0
95.99609375,35.99609375,55.99609375,5.99609375,15.99609375,55.99609375,45.99609375,95.99609375,1.0
73.49609375,53.49609375,43.49609375,73.49609375,13.49609375,93.49609375,13.49609375,43.49609375,0.0
68.49609375,98.49609375,38.49609375,88.49609375,28.49609375,18.49609375,98.49609375,48.49609375,1.0
2.24609375,82.24609375,2.24609375,42.24609375,52.24609375,52.24609375,12.24609375,92.24609375,1.0
87.24609375,97.24609375,7.24609375,87.24609375,57.24609375,97.24609375,17.24609375,97.24609375,1.0
4.74609375,64.74609375,54.74609375,24.74609375,64.74609375,34.74609375,14.74609375,94.74609375,0.0
99.74609375,99.74609375,99.74609375,39.74609375,99.74609375,59.74609375,49.74609375,59.74609375,1.0
0.21484375,0.21484375,90.21484375,80.21484375,10.21484375,10.21484375,10.21484375,20.21484375,1.0
75.21484375,55.21484375,15.21484375,5.21484375,45.21484375,15.21484375,35.21484375,95.21484375,0.0
92.71484375,42.71484375,62.71484375,2.71484375,12.71484375,52.71484375,42.71484375,92.71484375,1.0
97.71484375,17.71484375,37.71484375,97.71484375,67.71484375,17.71484375,17.71484375,97.71484375,0.0
91.46484375,91.46484375,1.46484375,91.46484375,31.46484375,11.46484375,11.46484375,1.46484375,1.0
26.46484375,96.46484375,76.46484375,86.46484375,16.46484375,56.46484375,66.46484375,26.46484375,1.0
3.96484375,93.96484375,3.96484375,43.96484375,53.96484375,43.96484375,13.96484375,93.96484375,1.0
58.96484375,58.96484375,88.96484375,8.96484375,58.96484375,48.96484375,28.96484375,98.96484375,0.0
90.83984375,90.83984375,0.83984375,40.83984375,10.83984375,10.83984375,30.83984375,90.83984375,0.0
5.83984375,95.83984375,75.83984375,5.83984375,55.83984375,95.83984375,15.83984375,65.83984375,1.0
93.33984375,53.33984375,73.33984375,93.33984375,93.33984375,93.33984375,13.33984375,93.33984375,0.0
58.33984375,48.33984375,8.33984375,38.33984375,98.33984375,18.33984375,18.33984375,98.33984375,0.0
32.08984375,22.08984375,62.08984375,52.08984375,12.08984375,62.08984375,12.08984375,62.08984375,0.0
97.08984375,37.08984375,57.08984375,37.08984375,17.08984375,57.08984375,17.08984375,67.08984375,1.0
4.58984375,74.58984375,64.58984375,64.58984375,54.58984375,14.58984375,34.58984375,54.58984375,0.0
99.58984375,99.58984375,39.58984375,59.58984375,29.58984375,49.58984375,29.58984375,69.58984375,0.0
0.52734375,30.52734375,0.52734375,60.52734375,10.52734375,90.52734375,10.52734375,80.52734375,1.0
15.52734375,95.52734375,25.52734375,55.52734375,15.52734375,35.52734375,35.52734375,45.52734375,0.0
73.02734375,93.02734375,93.02734375,3.02734375,13.02734375,13.02734375,93.02734375,93.02734375,0.0
8.02734375,98.02734375,98.02734375,8.02734375,58.02734375,98.02734375,18.02734375,88.02734375,0.0
51.77734375,31.77734375,91.77734375,91.77734375,11.77734375,91.77734375,11.77734375,31.77734375,0.0
36.77734375,56.77734375,96.77734375,66.77734375,46.77734375,16.77734375,56.77734375,86.77734375,0.0
94.27734375,54.27734375,54.27734375,4.27734375,74.27734375,64.27734375,14.27734375,54.27734375,0.0
69.27734375,99.27734375,49.27734375,9.27734375,99.27734375,49.27734375,39.27734375,89.27734375,1.0
31.15234375,51.15234375,51.15234375,1.15234375,11.15234375,21.15234375,31.15234375,91.15234375,0.0
66.15234375,16.15234375,66.15234375,96.15234375,96.15234375,16.15234375,16.15234375,56.15234375,0.0
93.65234375,53.65234375,63.65234375,93.65234375,13.65234375,13.65234375,53.65234375,83.65234375,0.0
88.65234375,98.65234375,98.65234375,98.65234375,98.65234375,38.65234375,18.65234375,8.65234375,0.0
92.40234375,92.40234375,2.40234375,62.40234375,62.40234375,72.40234375,12.40234375,72.40234375,1.0
97.40234375,97.40234375,57.40234375,7.40234375,57.40234375,17.40234375,47.40234375,17.40234375,0.0
34.90234375,54.90234375,64.90234375,44.90234375,54.90234375,84.90234375,14.90234375,54.90234375,1.0
99.90234375,79.90234375,99.90234375,49.90234375,89.90234375,59.90234375,39.90234375,69.90234375,1.0
0.13671875,80.13671875,70.13671875,0.13671875,90.13671875,10.13671875,20.13671875,0.13671875,1.0
95.13671875,95.13671875,5.13671875,85.13671875,55.13671875,35.13671875,15.13671875,45.13671875,0.0
2.63671875,92.63671875,62.63671875,2.63671875,82.63671875,12.63671875,12.63671875,2.63671875,0.0
7.63671875,97.63671875,67.63671875,97.63671875,97.63671875,17.63671875,47.63671875,77.63671875,1.0
61.38671875,31.38671875,31.38671875,31.38671875,91.38671875,11.38671875,11.38671875,21.38671875,0.0
96.38671875,36.38671875,96.38671875,6.38671875,96.38671875,16.38671875,46.38671875,56.38671875,1.0
3.88671875,93.88671875,3.88671875,13.88671875,93.88671875,13.88671875,13.88671875,63.88671875,0.0
68.88671875,98.88671875,98.88671875,8.88671875,98.88671875,88.88671875,28.88671875,98.88671875,1.0
60.76171875,90.76171875,20.76171875,50.76171875,90.76171875,10.76171875,10.76171875,10.76171875,0.0
5.76171875,75.76171875,85.76171875,5.76171875,15.76171875,15.76171875,95.76171875,95.76171875,0.0
53.26171875,33.26171875,23.26171875,93.26171875,13.26171875,93.26171875,13.26171875,93.26171875,1.0
88.26171875,58.26171875,78.26171875,98.26171875,98.26171875,18.26171875,48.26171875,48.26171875,0.0
52.01171875,52.01171875,2.01171875,2.01171875,42.01171875,12.01171875,12.01171875,12.01171875,1.0
97.01171875,67.01171875,97.01171875,47.01171875,17.01171875,17.01171875,47.01171875,57.01171875,0.0
94.51171875,44.51171875,54.51171875,34.51171875,14.51171875,54.51171875,14.51171875,64.51171875,0.0
59.51171875,99.51171875,99.51171875,9.51171875,99.51171875,99.51171875,19.51171875,99.51171875,1.0
50.44921875,90.44921875,20.44921875,50.44921875,10.44921875,10.44921875,90.44921875,50.44921875,1.0
35.44921875,95.44921875,95.44921875,55.44921875,55.44921875,45.44921875,35.44921875,75.44921875,0.0
52.94921875,42.94921875,52.94921875,62.94921875,42.94921875,12.94921875,12.94921875,12.94921875,0.0
27.94921875,67.94921875,77.94921875,77.94921875,97.94921875,47.94921875,17.94921875,97.94921875,0.0
41.69921875,21.69921875,91.69921875,91.69921875,11.69921875,91.69921875,11.69921875,91.69921875,0.0
76.69921875,96.69921875,46.69921875,6.69921875,96.69921875,46.69921875,36.69921875,96.69921875,1.0
94.19921875,74.19921875,94.19921875,84.19921875,54.19921875,14.19921875,94.19921875,84.19921875,0.0
49.19921875,59.19921875,99.19921875,49.19921875,19.19921875,59.19921875,39.19921875,99.19921875,0.0
31.07421875,31.07421875,1.07421875,11.07421875,61.07421875,11.07421875,11.07421875,41.07421875,0.0
86.07421875,76.07421875,36.07421875,96.07421875,56.07421875,96.07421875,16.07421875,96.07421875,0.0
13.57421875,93.57421875,93.57421875,43.57421875,43.57421875,93.57421875,13.57421875,43.57421875,0.0
98.57421875,98.57421875,88.57421875,38.57421875,98.57421875,58.57421875,38.57421875,68.57421875,0.0
42.32421875,62.32421875,52.32421875,32.32421875,52.32421875,92.32421875,12.32421875,52.32421875,0.0
7.32421875,97.32421875,27.32421875,97.32421875,17.32421875,47.32421875,47.32421875,97.32421875,1.0
4.82421875,94.82421875,94.82421875,44.82421875,14.82421875,14.82421875,34.82421875,4.82421875,0.0
79.82421875,99.82421875,49.82421875,9.82421875,99.82421875,39.82421875,39.82421875,99.82421875,1.0
0.29296875,40.29296875,20.29296875,0.29296875,10.29296875,40.29296875,10.29296875,60.29296875,0.0
65.29296875,85.29296875,55.29296875,5.29296875,95.29296875,45.29296875,25.29296875,95.29296875,0.0
92.79296875,92.79296875,82.79296875,42.79296875,62.79296875,92.79296875,12.79296875,12.79296875,1.0
57.79296875,97.79296875,97.79296875,97.79296875,77.79296875,47.79296875,57.79296875,67.79296875,1.0
71.54296875,1.54296875,91.54296875,11.54296875,11.54296875,11.54296875,11.54296875,91.54296875,1.0
36.54296875,66.54296875,96.54296875,76.54296875,16.54296875,46.54296875,36.54296875,46.54296875,0.0
74.04296875,64.04296875,24.04296875,4.04296875,64.04296875,34.04296875,14.04296875,24.04296875,1.0
69.04296875,99.04296875,99.04296875,9.04296875,99.04296875,79.04296875,19.04296875,99.04296875,0.0
90.91796875,60.91796875,0.91796875,0.91796875,90.91796875,10.91796875,10.91796875,20.91796875,1.0
15.91796875,95.91796875,75.91796875,15.91796875,55.91796875,15.91796875,45.91796875,35.91796875,0.0
23.41796875,93.41796875,3.41796875,43.41796875,23.41796875,13.41796875,13.41796875,3.41796875,1.0
48.41796875,98.41796875,48.41796875,98.41796875,98.41796875,38.41796875,18.41796875,38.41796875,0.0
62.16796875,92.16796875,42.16796875,92.16796875,32.16796875,12.16796875,92.16796875,52.16796875,0.0
7.16796875,97.16796875,57.16796875,47.16796875,47.16796875,97.16796875,17.16796875,97.16796875,0.0
4.66796875,74.66796875,94.66796875,74.66796875,94.66796875,14.66796875,14.66796875,4.66796875,0.0
99.66796875,99.66796875,99.66796875,99.66796875,19.66796875,99.66796875,19.66796875,19.66796875,0.0
0.60546875,0.60546875,90.60546875,30.60546875,10.60546875,10.60546875,10.60546875,90.60546875,1.0
65.60546875,45.60546875,65.60546875,45.60546875,55.60546875,95.60546875,15.60546875,95.60546875,1.0
