0,0,0,0,10,10,10,0,1
90,70,40,90,30,10,20,40,0
0.02,10.02,90.02,10.02,90.02,90.02,90.02,10.02,1.0
0.04,0.04,90.04,0.04,10.04,90.04,70.04,0.04,1.0
0.06,0.06,70.06,20.06,10.06,90.06,90.06,0.06,1.0
0.08,0.08,90.08,60.08,40.08,90.08,90.08,0.08,1.0
0.1,0.1,90.1,80.1,20.1,90.1,90.1,0.1,1.0
0.12,80.12,90.12,80.12,10.12,90.12,90.12,90.12,1.0
0.14,90.14,90.14,90.14,90.14,90.14,70.14,0.14,1.0
0.16,10.16,90.16,90.16,10.16,90.16,80.16,0.16,1.0
0.18,0.18,90.18,80.18,10.18,10.18,90.18,0.18,1.0
0.2,0.2,90.2,90.2,10.2,60.2,10.2,0.2,1.0
0.22,90.22,90.22,90.22,10.22,20.22,90.22,0.22,1.0
90.24,0.24,0.24,0.24,10.24,10.24,40.24,0.24,1.0
0.26,10.26,90.26,90.26,10.26,10.26,30.26,0.26,1.0
40.28,0.28,90.28,70.28,10.28,10.28,10.28,0.28,1.0
80.3,10.3,90.3,90.3,10.3,10.3,40.3,0.3,1.0
30.32,40.32,20.32,50.32,10.32,20.32,20.32,20.32,1.0
50.34,50.34,30.34,70.34,10.34,10.34,20.34,30.34,0.0
60.36,70.36,50.36,90.36,10.36,10.36,40.36,40.36,0.0
90.38,90.38,70.38,90.38,10.38,10.38,30.38,50.38,0.0
90.4,90.4,20.4,90.4,10.4,10.4,50.4,60.4,0.0
80.42,90.42,60.42,90.42,10.42,10.42,80.42,60.42,0.0
90.44,60.44,10.44,50.44,10.44,10.44,30.44,50.44,0.0
50.46,90.46,30.46,80.46,10.46,10.46,10.46,90.46,0.0
90.48,90.48,20.48,90.48,10.48,70.48,10.48,60.48,0.0
80.5,90.5,0.5,40.5,10.5,10.5,80.5,90.5,1.0
90.52,90.52,50.52,40.52,10.52,10.52,20.52,80.52,0.0
90.54,50.54,10.54,90.54,10.54,30.54,10.54,90.54,0.0
60.56,20.56,10.56,10.56,10.56,10.56,10.56,30.56,0.0
90.58,10.58,0.58,20.58,10.58,10.58,20.58,90.58,1.0
90.6,70.6,70.6,90.6,10.6,50.6,10.6,90.6,0.0
90.62,30.62,60.62,60.62,10.62,10.62,10.62,70.62,0.0
90.64,60.64,30.64,50.64,10.64,30.64,70.64,90.64,1.0
90.66,20.66,60.66,90.66,10.66,10.66,10.66,10.66,0.0
40.68,80.68,90.68,90.68,10.68,10.68,10.68,80.68,0.0
90.7,90.7,90.7,80.7,50.7,10.7,10.7,90.7,0.0
90.72,50.72,60.72,10.72,50.72,10.72,10.72,40.72,0.0
90.74,90.74,80.74,50.74,90.74,10.74,10.74,40.74,0.0
90.76,80.76,70.76,50.76,40.76,60.76,10.76,40.76,0.0
90.78,80.78,90.78,0.78,80.78,20.78,10.78,90.78,0.0
40.8,50.8,90.8,30.8,30.8,10.8,10.8,70.8,0.0
90.82,10.82,90.82,0.8200000000000001,20.82,20.82,20.82,90.82,1.0
30.84,90.84,90.84,80.84,60.84,10.84,10.84,30.84,0.0
0.86,50.86,90.86,80.86,10.86,10.86,10.86,20.86,0.0
90.88,80.88,70.88,60.88,90.88,60.88,10.88,90.88,0.0
90.9,30.9,90.9,90.9,70.9,30.9,10.9,40.9,0.0
30.92,60.92,90.92,70.92,90.92,20.92,10.92,90.92,0.0
90.94,10.94,90.94,40.94,90.94,10.94,10.94,90.94,0.0
90.96,60.96,90.96,70.96,90.96,10.96,70.96,80.96,0.0
30.98,40.98,50.98,40.98,90.98,10.98,10.98,30.98,0.0
81.0,1.0,91.0,31.0,91.0,11.0,11.0,11.0,1.0
91.02,51.02,21.02,61.02,81.02,11.02,11.02,81.02,0.0
31.04,41.04,71.04,1.04,91.04,21.04,11.04,91.04,0.0
31.06,41.06,51.06,81.06,41.06,51.06,11.06,81.06,0.0
91.08,41.08,41.08,91.08,61.08,91.08,11.08,61.08,1.0
61.1,91.1,41.1,91.1,71.1,11.1,51.1,91.1,0.0
21.12,11.120000000000001,91.12,91.12,61.12,11.120000000000001,11.120000000000001,51.12,0.0
1.1400000000000001,21.14,41.14,31.14,31.14,11.14,11.14,51.14,0.0
11.16,91.16,91.16,81.16,51.16,11.16,61.16,91.16,0.0
91.18,91.18,41.18,21.18,91.18,11.18,61.18,91.18,0.0
81.2,21.2,51.2,1.2,61.2,11.2,61.2,91.2,1.0
41.22,91.22,31.22,21.22,61.22,11.22,11.22,71.22,0.0
31.24,91.24,91.24,91.24,61.24,91.24,11.24,91.24,0.0
91.26,81.26,31.26,1.26,91.26,61.26,11.26,61.26,0.0
21.28,91.28,61.28,31.28,91.28,71.28,11.28,91.28,0.0
1.3,91.3,31.3,91.3,61.3,21.3,11.3,61.3,0.0
91.32,61.32,1.32,1.32,41.32,11.32,11.32,91.32,0.0
91.34,91.34,1.34,91.34,81.34,61.34,11.34,91.34,1.0
61.36,21.36,91.36,91.36,91.36,71.36,11.36,91.36,1.0
1.3800000000000001,91.38,91.38,21.38,91.38,11.38,21.38,51.38,0.0
1.4000000000000001,91.4,61.4,41.4,21.4,41.4,11.4,91.4,0.0
11.42,91.42,61.42,91.42,11.42,61.42,11.42,41.42,0.0
1.44,41.44,1.44,91.44,11.44,11.44,11.44,71.44,0.0
1.46,91.46,51.46,31.46,31.46,11.46,11.46,21.46,0.0
71.48,91.48,91.48,91.48,91.48,71.48,11.48,31.48,0.0
61.5,91.5,41.5,1.5,91.5,11.5,11.5,11.5,0.0
51.52,91.52,91.52,21.52,51.52,11.52,61.52,91.52,0.0
61.54,91.54,81.54,11.54,31.54,61.54,11.54,91.54,0.0
1.56,91.56,41.56,71.56,91.56,11.56,21.56,1.56,1.0
91.58,31.58,71.58,1.58,71.58,11.58,61.58,91.58,1.0
61.6,91.6,21.6,51.6,51.6,71.6,11.6,91.6,0.0
1.62,1.62,41.62,91.62,11.620000000000001,11.620000000000001,11.620000000000001,21.62,1.0
11.64,71.64,1.6400000000000001,31.64,11.64,11.64,11.64,91.64,0.0
51.66,91.66,91.66,91.66,91.66,51.66,61.66,91.66,1.0
1.68,71.68,41.68,91.68,11.68,31.68,51.68,91.68,1.0
91.7,91.7,21.7,1.7,21.7,41.7,11.7,41.7,0.0
61.72,91.72,91.72,81.72,11.72,41.72,11.72,1.72,1.0
81.74,31.74,91.74,41.74,91.74,11.74,11.74,1.74,1.0
1.76,21.76,91.76,81.76,11.76,11.76,11.76,91.76,0.0
81.78,91.78,81.78,1.78,91.78,91.78,11.78,91.78,0.0
1.8,91.8,91.8,71.8,91.8,61.8,11.8,51.8,0.0
31.82,61.82,31.82,21.82,21.82,61.82,11.82,51.82,0.0
1.84,51.84,91.84,61.84,11.84,91.84,11.84,91.84,0.0
1.86,31.86,71.86,1.86,11.86,51.86,11.86,91.86,0.0
1.8800000000000001,91.88,91.88,1.8800000000000001,41.88,91.88,41.88,91.88,1.0
91.9,31.9,91.9,1.9000000000000001,31.9,41.9,11.9,91.9,0.0
1.92,91.92,11.92,91.92,11.92,61.92,11.92,91.92,0.0
51.94,51.94,41.94,1.94,11.94,11.94,41.94,91.94,0.0
1.96,91.96,1.96,81.96,11.96,11.96,11.96,21.96,0.0
1.98,81.98,91.98,1.98,41.98,91.98,11.98,81.98,0.0
2.0,92.0,12.0,2.0,52.0,72.0,12.0,92.0,1.0
2.02,92.02,32.02,72.02,12.02,12.02,62.02,92.02,0.0
52.04,92.04,72.04,62.04,12.04,92.04,42.04,92.04,0.0
2.06,82.06,52.06,2.06,62.06,32.06,52.06,92.06,1.0
92.08,62.08,42.08,12.08,12.08,92.08,12.08,72.08,0.0
92.1,92.1,92.1,32.1,62.1,72.1,62.1,92.1,1.0
92.12,82.12,92.12,92.12,52.12,12.120000000000001,12.120000000000001,2.12,0.0
2.14,2.14,92.14,42.14,72.14,22.14,12.14,92.14,1.0
72.16,92.16,2.16,42.16,42.16,12.16,52.16,92.16,1.0
2.18,92.18,72.18,82.18,12.18,12.18,62.18,32.18,0.0
62.2,52.2,92.2,92.2,12.2,52.2,12.2,32.2,0.0
52.22,52.22,92.22,32.22,72.22,62.22,12.22,62.22,0.0
62.24,92.24,92.24,92.24,52.24,42.24,52.24,62.24,0.0
72.26,82.26,22.26,42.26,12.26,92.26,12.26,22.26,0.0
92.28,92.28,92.28,92.28,12.280000000000001,92.28,32.28,52.28,0.0
2.3000000000000003,82.3,82.3,92.3,12.3,62.3,52.3,92.3,0.0
2.32,92.32,92.32,2.32,12.32,12.32,42.32,72.32,0.0
92.34,52.34,92.34,52.34,32.34,92.34,12.34,92.34,0.0
92.36,92.36,92.36,2.36,12.36,32.36,12.36,42.36,0.0
42.38,92.38,32.38,32.38,12.379999999999999,22.38,52.38,52.38,1.0
92.4,92.4,92.4,52.4,12.4,42.4,62.4,92.4,0.0
82.42,42.42,92.42,92.42,22.42,12.42,52.42,92.42,0.0
42.44,2.44,82.44,52.44,12.44,12.44,12.44,32.44,1.0
42.46,92.46,42.46,52.46,72.46,42.46,12.46,22.46,0.0
2.48,52.48,62.48,42.48,62.48,12.48,42.48,82.48,1.0
42.5,92.5,82.5,42.5,12.5,42.5,42.5,52.5,0.0
52.52,92.52,2.52,2.52,12.52,52.52,12.52,92.52,0.0
2.54,92.54,32.54,12.54,12.54,92.54,12.54,92.54,0.0
2.56,12.56,92.56,42.56,72.56,12.56,12.56,92.56,1.0
62.58,92.58,62.58,52.58,22.58,12.58,12.58,2.58,1.0
92.6,92.6,92.6,92.6,62.6,92.6,42.6,92.6,1.0
92.62,32.62,42.62,2.62,92.62,12.620000000000001,12.620000000000001,82.62,1.0
52.64,42.64,82.64,52.64,42.64,12.64,12.64,12.64,0.0
62.66,62.66,52.66,92.66,92.66,12.66,22.66,42.66,0.0
92.68,92.68,2.68,92.68,72.68,42.68,12.68,92.68,0.0
42.7,92.7,42.7,92.7,92.7,62.7,12.7,92.7,0.0
92.72,92.72,2.72,32.72,12.72,12.72,62.72,92.72,1.0
2.74,92.74,82.74,42.74,12.74,22.740000000000002,92.74,92.74,1.0
82.76,52.76,62.76,42.76,52.76,22.76,42.76,92.76,0.0
2.7800000000000002,92.78,92.78,42.78,52.78,62.78,52.78,92.78,1.0
92.8,12.8,62.8,92.8,62.8,12.8,12.8,92.8,0.0
62.82,32.82,92.82,92.82,72.82,62.82,12.82,92.82,0.0
2.84,52.84,92.84,42.84,12.84,32.84,52.84,92.84,0.0
2.86,92.86,52.86,52.86,92.86,12.86,32.86,92.86,0.0
92.88,92.88,52.88,92.88,52.88,92.88,22.88,92.88,0.0
92.9,92.9,22.9,42.9,62.9,12.9,12.9,32.9,0.0
42.92,22.92,22.92,52.92,12.92,12.92,12.92,92.92,0.0
42.94,82.94,92.94,32.94,92.94,12.94,12.94,2.94,0.0
2.96,52.96,32.96,22.96,62.96,42.96,12.96,92.96,1.0
92.98,92.98,92.98,2.98,92.98,52.98,12.98,32.98,0.0
43.0,93.0,73.0,53.0,93.0,13.0,53.0,43.0,0.0
93.02,13.02,43.02,3.02,13.02,13.02,13.02,83.02,1.0
93.04,83.04,83.04,43.04,43.04,13.04,53.04,43.04,0.0
63.06,3.06,93.06,93.06,13.06,13.06,23.06,53.06,1.0
43.08,53.08,3.08,93.08,63.08,13.08,13.08,93.08,0.0
83.1,33.1,93.1,33.1,93.1,13.1,13.1,23.1,0.0
83.12,93.12,93.12,93.12,93.12,13.120000000000001,53.12,23.12,0.0
43.14,93.14,83.14,3.14,53.14,33.14,13.14,43.14,0.0
23.16,93.16,73.16,33.16,13.16,93.16,13.16,43.16,0.0
3.18,53.18,73.18,93.18,93.18,13.18,13.18,13.18,0.0
93.2,53.2,43.2,93.2,63.2,63.2,13.2,53.2,0.0
63.22,13.22,33.22,93.22,53.22,13.22,13.22,43.22,0.0
83.24,93.24,3.24,23.240000000000002,93.24,23.240000000000002,13.24,93.24,0.0
83.26,93.26,3.2600000000000002,53.26,43.26,13.26,43.26,93.26,1.0
93.28,93.28,93.28,23.28,93.28,43.28,63.28,73.28,1.0
63.3,93.3,53.3,3.3000000000000003,53.3,93.3,13.3,43.3,0.0
93.32,63.32,93.32,3.3200000000000003,13.32,13.32,63.32,93.32,0.0
63.34,63.34,63.34,3.34,93.34,13.34,43.34,53.34,0.0
63.36,93.36,63.36,43.36,13.36,13.36,13.36,13.36,0.0
93.38,93.38,43.38,3.38,43.38,43.38,43.38,93.38,1.0
3.4,53.4,93.4,33.4,13.4,53.4,13.4,43.4,0.0
93.42,93.42,93.42,13.42,13.42,93.42,23.42,53.42,0.0
63.44,3.44,93.44,93.44,13.44,13.44,13.44,53.44,1.0
93.46,33.46,43.46,23.46,13.46,53.46,13.46,33.46,1.0
83.48,93.48,93.48,33.48,93.48,43.48,53.48,73.48,1.0
33.5,43.5,93.5,93.5,93.5,53.5,13.5,43.5,1.0
43.52,43.52,93.52,13.52,13.52,93.52,13.52,93.52,0.0
53.54,93.54,93.54,53.54,93.54,43.54,53.54,93.54,1.0
43.56,3.56,93.56,3.56,13.56,13.56,23.56,93.56,1.0
53.58,43.58,93.58,63.58,13.58,53.58,33.58,83.58,1.0
33.6,93.6,93.6,53.6,13.6,13.6,93.6,73.6,0.0
3.62,23.62,93.62,43.62,63.62,33.62,13.620000000000001,83.62,1.0
3.64,93.64,93.64,53.64,13.64,43.64,23.64,3.64,1.0
93.66,53.66,53.66,43.66,93.66,53.66,13.66,33.66,0.0
3.68,93.68,93.68,33.68,13.68,83.68,53.68,93.68,1.0
3.7,43.7,53.7,93.7,13.7,13.7,43.7,63.7,0.0
13.72,43.72,33.72,43.72,63.72,13.72,13.72,93.72,0.0
3.74,33.74,33.74,83.74,53.74,13.74,13.74,33.74,1.0
93.76,53.76,3.7600000000000002,3.7600000000000002,83.76,13.76,13.76,43.76,0.0
93.78,93.78,93.78,93.78,43.78,23.78,93.78,93.78,0.0
43.8,53.8,53.8,13.8,13.8,13.8,33.8,33.8,0.0
53.82,93.82,3.8200000000000003,93.82,53.82,13.82,13.82,43.82,0.0
43.84,53.84,33.84,53.84,13.84,93.84,13.84,93.84,0.0
43.86,53.86,93.86,93.86,13.86,13.86,83.86,53.86,0.0
23.88,83.88,93.88,43.88,53.88,63.88,43.88,93.88,1.0
3.9,63.9,93.9,23.9,63.9,43.9,23.9,93.9,1.0
53.92,43.92,83.92,53.92,13.92,53.92,33.92,93.92,1.0
93.94,93.94,43.94,63.94,83.94,93.94,13.94,43.94,0.0
93.96,93.96,33.96,3.96,43.96,53.96,23.96,93.96,0.0
3.98,53.98,93.98,93.98,43.98,53.98,13.98,53.98,1.0
4.0,94.0,94.0,94.0,14.0,74.0,64.0,4.0,1.0
94.02,24.02,64.02,14.02,14.02,74.02,74.02,94.02,1.0
54.04,84.04,44.04,94.04,14.04,74.04,64.04,44.04,1.0
94.06,34.06,44.06,4.0600000000000005,24.060000000000002,54.06,64.06,94.06,1.0
44.08,94.08,94.08,94.08,14.08,24.08,34.08,4.08,1.0
44.1,94.1,24.1,74.1,14.1,54.1,54.1,64.1,1.0
94.12,24.12,34.12,4.12,14.120000000000001,34.12,14.120000000000001,74.12,1.0
84.14,34.14,34.14,44.14,34.14,44.14,14.14,24.14,1.0
44.16,94.16,34.16,94.16,14.16,54.16,54.16,74.16,1.0
94.18,94.18,94.18,34.18,94.18,44.18,54.18,74.18,1.0
84.2,94.2,4.2,54.2,44.2,14.2,44.2,94.2,1.0
4.22,84.22,94.22,94.22,94.22,14.219999999999999,44.22,54.22,1.0
94.24,94.24,94.24,94.24,94.24,54.24,54.24,94.24,1.0
94.26,94.26,84.26,34.26,54.26,84.26,44.26,94.26,1.0
94.28,94.28,34.28,54.28,14.280000000000001,64.28,44.28,94.28,1.0
74.3,94.3,4.3,54.3,44.3,14.3,34.3,84.3,0.0
74.32,44.32,94.32,24.32,14.32,54.32,14.32,44.32,0.0
24.34,94.34,54.34,94.34,14.34,14.34,14.34,4.34,1.0
94.36,94.36,84.36,14.36,54.36,14.36,14.36,4.36,0.0
14.379999999999999,94.38,94.38,4.38,64.38,34.38,14.379999999999999,94.38,0.0
94.4,94.4,94.4,34.4,94.4,44.4,54.4,94.4,1.0
94.42,94.42,94.42,94.42,94.42,54.42,54.42,94.42,1.0
94.44,34.44,84.44,4.44,94.44,44.44,14.440000000000001,64.44,0.0
94.46,94.46,54.46,74.46,84.46,44.46,14.46,4.46,1.0
34.480000000000004,94.48,4.48,64.48,94.48,14.48,14.48,84.48,0.0
94.5,94.5,94.5,24.5,94.5,14.5,64.5,64.5,0.0
44.52,64.52,44.52,4.5200000000000005,54.52,94.52,14.52,94.52,0.0
4.54,54.54,94.54,94.54,44.54,44.54,14.54,54.54,0.0
54.56,34.56,94.56,54.56,74.56,14.56,44.56,64.56,0.0
44.58,54.58,94.58,4.58,14.58,44.58,44.58,84.58,0.0
94.6,4.6000000000000005,94.6,34.6,34.6,14.600000000000001,14.600000000000001,34.6,1.0
64.62,94.62,94.62,64.62,14.620000000000001,14.620000000000001,84.62,14.620000000000001,1.0
54.64,94.64,94.64,34.64,94.64,44.64,34.64,84.64,0.0
14.66,94.66,34.66,4.66,14.66,14.66,34.66,64.66,0.0
4.68,84.68,4.68,4.68,94.68,24.68,14.68,94.68,1.0
54.7,94.7,94.7,74.7,14.7,14.7,54.7,14.7,0.0
4.72,24.72,94.72,34.72,74.72,24.72,14.719999999999999,54.72,1.0
94.74,24.740000000000002,24.740000000000002,44.74,44.74,14.74,14.74,14.74,1.0
94.76,54.76,94.76,94.76,44.76,14.76,54.76,34.76,0.0
14.780000000000001,24.78,44.78,94.78,94.78,14.780000000000001,14.780000000000001,74.78,1.0
54.8,84.8,54.8,84.8,34.8,94.8,14.8,44.8,0.0
4.82,94.82,44.82,64.82,44.82,94.82,14.82,94.82,0.0
54.84,54.84,94.84,94.84,14.84,94.84,14.84,84.84,0.0
94.86,94.86,14.86,14.86,94.86,74.86,14.86,4.86,1.0
44.88,94.88,44.88,4.88,24.88,54.88,14.879999999999999,4.88,1.0
74.9,94.9,94.9,44.9,64.9,94.9,24.9,64.9,0.0
4.92,94.92,14.92,4.92,94.92,14.92,14.92,94.92,0.0
4.94,64.94,64.94,54.94,54.94,14.940000000000001,34.94,54.94,1.0
44.96,44.96,14.96,4.96,64.96,14.96,14.96,14.96,1.0
94.98,94.98,44.980000000000004,74.98,74.98,14.98,64.98,44.980000000000004,0.0
5.0,45.0,45.0,75.0,15.0,95.0,15.0,45.0,1.0
95.02,75.02,5.0200000000000005,55.02,15.02,95.02,15.02,95.02,0.0
55.04,25.04,35.04,5.04,15.04,65.04,15.04,95.04,1.0
5.0600000000000005,55.06,55.06,95.06,65.06,15.06,35.06,95.06,1.0
45.08,55.08,55.08,65.08,15.08,15.08,55.08,95.08,0.0
45.1,95.1,5.1000000000000005,45.1,15.100000000000001,15.100000000000001,15.100000000000001,45.1,0.0
65.12,95.12,95.12,65.12,65.12,15.120000000000001,95.12,55.12,0.0
45.14,95.14,95.14,95.14,95.14,15.14,85.14,95.14,0.0
5.16,35.16,95.16,35.16,75.16,15.16,15.16,55.16,0.0
55.18,15.18,95.18,95.18,15.18,15.18,15.18,65.18,0.0
95.2,45.2,55.2,65.2,65.2,15.2,35.2,15.2,1.0
75.22,55.22,95.22,55.22,15.219999999999999,15.219999999999999,95.22,95.22,1.0
45.24,55.24,15.24,5.24,55.24,15.24,15.24,25.240000000000002,0.0
95.26,95.26,15.26,95.26,95.26,15.26,15.26,35.26,0.0
95.28,95.28,5.28,65.28,15.280000000000001,15.280000000000001,15.280000000000001,5.28,1.0
5.3,55.3,95.3,45.3,55.3,55.3,15.3,95.3,0.0
25.32,95.32,15.32,55.32,15.32,95.32,15.32,55.32,0.0
95.34,65.34,95.34,95.34,85.34,95.34,15.34,75.34,0.0
95.36,45.36,25.36,35.36,15.36,45.36,15.36,95.36,1.0
55.38,95.38,5.38,95.38,25.38,95.38,15.379999999999999,95.38,0.0
5.4,75.4,95.4,45.4,45.4,15.4,45.4,45.4,0.0
95.42,95.42,55.42,25.42,95.42,15.42,55.42,15.42,1.0
5.44,95.44,95.44,75.44,45.44,95.44,15.440000000000001,35.44,0.0
55.46,15.46,95.46,5.46,65.46,15.46,15.46,55.46,0.0
25.48,95.48,95.48,5.48,85.48,85.48,15.48,45.480000000000004,1.0
45.5,95.5,45.5,95.5,35.5,55.5,35.5,95.5,1.0
95.52,35.52,15.52,55.52,55.52,15.52,15.52,25.52,0.0
35.54,95.54,95.54,5.54,85.54,95.54,15.54,55.54,1.0
65.56,35.56,95.56,55.56,15.56,45.56,15.56,95.56,0.0
95.58,15.58,5.58,95.58,95.58,15.58,15.58,45.58,1.0
5.6000000000000005,75.6,25.6,5.6000000000000005,45.6,45.6,15.600000000000001,95.6,0.0
95.62,35.62,45.62,5.62,95.62,15.620000000000001,15.620000000000001,5.62,1.0
5.64,65.64,95.64,95.64,15.64,25.64,95.64,95.64,0.0
5.66,35.66,55.66,95.66,75.66,15.66,15.66,95.66,0.0
5.68,95.68,85.68,95.68,95.68,15.68,35.68,65.68,0.0
95.7,95.7,95.7,5.7,55.7,45.7,55.7,95.7,0.0
35.72,5.72,95.72,5.72,15.719999999999999,15.719999999999999,15.719999999999999,95.72,0.0
95.74,45.74,35.74,95.74,35.74,15.74,55.74,85.74,1.0
25.759999999999998,95.76,55.76,95.76,25.759999999999998,15.76,95.76,65.76,0.0
95.78,55.78,85.78,5.78,55.78,85.78,15.780000000000001,65.78,0.0
95.8,45.8,95.8,5.8,95.8,15.8,55.8,95.8,0.0
55.82,95.82,95.82,65.82,15.82,75.82,15.82,15.82,0.0
45.84,95.84,45.84,95.84,35.84,55.84,25.84,85.84,0.0
55.86,95.86,45.86,45.86,25.86,15.86,75.86,35.86,0.0
95.88,95.88,5.88,25.88,65.88,65.88,15.879999999999999,25.88,1.0
95.9,15.9,95.9,45.9,35.9,15.9,15.9,35.9,0.0
85.92,95.92,95.92,25.92,15.92,15.92,95.92,55.92,0.0
65.94,45.94,65.94,95.94,95.94,15.940000000000001,35.94,95.94,0.0
5.96,15.96,95.96,5.96,25.96,15.96,15.96,45.96,1.0
95.98,95.98,95.98,95.98,95.98,55.980000000000004,45.980000000000004,75.98,0.0
96.0,96.0,56.0,6.0,16.0,16.0,46.0,16.0,1.0
16.02,96.02,96.02,26.02,16.02,66.02,46.02,96.02,0.0
96.04,96.04,66.04,26.04,36.04,96.04,36.04,96.04,1.0
46.06,96.06,96.06,96.06,16.060000000000002,56.06,86.06,96.06,1.0
16.08,76.08,96.08,6.08,16.08,16.08,26.08,16.08,0.0
6.1000000000000005,96.1,56.1,26.1,46.1,16.1,56.1,96.1,0.0
76.12,46.12,36.12,56.12,16.12,56.12,16.12,56.12,1.0
46.14,96.14,86.14,6.140000000000001,36.14,16.14,66.14,36.14,0.0
26.16,36.16,96.16,96.16,46.16,16.16,46.16,96.16,0.0
6.18,96.18,36.18,26.18,96.18,16.18,16.18,36.18,0.0
86.2,46.2,46.2,6.2,96.2,16.2,16.2,96.2,0.0
96.22,96.22,96.22,36.22,56.22,16.22,96.22,96.22,0.0
56.24,46.24,96.24,46.24,16.240000000000002,16.240000000000002,56.24,36.24,0.0
6.26,96.26,6.26,56.26,56.26,46.26,16.259999999999998,96.26,1.0
6.28,56.28,46.28,96.28,16.28,96.28,16.28,76.28,0.0
76.3,56.3,26.3,36.3,16.3,46.3,16.3,96.3,1.0
86.32,96.32,36.32,46.32,16.32,16.32,76.32,96.32,0.0
36.34,6.34,96.34,96.34,96.34,16.34,16.34,96.34,1.0
96.36,96.36,26.36,36.36,96.36,86.36,16.36,96.36,0.0
96.38,36.38,6.38,96.38,96.38,16.38,16.38,36.38,1.0
96.4,96.4,46.4,6.4,36.4,16.4,56.4,66.4,0.0
56.42,46.42,46.42,46.42,96.42,46.42,16.42,86.42,1.0
6.44,96.44,96.44,66.44,16.44,46.44,16.44,6.44,1.0
6.46,96.46,96.46,56.46,16.46,36.46,16.46,16.46,0.0
6.48,96.48,46.480000000000004,26.48,16.48,16.48,86.48,56.480000000000004,0.0
6.5,96.5,96.5,26.5,56.5,16.5,96.5,56.5,1.0
96.52,96.52,46.52,56.52,16.52,66.52,36.52,96.52,1.0
96.54,96.54,96.54,76.54,26.54,16.54,96.54,26.54,0.0
96.56,56.56,46.56,96.56,46.56,16.560000000000002,56.56,76.56,0.0
36.58,96.58,6.58,86.58,16.58,16.58,66.58,56.58,1.0
96.6,96.6,6.6000000000000005,16.6,46.6,96.6,16.6,66.6,1.0
6.62,86.62,96.62,16.62,96.62,16.62,66.62,96.62,1.0
36.64,56.64,96.64,66.64,96.64,36.64,16.64,36.64,0.0
96.66,46.66,66.66,46.66,86.66,16.66,56.66,36.66,1.0
6.68,96.68,96.68,6.68,16.68,16.68,96.68,96.68,0.0
16.7,96.7,96.7,6.7,96.7,16.7,66.7,96.7,1.0
46.72,96.72,6.72,16.72,16.72,16.72,56.72,96.72,1.0
96.74,46.74,46.74,6.74,96.74,16.740000000000002,16.740000000000002,6.74,1.0
36.76,96.76,56.76,6.76,96.76,16.759999999999998,46.76,96.76,0.0
66.78,96.78,66.78,96.78,46.78,46.78,16.78,26.78,0.0
46.8,96.8,56.8,6.8,16.8,56.8,16.8,16.8,0.0
96.82,36.82,86.82,6.82,16.82,16.82,46.82,36.82,0.0
46.84,96.84,96.84,96.84,16.84,46.84,86.84,86.84,0.0
96.86,96.86,96.86,96.86,36.86,66.86,46.86,96.86,0.0
6.88,36.88,26.88,36.88,16.88,56.88,16.88,96.88,1.0
96.9,96.9,6.9,36.9,56.9,66.9,16.9,46.9,1.0
96.92,96.92,46.92,66.92,46.92,46.92,36.92,76.92,0.0
96.94,96.94,66.94,96.94,96.94,16.94,96.94,96.94,0.0
36.96,96.96,96.96,86.96,96.96,56.96,36.96,96.96,1.0
96.98,96.98,16.98,26.98,46.980000000000004,86.98,16.98,56.980000000000004,1.0
17.0,97.0,7.0,57.0,47.0,37.0,17.0,97.0,0.0
77.02,97.02,17.02,57.02,97.02,47.02,17.02,57.02,0.0
37.04,97.04,97.04,97.04,17.04,97.04,37.04,57.04,0.0
57.06,97.06,97.06,47.06,67.06,57.06,17.060000000000002,17.060000000000002,0.0
97.08,17.08,27.08,97.08,97.08,17.08,17.08,57.08,1.0
97.1,97.1,47.1,37.1,37.1,97.1,27.1,97.1,1.0
57.12,57.12,37.12,47.12,57.12,17.12,37.12,47.12,0.0
97.14,97.14,67.14,27.14,37.14,97.14,27.14,97.14,1.0
97.16,97.16,97.16,77.16,27.16,47.16,47.16,27.16,1.0
47.18,57.18,47.18,47.18,97.18,37.18,17.18,77.18,0.0
97.2,57.2,97.2,67.2,17.2,17.2,97.2,67.2,1.0
97.22,97.22,97.22,7.22,47.22,57.22,47.22,27.22,1.0
97.24,97.24,87.24,27.240000000000002,57.24,97.24,17.240000000000002,17.240000000000002,1.0
7.26,97.26,57.26,7.26,67.26,17.259999999999998,57.26,17.259999999999998,1.0
97.28,57.28,97.28,67.28,17.28,47.28,37.28,57.28,0.0
27.3,47.3,57.3,97.3,47.3,17.3,17.3,27.3,0.0
37.32,97.32,97.32,97.32,87.32,47.32,37.32,97.32,0.0
97.34,67.34,57.34,7.34,17.34,37.34,17.34,7.34,1.0
97.36,37.36,97.36,57.36,97.36,57.36,17.36,67.36,1.0
97.38,97.38,97.38,27.38,97.38,17.38,47.38,7.38,1.0
7.4,97.4,97.4,37.4,47.4,57.4,17.4,57.4,0.0
57.42,77.42,97.42,57.42,47.42,57.42,37.42,97.42,0.0
97.44,87.44,47.44,27.44,97.44,17.44,47.44,27.44,0.0
97.46,57.46,97.46,97.46,67.46,37.46,37.46,97.46,0.0
7.48,47.480000000000004,57.480000000000004,7.48,17.48,97.48,17.48,67.48,1.0
7.5,27.5,27.5,7.5,17.5,17.5,17.5,97.5,0.0
7.5200000000000005,97.52,97.52,77.52,47.52,17.52,97.52,47.52,1.0
97.54,47.54,97.54,57.54,97.54,37.54,27.54,67.54,0.0
97.56,57.56,37.56,97.56,97.56,47.56,17.560000000000002,97.56,0.0
47.58,97.58,47.58,37.58,17.58,47.58,37.58,97.58,0.0
7.6000000000000005,67.6,97.6,37.6,77.6,17.6,47.6,97.6,1.0
97.62,97.62,57.62,37.62,17.62,87.62,27.62,97.62,0.0
67.64,57.64,37.64,57.64,17.64,47.64,17.64,67.64,0.0
97.66,97.66,37.66,97.66,37.66,17.66,97.66,97.66,1.0
67.68,97.68,7.68,17.68,17.68,97.68,17.68,67.68,0.0
47.7,67.7,97.7,77.7,47.7,17.7,97.7,97.7,0.0
37.72,47.72,67.72,57.72,17.72,77.72,17.72,47.72,0.0
27.740000000000002,97.74,97.74,97.74,47.74,17.740000000000002,77.74,37.74,0.0
57.76,97.76,97.76,37.76,97.76,17.759999999999998,87.76,97.76,0.0
97.78,67.78,97.78,47.78,17.78,17.78,17.78,17.78,0.0
97.8,97.8,7.8,87.8,47.8,17.8,17.8,7.8,1.0
47.82,97.82,57.82,7.82,97.82,47.82,17.82,57.82,0.0
27.84,97.84,97.84,97.84,97.84,37.84,17.84,7.84,1.0
97.86,57.86,97.86,77.86,97.86,17.86,17.86,7.86,0.0
17.88,37.88,97.88,97.88,17.88,57.88,17.88,97.88,0.0
97.9,17.9,7.9,97.9,57.9,17.9,17.9,87.9,1.0
27.92,67.92,97.92,47.92,47.92,97.92,17.92,67.92,0.0
47.94,77.94,97.94,57.94,97.94,87.94,17.94,97.94,0.0
37.96,47.96,57.96,27.96,37.96,47.96,17.96,97.96,0.0
57.980000000000004,27.98,47.980000000000004,97.98,17.98,17.98,17.98,97.98,0.0
98.0,38.0,78.0,8.0,18.0,88.0,88.0,98.0,1.0
98.02,8.02,18.02,8.02,18.02,18.02,38.019999999999996,98.02,1.0
8.040000000000001,48.04,98.04,98.04,78.04,68.04,18.04,98.04,1.0
98.06,98.06,38.06,68.06,98.06,28.060000000000002,38.06,98.06,0.0
48.08,98.08,58.08,98.08,18.08,68.08,78.08,38.08,1.0
38.1,68.1,8.1,98.1,28.1,18.1,48.1,68.1,1.0
88.12,98.12,98.12,38.120000000000005,18.12,58.120000000000005,48.120000000000005,28.12,1.0
28.14,98.14,48.14,98.14,98.14,18.14,18.14,18.14,0.0
28.16,98.16,8.16,98.16,18.16,18.16,48.16,58.16,1.0
38.18,98.18,98.18,18.18,68.18,98.18,28.18,98.18,1.0
38.2,98.2,98.2,18.2,68.2,98.2,28.2,98.2,1.0
98.22,98.22,58.22,98.22,18.22,18.22,48.22,98.22,0.0
98.24,98.24,18.240000000000002,98.24,98.24,88.24,18.240000000000002,78.24,1.0
48.26,98.26,98.26,8.26,58.26,98.26,48.26,98.26,1.0
98.28,98.28,18.28,98.28,98.28,88.28,18.28,98.28,1.0
38.3,68.3,8.3,98.3,18.3,38.3,18.3,58.3,1.0
18.32,68.32,38.32,98.32,38.32,18.32,28.32,98.32,0.0
8.34,98.34,68.34,78.34,58.34,48.34,18.34,98.34,0.0
88.36,98.36,48.36,98.36,88.36,48.36,28.36,58.36,0.0
8.38,68.38,98.38,28.380000000000003,98.38,18.380000000000003,38.38,98.38,0.0
98.4,98.4,78.4,48.4,98.4,58.4,38.4,48.4,1.0
98.42,18.42,8.42,98.42,18.42,18.42,18.42,48.42,1.0
78.44,58.44,98.44,58.44,28.439999999999998,98.44,18.439999999999998,38.44,0.0
78.46000000000001,58.46,98.46000000000001,8.46,58.46,28.46,38.46,58.46,0.0
98.48,98.48,98.48,68.48,68.48,48.480000000000004,38.480000000000004,38.480000000000004,0.0
88.5,48.5,58.5,98.5,18.5,88.5,18.5,58.5,0.0
98.52,68.52,98.52,8.52,18.52,78.52,28.52,98.52,1.0
8.540000000000001,48.54,98.54,98.54,78.54,58.54,18.54,98.54,1.0
48.56,68.56,98.56,98.56,98.56,18.560000000000002,48.56,58.56,0.0
98.58,28.58,38.58,98.58,98.58,18.58,18.58,58.58,0.0
38.6,98.6,98.6,18.6,68.6,98.6,18.6,98.6,0.0
8.620000000000001,98.62,58.620000000000005,8.620000000000001,58.620000000000005,18.62,48.620000000000005,38.620000000000005,1.0
38.64,98.64,48.64,78.64,48.64,18.64,38.64,48.64,0.0
98.66,98.66,98.66,58.66,98.66,98.66,28.66,98.66,0.0
18.68,18.68,98.68,58.68,18.68,18.68,28.68,48.68,0.0
98.7,98.7,8.700000000000001,98.7,18.700000000000003,38.7,28.700000000000003,98.7,1.0
98.72,98.72,88.72,68.72,58.72,98.72,18.72,18.72,1.0
98.74,98.74,98.74,98.74,98.74,18.740000000000002,98.74,48.74,0.0
98.76,98.76,68.76,8.76,98.76,48.76,38.76,78.76,1.0
8.78,58.78,58.78,8.78,48.78,28.78,18.78,58.78,1.0
8.8,68.8,58.8,28.8,58.8,28.8,18.8,58.8,1.0
8.82,98.82,98.82,98.82,98.82,28.82,18.82,8.82,0.0
58.84,98.84,68.84,68.84,38.84,28.84,68.84,98.84,0.0
98.86,98.86,88.86,88.86,18.86,58.86,78.86,58.86,1.0
98.88,68.88,68.88,18.880000000000003,18.880000000000003,48.88,28.880000000000003,78.88,0.0
18.9,98.9,98.9,38.9,58.9,18.9,98.9,98.9,1.0
98.92,18.92,98.92,98.92,98.92,28.92,18.92,88.92,0.0
48.94,78.94,28.939999999999998,8.94,88.94,48.94,18.939999999999998,98.94,1.0
98.96000000000001,98.96000000000001,68.96000000000001,18.96,98.96000000000001,48.96,38.96,98.96000000000001,0.0
8.98,48.980000000000004,98.98,98.98,18.98,88.98,18.98,38.980000000000004,1.0
49.0,99.0,99.0,9.0,99.0,19.0,39.0,39.0,0.0
9.02,39.019999999999996,99.02,9.02,49.019999999999996,19.02,19.02,99.02,0.0
99.04,99.04,69.04,79.04,99.04,39.04,19.04,9.040000000000001,0.0
19.060000000000002,99.06,99.06,99.06,19.060000000000002,39.06,39.06,49.06,0.0
99.08,69.08,99.08,99.08,49.08,69.08,19.08,39.08,0.0
99.1,99.1,99.1,9.1,39.1,89.1,29.1,99.1,0.0
49.120000000000005,79.12,29.12,9.120000000000001,79.12,49.120000000000005,19.12,99.12,1.0
69.14,99.14,79.14,99.14,99.14,89.14,19.14,99.14,0.0
9.16,99.16,99.16,69.16,29.16,99.16,39.16,99.16,0.0
99.18,99.18,99.18,59.18,69.18,49.18,59.18,99.18,0.0
59.2,39.2,99.2,29.200000000000003,99.2,39.2,19.200000000000003,99.2,0.0
69.22,99.22,99.22,99.22,59.22,99.22,29.22,59.22,0.0
9.24,99.24,99.24,19.240000000000002,59.24,29.240000000000002,19.240000000000002,9.24,0.0
49.26,69.26,59.26,59.26,59.26,99.26,19.259999999999998,99.26,0.0
99.28,59.28,99.28,29.28,69.28,59.28,29.28,99.28,0.0
69.3,99.3,69.3,9.3,19.3,19.3,89.3,99.3,0.0
99.32,99.32,9.32,79.32,19.32,39.32,19.32,99.32,0.0
19.34,69.34,39.34,49.34,29.34,19.34,19.34,59.34,0.0
99.36,39.36,39.36,19.36,19.36,19.36,19.36,99.36,0.0
19.380000000000003,99.38,9.38,99.38,19.380000000000003,19.380000000000003,39.38,59.38,0.0
79.4,69.4,59.4,59.4,69.4,19.4,29.4,9.4,1.0
49.42,59.42,89.42,89.42,59.42,69.42,19.42,49.42,0.0
59.44,69.44,59.44,9.44,79.44,49.44,19.439999999999998,99.44,0.0
9.46,99.46000000000001,49.46,99.46000000000001,29.46,19.46,19.46,19.46,0.0
39.480000000000004,49.480000000000004,99.48,9.48,99.48,19.48,19.48,39.480000000000004,0.0
39.5,19.5,99.5,99.5,89.5,19.5,19.5,99.5,0.0
99.52,39.519999999999996,99.52,49.519999999999996,59.519999999999996,59.519999999999996,19.52,39.519999999999996,0.0
9.540000000000001,59.54,69.54,9.540000000000001,59.54,19.54,19.54,29.54,0.0
99.56,39.56,99.56,99.56,29.560000000000002,69.56,19.560000000000002,99.56,0.0
49.58,99.58,59.58,9.58,19.58,99.58,39.58,99.58,1.0
99.6,99.6,59.6,9.6,59.6,49.6,29.6,49.6,0.0
99.62,99.62,99.62,99.62,19.62,39.620000000000005,59.620000000000005,49.620000000000005,0.0
99.64,99.64,29.64,89.64,99.64,79.64,19.64,99.64,1.0
29.66,99.66,49.66,49.66,39.66,59.66,19.66,59.66,0.0
49.68,49.68,99.68,99.68,69.68,19.68,19.68,9.68,0.0
99.7,79.7,89.7,49.7,99.7,79.7,19.700000000000003,39.7,1.0
9.72,99.72,39.72,99.72,19.72,99.72,19.72,9.72,1.0
99.74,99.74,99.74,79.74,19.740000000000002,49.74,19.740000000000002,19.740000000000002,0.0
99.76,39.76,99.76,99.76,99.76,19.759999999999998,49.76,49.76,1.0
99.78,99.78,59.78,99.78,49.78,99.78,19.78,29.78,1.0
99.8,59.8,99.8,59.8,29.8,19.8,79.8,69.8,0.0
19.82,99.82,39.82,99.82,99.82,19.82,29.82,99.82,0.0
99.84,99.84,49.84,69.84,19.84,99.84,19.84,39.84,0.0
49.86,49.86,69.86,99.86,49.86,19.86,49.86,59.86,0.0
49.88,99.88,99.88,9.88,39.88,79.88,19.880000000000003,39.88,0.0
59.9,29.9,89.9,9.9,59.9,19.9,39.9,99.9,1.0
39.92,29.92,99.92,9.92,19.92,19.92,19.92,29.92,0.0
39.94,69.94,79.94,59.94,79.94,19.939999999999998,59.94,99.94,0.0
99.96000000000001,69.96000000000001,99.96000000000001,9.96,39.96,69.96000000000001,19.96,19.96,0.0
